   1  -0.464285039255090933639706584212  -0.464285039255090933639706584212
   2  -0.340564786054069934163775339897  -0.464285039255090933639706584212
   3  -0.216844532853048934687844095582  -0.464285039255090933639706584212
   4  -0.093124279652027935211912851267  -0.464285039255090933639706584212
   5   0.030595973548993064264018393048  -0.464285039255090933639706584212
   6   0.154316226750014063739949637363  -0.464285039255090933639706584212
   7   0.278036479951035063215880881678  -0.464285039255090933639706584212
   8   0.401770300716416425496217224348  -0.464285039255090933639706584212
   9   0.464285003540130188730640223918  -0.428624692022950640822137254881
  10   0.339903390333725744356049053013  -0.428581830943488147278093772462
  11  -0.402424912654580433901740962054  -0.428570078510181867279413168423
  12  -0.278704659453559434425809717739  -0.428570078510181867279413168423
  13  -0.154984406252538434949878473424  -0.428570078510181867279413168423
  14  -0.031264153051517435473947229109  -0.428570078510181867279413168423
  15   0.092456100149503564001984015206  -0.428570078510181867279413168423
  16   0.216176353350524563477915259521  -0.428570078510181867279413168423
  17   0.402415687688717046087523121035  -0.392858033440080271615818623779
  18  -0.464285039255090933639706584212  -0.392855117765272800919119752634
  19  -0.340564786054069934163775339897  -0.392855117765272800919119752634
  20  -0.216844532853048934687844095582  -0.392855117765272800919119752634
  21  -0.093124279652027935211912851267  -0.392855117765272800919119752634
  22   0.030595973548993064264018393048  -0.392855117765272800919119752634
  23   0.154316226750014063739949637363  -0.392855117765272800919119752634
  24   0.278040051447109554122516911020  -0.392855117765272800919119752634
  25   0.464285039255090933639706584212  -0.357159055572387599035190129888
  26   0.339910192962927614268986362238  -0.357151909777594241253293665998
  27  -0.402424912654580433901740962054  -0.357140157020363734558826336846
  28  -0.278704659453559434425809717739  -0.357140157020363734558826336846
  29  -0.154984406252538434949878473424  -0.357140157020363734558826336846
  30  -0.031264153051517435473947229109  -0.357140157020363734558826336846
  31   0.092456100149503564001984015206  -0.357140157020363734558826336846
  32   0.216176353350524563477915259521  -0.357140157020363734558826336846
  33   0.401766918155266826402670194149  -0.321431058268692472790322311754
  34  -0.464285039255090933639706584212  -0.321425196275454668198532921057
  35  -0.340564786054069934163775339897  -0.321425196275454668198532921057
  36  -0.216844532853048934687844095582  -0.321425196275454668198532921057
  37  -0.093124279652027935211912851267  -0.321425196275454668198532921057
  38   0.030595973548993064264018393048  -0.321425196275454668198532921057
  39   0.154316226750014063739949637363  -0.321425196275454668198532921057
  40   0.278036479951035063215880881678  -0.321425196275454668198532921057
  41   0.464273422348709338129842111328  -0.285729135027219215022182560578
  42   0.339903390707576591796380018380  -0.285721988611664732517917883036
  43  -0.402424912654580433901740962054  -0.285710235530545601838239505269
  44  -0.278704659453559434425809717739  -0.285710235530545601838239505269
  45  -0.154984406252538434949878473424  -0.285710235530545601838239505269
  46  -0.031264153051517435473947229109  -0.285710235530545601838239505269
  47   0.092456100149503564001984015206  -0.285710235530545601838239505269
  48   0.216176353350524563477915259521  -0.285710235530545601838239505269
  49   0.402419105019480316206158555913  -0.250004114218595175742143845677
  50  -0.464285039255090933639706584212  -0.249995274785636535477946089480
  51  -0.340564786054069934163775339897  -0.249995274785636535477946089480
  52  -0.216844532853048934687844095582  -0.249995274785636535477946089480
  53  -0.093124279652027935211912851267  -0.249995274785636535477946089480
  54   0.030595973548993064264018393048  -0.249995274785636535477946089480
  55   0.154316226750014063739949637363  -0.249995274785636535477946089480
  56   0.278036479951035063215880881678  -0.249995274785636535477946089480
  57   0.464285039255090933639706584212  -0.214299214482050831009174991268
  58   0.339903390707576591796380018380  -0.214292067121846599797331051459
  59  -0.402424912654580433901740962054  -0.214280314040727469117652673692
  60  -0.278704659453559434425809717739  -0.214280314040727469117652673692
  61  -0.154984406252538434949878473424  -0.214280314040727469117652673692
  62  -0.031264153051517435473947229109  -0.214280314040727469117652673692
  63   0.092456100149503564001984015206  -0.214280314040727469117652673692
  64   0.216176353350524563477915259521  -0.214280314040727469117652673692
  65   0.401763571824125829970142589631  -0.178577200801652885010188858024
  66  -0.464285039255090933639706584212  -0.178565353295818402757359257903
  67  -0.340564786054069934163775339897  -0.178565353295818402757359257903
  68  -0.216844532853048934687844095582  -0.178565353295818402757359257903
  69  -0.093124279652027935211912851267  -0.178565353295818402757359257903
  70   0.030595973548993064264018393048  -0.178565353295818402757359257903
  71   0.154316226750014063739949637363  -0.178565353295818402757359257903
  72   0.278036479951035063215880881678  -0.178565353295818402757359257903
  73   0.464280405482721846834995849388  -0.142869293142532782225843536250
  74   0.339903390707576591796380018380  -0.142862145632028467076744219882
  75  -0.402424912654580433901740962054  -0.142850392550909336397065842115
  76  -0.278704659453559434425809717739  -0.142850392550909336397065842115
  77  -0.154984406252538434949878473424  -0.142850392550909336397065842115
  78  -0.031264153051517435473947229109  -0.142850392550909336397065842115
  79   0.092456100149503564001984015206  -0.142850392550909336397065842115
  80   0.216176353350524563477915259521  -0.142850392550909336397065842115
  81   0.402422595898559581379982203294  -0.107150319508186774259259594733
  82  -0.464285039255090933639706584212  -0.107135431806000270036772426326
  83  -0.340564786054069934163775339897  -0.107135431806000270036772426326
  84  -0.216844532853048934687844095582  -0.107135431806000270036772426326
  85  -0.093124279652027935211912851267  -0.107135431806000270036772426326
  86   0.030595973548993064264018393048  -0.107135431806000270036772426326
  87   0.154316226750014063739949637363  -0.107135431806000270036772426326
  88   0.278036479951035063215880881678  -0.107135431806000270036772426326
  89   0.464285039255090933639706584212  -0.071439371803014733442512081233
  90   0.340562414782010343206219632043  -0.071435264338562356325814956591
  91  -0.402424912654580433901740962054  -0.071420471061091203676479010538
  92  -0.278704659453559434425809717739  -0.071420471061091203676479010538
  93  -0.154984406252538434949878473424  -0.071420471061091203676479010538
  94  -0.031264153051517435473947229109  -0.071420471061091203676479010538
  95   0.092456100149503564001984015206  -0.071420471061091203676479010538
  96   0.216176353350524563477915259521  -0.071420471061091203676479010538
  97   0.402422595898559581379982203294  -0.035720398018368641538672763156
  98   0.278695504025468814625720495340  -0.035708550512534159285843163036
  99  -0.464285039255090933639706584212  -0.035705510316182137316185594749
 100  -0.340564786054069934163775339897  -0.035705510316182137316185594749
 101  -0.216844532853048934687844095582  -0.035705510316182137316185594749
 102  -0.093124279652027935211912851267  -0.035705510316182137316185594749
 103   0.030595973548993064264018393048  -0.035705510316182137316185594749
 104   0.154316226750014063739949637363  -0.035705510316182137316185594749
 105   0.464285039255090933639706584212  -0.000009450313196600721925249656
 106   0.340562414782010343206219632043  -0.000005342848744223605228125014
 107  -0.402424912654580433901740962054   0.000009450428726929044107821040
 108  -0.278704659453559434425809717739   0.000009450428726929044107821040
 109  -0.154984406252538434949878473424   0.000009450428726929044107821040
 110  -0.031264153051517435473947229109   0.000009450428726929044107821040
 111   0.092456100149503564001984015206   0.000009450428726929044107821040
 112   0.216176353350524563477915259521   0.000009450428726929044107821040
 113   0.402422595898559581379982203294   0.035709523471449491181914068421
 114   0.278039971523013965585554084483   0.035718362910767337681223288894
 115  -0.464285039255090933639706584212   0.035724411173635995404401236828
 116  -0.340564786054069934163775339897   0.035724411173635995404401236828
 117  -0.216844532853048934687844095582   0.035724411173635995404401236828
 118  -0.093124279652027935211912851267   0.035724411173635995404401236828
 119   0.030595973548993064264018393048   0.035724411173635995404401236828
 120   0.154316226750014063739949637363   0.035724411173635995404401236828
 121   0.464285039255090933639706584212   0.071420471176621531998661581921
 122   0.340015841599493845247513272911   0.071422487454280773684384894289
 123  -0.402424912654580433901740962054   0.071439371918545061764694652617
 124  -0.278704659453559434425809717739   0.071439371918545061764694652617
 125  -0.154984406252538434949878473424   0.071439371918545061764694652617
 126  -0.031264153051517435473947229109   0.071439371918545061764694652617
 127   0.092456100149503564001984015206   0.071439371918545061764694652617
 128   0.216179924846599054384551288862   0.071439371918545061764694652617
 129   0.401888361201050471408954638598   0.107137447124104827477562744083
 130   0.278161912430557340832320077520   0.107148180315382406367570021349
 131  -0.464285039255090933639706584212   0.107154332663454128124988068405
 132  -0.340564786054069934163775339897   0.107154332663454128124988068405
 133  -0.216844532853048934687844095582   0.107154332663454128124988068405
 134  -0.093124279652027935211912851267   0.107154332663454128124988068405
 135   0.030595973548993064264018393048   0.107154332663454128124988068405
 136   0.154316226750014063739949637363   0.107154332663454128124988068405
 137   0.464285039255090933639706584212   0.142850392666439664719248413498
 138   0.340028234600539971670989016441   0.142852407869013893837856159872
 139  -0.402424912654580433901740962054   0.142869293408363194485281484194
 140  -0.278704659453559434425809717739   0.142869293408363194485281484194
 141  -0.154984406252538434949878473424   0.142869293408363194485281484194
 142  -0.031264153051517435473947229109   0.142869293408363194485281484194
 143   0.092456100149503564001984015206   0.142869293408363194485281484194
 144   0.216176353350524563477915259521   0.142869293408363194485281484194
 145   0.402424912654580433901740962054   0.178565353411348731079541829287
 146   0.278040091564422064625381390638   0.178577997924824447698957522134
 147  -0.464285039255090933639706584212   0.178584254153272260845574899982
 148  -0.340564786054069934163775339897   0.178584254153272260845574899982
 149  -0.216844532853048934687844095582   0.178584254153272260845574899982
 150  -0.093124279652027935211912851267   0.178584254153272260845574899982
 151   0.030595973548993064264018393048   0.178584254153272260845574899982
 152   0.154316226750014063739949637363   0.178584254153272260845574899982
 153   0.340564786054069934163775339897   0.214280314156257797439835245075
 154   0.464285039255090933639706584212   0.214280314156257797439835245075
 155  -0.402424912654580433901740962054   0.214299214898181327205868315771
 156  -0.278704659453559434425809717739   0.214299214898181327205868315771
 157  -0.154984406252538434949878473424   0.214299214898181327205868315771
 158  -0.031264153051517435473947229109   0.214299214898181327205868315771
 159   0.092456100149503564001984015206   0.214299214898181327205868315771
 160   0.216179924846599054384551288862   0.214299214898181327205868315771
 161   0.402424912654580433901740962054   0.249995274901166863800128660864
 162   0.278699115391176626298308050271   0.250004879220575783776009211665
 163  -0.464285039255090933639706584212   0.250014175643090393566161731559
 164  -0.340564786054069934163775339897   0.250014175643090393566161731559
 165  -0.216844532853048934687844095582   0.250014175643090393566161731559
 166  -0.093124279652027935211912851267   0.250014175643090393566161731559
 167   0.030595973548993064264018393048   0.250014175643090393566161731559
 168   0.154316226750014063739949637363   0.250014175643090393566161731559
 169   0.340564786054069934163775339897   0.285710235646075930160422076652
 170   0.464285039255090933639706584212   0.285710235646075930160422076652
 171  -0.402424912654580433901740962054   0.285729136387999459926455147348
 172  -0.278704659453559434425809717739   0.285729136387999459926455147348
 173  -0.154984406252538434949878473424   0.285729136387999459926455147348
 174  -0.031264153051517435473947229109   0.285729136387999459926455147348
 175   0.092456100149503564001984015206   0.285729136387999459926455147348
 176   0.216176353350524563477915259521   0.285729136387999459926455147348
 177   0.402424912654580433901740962054   0.321425196390984996520715492441
 178   0.278043582322632152755163945729   0.321431792638681895829728280342
 179  -0.464285039255090933639706584212   0.321444097132908526286748563136
 180  -0.340564786054069934163775339897   0.321444097132908526286748563136
 181  -0.216844532853048934687844095582   0.321444097132908526286748563136
 182  -0.093124279652027935211912851267   0.321444097132908526286748563136
 183   0.030595973548993064264018393048   0.321444097132908526286748563136
 184   0.154316226750014063739949637363   0.321444097132908526286748563136
 185   0.340564786054069934163775339897   0.357140157135894062881008908230
 186   0.464285039255090933639706584212   0.357140157135894062881008908230
 187  -0.154984406252538434949878473424   0.357159057877817592647041978925
 188   0.216176919763114020595068650622   0.357164262329468401761223100939
 189  -0.402404292612380263735161640180   0.357194772838562501713402272341
 190   0.092148222488125868063813821715   0.357687087276888188251429190574
 191  -0.276230700353387513106428347248   0.361136877253017426133745254044
 192  -0.033781022023700100283353149542   0.361201001666580316130849987485
 193   0.402424912654580433901740962054   0.392855117880803129241302324018
 194   0.278706690849044980664301792737   0.392858636129933704730919095631
 195  -0.340223195113064912223563631150   0.392873201842897756227639297705
 196   0.154310217020929178293813431109   0.392874018369913531228798224858
 197  -0.464285039255090933639706584212   0.392874018622726659007335394713
 198   0.030123145168734789934371029686   0.393114809015170213418465030805
 199  -0.214370573752877013368462725091   0.396851837997926492494038669832
 200  -0.095641148624210600021318771699   0.396915962411489382491143403274
 201   0.464285003540130188730640223918   0.428570435775319644692259342741
 202   0.340209291739066200330436669034   0.429185812841100557639426905742
 203   0.215332424826897563780695760359   0.430002495830304946129844612637
 204  -0.396905115966666716610038624221   0.436340356481631623831706781552
 205   0.086856315783647842164320662302   0.436515051364963013351303886442
 206  -0.260990251391971892655453132904   0.450970590208860358326324873824
 207  -0.049168380759451559922249411709   0.451160920988575620118497916010
 208  -0.462641927486030118008489108263   0.464285039255090933639706584212
 209  -0.331168304447303315211588140179   0.464285039255090933639706584212
 210  -0.190812198336640470099318125629   0.464285039255090933639706584212
 211  -0.119382276846822337378731294052   0.464285039255090933639706584212
 212   0.021045515327919217534232470634   0.464285039255090933639706584212
 213   0.152667116239376466794408853970   0.464285039255090933639706584212
 214   0.277997733414418660766982666747   0.464285039255090933639706584212
 215   0.402420850063713739893890671321   0.464285039255090933639706584212
