   1  -0.116680422138775403000000000000  -0.465267978972911816000000000000
   2   0.022247662070409805110732726527  -0.465267978951399544310253003954
   3  -0.047216380041574491626573931893  -0.465267978943877266680290051538
   4   0.161175746318715556000000000000  -0.465267978933354380000000000000
   5  -0.255608512586162988000000000000  -0.465267978914245118000000000000
   6  -0.325712991453810450000000000000  -0.465267978823977666000000000000
   7  -0.395509899015179090000000000000  -0.465267978822969148000000000000
   8   0.230639788678882192000000000000  -0.465267978700089572000000000000
   9  -0.186144470474653798000000000000  -0.465267978644411036000000000000
  10  -0.465267978685433609000000000000  -0.465267978628598672000000000000
  11   0.300103835320783426000000000000  -0.465267978605965882000000000000
  12   0.091711704197438656100000000000  -0.465267978567221608000000000000
  13   0.439032144209600504000000000000  -0.465267956086422006000000000000
  14   0.369567886406653279000000000000  -0.465267921669170228000000000000
  15  -0.290660750390632320288463009678  -0.405296370893856274708408592838
  16  -0.360611445718219448535576931199  -0.405206750778720995244422582765
  17  -0.430388938260661802712643130368  -0.405195474436335814640147394597
  18  -0.151412445402679358255819594908  -0.405110355159978409528932060647
  19  -0.081948401159137602205696449401  -0.405110353827368545053928605808
  20  -0.012484359061936690882758849310  -0.405110353738727295122051496219
  21   0.056979683035264220174262252424  -0.405110353527065912574273576607
  22  -0.220895275736445580302038429806  -0.405099512588947669617410707216
  23   0.187411809873812927386142767828  -0.400949069477194574546111165902
  24   0.256875852006888780000000000000  -0.400949068711117508000000000000
  25   0.326339894177725108000000000000  -0.400949063272480930000000000000
  26   0.395803936345814277000000000000  -0.400948961355765920000000000000
  27   0.465267978690686004000000000000  -0.400948913631344860000000000000
  28   0.121435918238662982267554064444  -0.379213502601020125632339701803
  29  -0.325559202509052485229341852952  -0.345235142266562693125515542241
  30  -0.395490485057040996000000000000  -0.345134246294008480000000000000
  31  -0.255947579126878134035769812161  -0.345127864777039085171778224523
  32  -0.465267978477312403000000000000  -0.345122970586409234000000000000
  33  -0.186144472115261038161653144317  -0.344952733327131250280888170426
  34  -0.116680424311658412804867600607  -0.344952729936339913737809429327
  35   0.022247660004077773421282477346  -0.344952727400680868923028854296
  36  -0.047216382108167692960344572635  -0.344952727208049259771209819935
  37   0.222143829672368880000000000000  -0.340791443624094784000000000000
  38   0.291607896647490872000000000000  -0.340791423873189182000000000000
  39   0.361071986304709413000000000000  -0.340791247751236698000000000000
  40   0.430536329622156437000000000000  -0.340791049247225212000000000000
  41   0.086703895493526951500000000000  -0.319055877146248692000000000000
  42   0.156167937569106411000000000000  -0.319055876491775534000000000000
  43  -0.360438242371221868412660766802  -0.285162638390451133738388170220
  44  -0.290846035367090833314536288301  -0.285066635145331357252314887201
  45  -0.430369525196519409753136852240  -0.285061742532688189765952628016
  46  -0.221196708266240364040701496940  -0.284981124347059518613858111815
  47  -0.151412451103533109003946717901  -0.284795108146216878845342548903
  48  -0.012484366747899685480120089159  -0.284795098509985872694306353780
  49  -0.081948408879099924965049940809  -0.284795093522719823853421324175
  50   0.256875846471481941844303000112  -0.280633815524540014557803387757
  51   0.395803932189652071000000000000  -0.280633560029862946000000000000
  52   0.326339889782838374401114703164  -0.280633446801714457002019135135
  53   0.465267977238877687000000000000  -0.280633011759286014000000000000
  54   0.051971870606424896093608806193  -0.258898252846311710719650980883
  55   0.190899954921501963634532318164  -0.258898248239726540228967841056
  56   0.121435912754576483248223372136  -0.258898225691907420686840317194
  57  -0.395317283881504938122848821530  -0.225090135464356478546901852960
  58  -0.465267978934399790740635831030  -0.225000514807056326467681308583
  59  -0.325725077929866761831666068574  -0.224994130181848801658183732924
  60  -0.256095160015968957825680010529  -0.224919895509658789434618288132
  61  -0.186464684820306890323764481397  -0.224823497729734250473302165683
  62  -0.116699283797362044731118801111  -0.224626601704687738899899935666
  63  -0.047235237962169123000000000000  -0.224626577397228114000000000000
  64   0.361072083885256320000000000000  -0.220475822258217360000000000000
  65   0.430536131451180717000000000000  -0.220475223742602288000000000000
  66   0.291596168703382239064439262222  -0.220469437561774156922135596850
  67   0.017228100400077130575675791495  -0.198747412581872959272768631642
  68   0.225620266570759174211442821461  -0.198733864189163529249902484272
  69   0.086692143057747726634178454846  -0.198733846003124663635902483663
  70   0.156156212644392240000000000000  -0.198733819319574364000000000000
  71  -0.430215737729846317028647410238  -0.165028907835324905634699349178
  72  -0.360604120900547077800795523764  -0.164921626527447536683441104738
  73  -0.290974202163895053929601726282  -0.164847392961822546498363373584
  74  -0.221363134839016538887356502573  -0.164762267865008402007373999888
  75  -0.151751504965302960569292386449  -0.164654982413641514005636486928
  76  -0.082133966408248310831034929687  -0.164373037601358801694798495168
  77   0.326339613225299320123172757488  -0.160318409181047747175163525575
  78   0.465267913258039453000000000000  -0.160317088900602710000000000000
  79   0.395803239728841517000000000000  -0.160023689092688548000000000000
  80  -0.017608138239107587404984901374  -0.138650077976426766902387860824
  81   0.260363720156599338641196926783  -0.138582841071233465216348719573
  82   0.190887357431246673000000000000  -0.138575663501732969000000000000
  83   0.121422854634693033377749162105  -0.138575464825751973202953456824
  84   0.051946839485075935900000000000  -0.138551287941597622000000000000
  85  -0.465267978954357239238261385860  -0.105057301803478915936478740362
  86  -0.395502576134164431173947753573  -0.104860398117182411410012568220
  87  -0.325853244423240622408946663549  -0.104774890480368250953810563027
  88  -0.256242180688089490601078576440  -0.104689767458083709995797542945
  89  -0.186649966078672411000000000000  -0.104593757184352372000000000000
  90  -0.117186184114423903537699129759  -0.104401417769737525260322334501
  91   0.360789076216274752432401358723  -0.099998531483280226668396684292
  92   0.431123186179638186000000000000  -0.099823896219393731500000000000
  93  -0.052660354426685258760740041374  -0.078678455181573687069465899531
  94   0.016957229330056877983554530271  -0.078396542680353194741024968038
  95   0.294813184062933471667596000693  -0.078262963831768610649214540868
  96   0.155885097575500340483842812390  -0.078262887663009138737749651876
  97   0.225349141554509871321565055842  -0.078262745530081546885430602886
  98   0.086421064299634950781249878282  -0.078226810860658858205297379127
  99  -0.430554818683636978002133657683  -0.044888791370963696585772771049
 100  -0.360751698321947201410450401881  -0.044713662901316642167671919795
 101  -0.291121223339339851242823516040  -0.044617265193926283061163157820
 102  -0.221529018073340669698879293703  -0.044521257927353101303410326906
 103  -0.152065242211263623094716998698  -0.044328924393332008430251370120
 104   0.395807374044477968260856112171  -0.040007099094662967242526121444
 105   0.465267968133288211000000000000  -0.039314509437450802600000000000
 106  -0.087539414693665048071277100375  -0.018605963078986305602247644077
 107  -0.018075637747779393955420461603  -0.018413614541858366286176413711
 108   0.329831426512795099394536403825  -0.018271499103822440126838347552
 109   0.051542128286499207990912125178  -0.018154216032278468687992089712
 110   0.260080603694984253000000000000  -0.018104774839115816100000000000
 111   0.190616254171836483271850194945  -0.018104763406980277708957576772
 112   0.121103841657116391000000000000  -0.017943893446583835800000000000
 113  -0.395803940278209016591761819083   0.015257942696593097446252721319
 114  -0.465267978953413337291522359930   0.015279719372313176035853864181
 115  -0.326019677306782289451242831575   0.015443962359964550948261606120
 116  -0.256408061044539691385407198822   0.015551244263623877194920901197
 117  -0.186944285121421642366381048169   0.015743577785905971997637221216
 118   0.429937841675450484912682604154   0.020493845715624868322854617697
 119  -0.122418457650027714347694689787   0.041466539081216827750955141401
 120  -0.052954643910914298744579538397   0.041658909052893350186176413711
 121   0.016509244820340045200000000000   0.041828724887729486800000000000
 122   0.086106980919422322077929776044   0.042099614661100844955523818639
 123   0.363961949408721028629234578353   0.042229414536653901951925658273
 124   0.225033865273081069162840206814   0.042233295389622216948248648508
 125   0.294497907431299212606261640529   0.042233497606017735543311896920
 126   0.155570152855408147536098962070   0.042447319593906525434206123588
 127  -0.361071919398140343955501240032   0.075415567890581756614486033252
 128  -0.291306515841024184075934370132   0.075612472276737095185905705650
 129  -0.221842739978693468938449674678   0.075804806223230498833474496660
 130  -0.431947192683146762275973401922   0.076230341630789222753243430824
 131   0.465267978950356056754174879060   0.080302160745974989081870900089
 132  -0.157316927359209817427474878797   0.101527804817223362774113787701
 133  -0.087853151463293338825304612041   0.101720109535498343405098572511
 134  -0.018389916174738321040250602449   0.102054911607602504993755796905
 135   0.051074120472157029285791477873   0.102082544256161984741170123011
 136   0.120537291838404135380780259493   0.102430426444168233216720497255
 137   0.398392029102687951775994653186   0.102560358145624472520994272050
 138   0.259463944956781259098093917648   0.102564239487222620980969290774
 139   0.328927987127875626072688588255   0.102564489522456181089907860692
 140   0.190000321585199633197517024573   0.102805461001023152323537879048
 141  -0.395822799041221808547107151823   0.135562301054721243431893606391
 142  -0.326358759648140061756747231812   0.135584078616656224948983216470
 143  -0.256895704697422555697167086678   0.135954408168276485201317963525
 144  -0.465267978957369980025444417492   0.137180982628730627057538626493
 145   0.450733778833251215465652184518   0.148228666401544082209160862496
 146  -0.192312347756870590753758318585   0.161532585410220836718910179709
 147  -0.053411483866876521488049363673   0.162044438611635977682168712709
 148   0.085504431217125767000952968770   0.162413356099551732356647687486
 149   0.294195741515729074789223830450   0.162721999098911093941697974806
 150   0.363858569877535413000000000000   0.162856073128094076000000000000
 151   0.154997434400926145000000000000   0.162959691485164118000000000000
 152   0.224732055799621287000000000000   0.162963252197413582000000000000
 153   0.016044080852640926900000000000   0.163129722400924660000000000000
 154  -0.122866893670794498869215684584   0.163139529565168915597459443883
 155  -0.361780754705815818843488325679   0.196113043090090612716559523180
 156  -0.292316716022009147219652092176   0.196134821044634575663125741548
 157  -0.439450197613690361511779273875   0.201668929651995025665628383422
 158   0.465267978939541519513507366016   0.216155172065773779020892053380
 159  -0.159385243704067539999355854258   0.222696782161530964346511340633
 160  -0.020484382533383607334888203484   0.223208636815480071784336924294
 161   0.118431529045640018141330755270   0.223577556211244792609486329583
 162   0.326819585190490416098838835256   0.224048486049430813958305445994
 163   0.257355962098169647210135221458   0.224289752936464282207404642186
 164   0.187891920012909707722648071559   0.224289756672363231199351728442
 165   0.048971180927242458081083087008   0.224293923500979979271405042438
 166   0.396283169490915403369939486852   0.224300674392795908645449709569
 167  -0.089939791751844676281443855364   0.224303750105916802315144749067
 168  -0.228830189096549831532157222389   0.224325494001584491796057181423
 169  -0.396510888232862340547378446584   0.256271757919009818723397515674
 170  -0.327046849550287130519184476266   0.256293535858652841699156963597
 171  -0.465267978957369980025444417492   0.266156879026055616238750713043
 172   0.437829779272214776000000000000   0.279970526535755640000000000000
 173   0.292151884519839808724857606216   0.284410443655551496230915046396
 174   0.083759828191730925688207251893   0.284418901167479064072072595081
 175  -0.055168210367219626554241812282   0.284438521777668236031389455794
 176  -0.194096279950504599904829922702   0.284482922118862281965505131249
 177  -0.124632237862534324792984687408   0.284484206463355774690007296786
 178  -0.263560322624405920345184020924   0.284484208814652634515816991919
 179   0.014295816726061867516248855956   0.284484223903560165906733288595
 180   0.222687881630937439076548774534   0.284484251785323931879704846284
 181   0.153223839540974112274133890442   0.284484253118180641051183153534
 182   0.361615874392223668427695051015   0.284495622632906041883640944221
 183  -0.363662976517762354000000000000   0.317686899937030884000000000000
 184  -0.449547983009032592948883561320   0.333818794994811626327370179649
 185   0.465267978946006979462570086576   0.343785875162221555748082652623
 186  -0.298965750229796781000000000000   0.344390370242185148000000000000
 187   0.326340627101852051000000000000   0.344895770653294760000000000000
 188  -0.020980300178336450900000000000   0.344913593430896998000000000000
 189   0.117947774680589828000000000000   0.344924463645578330000000000000
 190  -0.159908394533771562000000000000   0.344952386141848590000000000000
 191   0.256876077680293213000000000000   0.344952594701384090000000000000
 192   0.187411933551109520021162257072   0.344952653958865701367532938326
 193  -0.090444345359405847265636880174   0.344952720179276715216498417490
 194   0.048483731405266946875701456799   0.344952725116205090497524253022
 195  -0.229372439774870933409615446604   0.344952727983452616627511873919
 196   0.395813834160871363468888285196   0.344958443375335688883326854970
 197  -0.398811042861632431945699345622   0.381263668768058521142347674365
 198  -0.465267978954937444504699674565   0.401480710946722957276436821070
 199   0.431555549608718517000000000000   0.404521949246192904000000000000
 200   0.152679789969102906506400062032   0.405110212808767241779513661911
 201  -0.125176378446226268079352285491   0.405110345979076726493993892415
 202   0.222143832166785091305876600901   0.405110349919750695143603234989
 203   0.291607874426846987624845578022   0.405110350255991497767449660888
 204   0.013751705748175265557569862159   0.405110352080735046094385440723
 205  -0.055712336349025645434977929354   0.405110352312592101912650988312
 206  -0.264104462715095929573457933516   0.405110353009460725326389792740
 207   0.083215747856999116393567098425   0.405110353104347038696923653945
 208  -0.333568504812757702731020492864   0.405110353530962625327687626553
 209   0.361071916601368730795964767077   0.405110353635146735476148491140
 210  -0.194640420582775420744043048357   0.405110354147245740245813154427
 211   0.465267978951399544310253003954   0.465257103651892852255606511865
 212   0.256875853545831984110450909240   0.465267977203265039080063062157
 213   0.187411811455826565635499876348   0.465267977612210933094535033544
 214  -0.020980314819356705046840259621   0.465267978291272464288963429782
 215  -0.090444356915371219101923873653   0.465267978641002804331770559307
 216   0.117947769366242191463970344553   0.465267978793030716132567065454
 217  -0.368300526417697732702016021209   0.465267978856366581457148599285
 218   0.048483727270227676594043128037   0.465267978888459485875662259321
 219   0.326339895632191865256077006835   0.465267978888459529678206820862
 220   0.395803937717451905202377882026   0.465267978908218785266296520213
 221  -0.437764568507651117993362776688   0.465267978946484941537563276629
 222  -0.298836484320714403071903877918   0.465267978951399544293931214312
 223  -0.229372442211583131440405297710   0.465267978951399544310227049109
 224  -0.159908399000631258357538566990   0.465267978951399544310253003954
