   1  -0.473473286681832633912247746165  -0.473473320750035333192401908370
   2  -0.197799895002097598359128051506  -0.473473320750035333192401908369
   3  -0.105908766841346330525254944763  -0.473473320750035333192401908370
   4  -0.014017368714415646603102967305  -0.473473320750035333192401908370
   5  -0.381582151327482643632216116105  -0.473473320750035265834727004241
   6  -0.289691025242516307413896982076  -0.473473320750035146767709197895
   7   0.078121772344879153570578458486  -0.473473296678857702651393937584
   8   0.170410353441122729822388866405  -0.473473292040167411407711901542
   9   0.423554231970304852368781553277  -0.473473281757715147424455513748
  10   0.370500826720402083486536096947  -0.473473272139062297814220802024
  11   0.265780067999777753211524813892  -0.473473050102114134813338266283
  12   0.318140439053793001725676072147  -0.464926089080357920938699170848
  13   0.473473285489313767061256896801  -0.455508121424176531907587876611
  14   0.218094972527636545829268285075  -0.450217406874510108947689734866
  15   0.124258836911888068404270249587  -0.447281112093799600236041480705
  16   0.031936516518424969155281958263  -0.446961046059903437530054799306
  17  -0.059963099843540332928429496900  -0.446946801993682896204561077704
  18  -0.151854330573789905600739696081  -0.446946650037633040281817421809
  19  -0.427527718895291031048590149326  -0.446946644384323776314682786702
  20  -0.243745460790554087452159886120  -0.446946642402415886551509719822
  21  -0.335636587742839314803550527172  -0.446946642373039901017514093148
  22   0.404775260891083856932049542304  -0.423854636480379112285605885217
  23   0.351721898572384997590922189517  -0.423853658923396066365086306368
  24   0.261992145411023928110084516388  -0.420423161245685972279782738225
  25   0.170010524555450527565696021903  -0.420421439100937094234083229383
  26   0.077874079585853069426293515147  -0.420420516095982408976727797376
  27  -0.014017587241243424584324332562  -0.420419962250556055669874897253
  28  -0.105908758566957155299918167476  -0.420419962250106644828686111387
  29  -0.197799887534431124382369925392  -0.420419962250106525142826293982
  30  -0.473473281910767513095712463123  -0.420419962250106214107096298412
  31  -0.381582156220281322417765823258  -0.420419962250105951038471042223
  32  -0.289691025626448212655013037393  -0.420419962250105180288808691930
  33   0.473473220272712889952028936671  -0.402454761515721675327193179546
  34   0.215984839889152675462620060110  -0.393944623511133043771706857064
  35   0.123828304681020173493579156560  -0.393908855699481973989326188359
  36   0.307936810293770500881300575523  -0.393894933904500127157406326560
  37   0.031928243596433981179245002678  -0.393893702046024383832981170064
  38  -0.059963171059281044589196699710  -0.393893327385726822902467076997
  39  -0.151854321876699684893890785987  -0.393893291428166749102083906799
  40  -0.427527718098837386324945528818  -0.393893285538716455971837090908
  41  -0.335636588902746655404251146614  -0.393893283763572909655971022743
  42  -0.243745461114998967786165922939  -0.393893283713836548691239092960
  43   0.427527509926337952690886323678  -0.375927669301261471844862730621
  44   0.355979196567177790438808587984  -0.367783194856406928359181112857
  45   0.261902595397725748187014179256  -0.367369846517209267965163000412
  46   0.169766045300787210082680112898  -0.367368643796271516703772372661
  47   0.077873878579472644652557387796  -0.367367157486896187284113524836
  48  -0.014017494045042568256633590878  -0.367366603750708578624174415604
  49  -0.105908723599260372878400044948  -0.367366603750188834893166768317
  50  -0.197799904035050768439973966941  -0.367366603750179757533405581361
  51  -0.473473286473756227043241219851  -0.367366603750177076717611288934
  52  -0.381582157054969542710457260163  -0.367366603750176489273997819653
  53  -0.289691030096735859377882762721  -0.367366603750175778429253746192
  54   0.473473281726180295877589448167  -0.349401357089222274291051232601
  55   0.215725436723881009298109351816  -0.340865938361412550599722564675
  56   0.123820243620405791502651887817  -0.340841873302865560016162973537
  57   0.307847275123732530498027378848  -0.340841644123099348021044666781
  58   0.031928295541495208530391893715  -0.340840323290834136193746867686
  59  -0.059963139120476088948393035965  -0.340839967350114930637995295333
  60  -0.151854336110488338099017630961  -0.340839930485750283693961347069
  61  -0.427527721927532328956661111906  -0.340839926929249590083216695926
  62  -0.243745468784125357647390635168  -0.340839925104370098955297597868
  63  -0.335636594067688460737387189385  -0.340839925038368487089587079027
  64   0.405090254996519738541001047807  -0.327852431318055602878652538245
  65   0.261657726761834964333789974899  -0.314316292373175086275825298336
  66   0.353793031605776665870070736369  -0.314315306458176468993774552117
  67   0.169765854475408165846133743182  -0.314315285187147698525387191017
  68   0.077873941001509301812503121127  -0.314313798395790062231806711691
  69  -0.014017607183806026647083131903  -0.314313245250899881856096263799
  70  -0.105908777139929599374532308887  -0.314313245250286517505993412472
  71  -0.197799906945312634910857426243  -0.314313245250250503739962166549
  72  -0.473473282876910577762939552164  -0.314313245250247865029650162468
  73  -0.381582158385169709838425835194  -0.314313245250246965536689849064
  74  -0.289691033892622993515300903838  -0.314313245250246091598126147559
  75   0.451036024210932522602587505006  -0.301326120627968473994475081591
  76   0.215711558091380041851365732665  -0.287788854942165117315661614682
  77   0.307602836295485007426217391453  -0.287788839240889533213977055042
  78   0.123820245878027698758441576451  -0.287788415685285611208892857771
  79   0.031928182678981924176753291406  -0.287786955334359498896807155678
  80  -0.059963200776705438635997606470  -0.287786586096477721645476454807
  81  -0.151854343761016742923266634069  -0.287786571876283831272848563006
  82  -0.427527723880125220686489553552  -0.287786568319782621974056007342
  83  -0.243745472814637127648797563410  -0.287786566494903248015025488070
  84  -0.335636600368009495018096201479  -0.287786566428901857143994867740
  85   0.404883880560092408441582097455  -0.274742174626920740047173064206
  86   0.353548553302884418153830591159  -0.261262431902292804350610063318
  87   0.261657141687539658255596157036  -0.261262216594347240066582060261
  88   0.169765912023292436796079773607  -0.261261926554710904778253579391
  89   0.077873833589109540243977666952  -0.261260439501717111568049560993
  90  -0.014017633121128088232974488631  -0.261259886750976888505633060322
  91  -0.105908770952893453471925860447  -0.261259886750357544654162198428
  92  -0.197799901158044229463915608760  -0.261259886750321485773732831720
  93  -0.473473290136054344239216212076  -0.261259886750319028038699006427
  94  -0.381582168893542244009325299906  -0.261259886750318537912108938579
  95  -0.289691043624499903033010980847  -0.261259886750317393991408820582
  96   0.473473286326429923093371774506  -0.253250886085092510994953771387
  97   0.307602695588907237711519556200  -0.234735475510703286245668597901
  98   0.215711534200412452007899256736  -0.234735359757428858120070276878
  99   0.123820138827418961974779035828  -0.234735056714348545858141220148
 100   0.031928154806356587259932382542  -0.234733580344621597113942613213
 101  -0.059963202079419299185378677564  -0.234733226409585106841364913395
 102  -0.151854337692430241814241538438  -0.234733213266817174313858060987
 103  -0.427527731047395297075246631641  -0.234733209412475458744159168395
 104  -0.243745485685254813945875854246  -0.234733207885437805164442840881
 105  -0.335636612156633154973914337574  -0.234733207819436162837589911946
 106   0.427502146819822330178743258674  -0.226751832719603594264432560874
 107   0.353548405383614800181643121292  -0.208209062047793901850946416795
 108   0.261657148164470830761888350715  -0.208208779965963765217401107531
 109   0.169765805335068874256923358808  -0.208208567984507135435954499610
 110   0.077873815306918039822468221746  -0.208207080892253257549266161909
 111  -0.014017594980625615951709022581  -0.208206528251061264653305520135
 112  -0.105908764653300246756359942289  -0.208206528250428585048036243491
 113  -0.197799927668206400966985534187  -0.208206528250398775572381036580
 114  -0.473473298691907671360211974474  -0.208206528250390384319752796722
 115  -0.381582175778182059160291649679  -0.208206528250389444202502254233
 116  -0.289691055134090087093039348433  -0.208206528250389090098009703958
 117   0.473473286829996609463175667622  -0.200197527217519789000587568176
 118   0.399498932126663711780220766136  -0.181690992830674238782680773226
 119   0.307602720988154710808731810536  -0.181682087085136203607570988426
 120   0.215711426567337245140748953895  -0.181681998224802190289104438654
 121   0.123820124332284832560943336094  -0.181681696765738172890623081615
 122   0.031928176765398534427841858178  -0.181680219889021849882750418053
 123  -0.059963197623010898734483119301  -0.181679867271045448483784273789
 124  -0.151854363756542427649438488521  -0.181679854657356572675574434530
 125  -0.427527738790400849316429805019  -0.181679850803009019739257405901
 126  -0.243745498283157527646281007571  -0.181679849275972296854791955514
 127  -0.335636619091678724626300893940  -0.181679849184653181128055975677
 128   0.353548458416997656385950182008  -0.155155702846258850233085579151
 129   0.445439512896003030277492483052  -0.155155697499351523851261212388
 130   0.261657039498420952055497698438  -0.155155416806115794440316702356
 131   0.169765791433952569607493288181  -0.155155209335886027348398368445
 132   0.077873838076151564707413318718  -0.155153722145970808928841923056
 133  -0.014017650835030197946815011398  -0.155153169751161332706537304689
 134  -0.105908802158279623915833252588  -0.155153169750512508119295482339
 135  -0.197799941225633381942187858121  -0.155153169750471174211574975692
 136  -0.473473320750035333192401908370  -0.155153169750465636286032537889
 137  -0.381582183497143935356128803549  -0.155153169750460537404478715975
 138  -0.289691062849025385451328271143  -0.155153169750460144259966390771
 139   0.399493984700858977461854500816  -0.128628964175637556915600941435
 140   0.307602590314427319362511338668  -0.128628727982244781271741015651
 141   0.215711411645215560345818581710  -0.128628637294729584937158375820
 142   0.123820132889593845158762688979  -0.128628321474627637157439793638
 143   0.031928113562734227008111446952  -0.128626848085502719251355685464
 144  -0.059963235379111568586182248539  -0.128626508535453972126863086083
 145  -0.151854374823522574761179470282  -0.128626496047890722925681528079
 146  -0.427527763552972783347499118335  -0.128626492197981273187990730895
 147  -0.243745505428734804816345184970  -0.128626490666505774020509818584
 148  -0.335636626685002833704311437970  -0.128626490575186720488671338777
 149   0.473473271399404517352424550316  -0.110113854060538947879802700963
 150   0.353548267337144866271953342362  -0.102102257755906118724550642660
 151   0.261657026548332056711118119045  -0.102102057400148048637990902285
 152   0.169765809835968808620155533473  -0.102101850765578176538470384512
 153   0.077873782813104212534277730347  -0.102100363486676562434769145657
 154  -0.014017689146189531472470171241  -0.102099811251245831815328622957
 155  -0.105908818846682548047921882322  -0.102099811250585799246434495051
 156  -0.197799946788197575583126448183  -0.102099811250542132209589371904
 157  -0.381582208315991275889094637796  -0.102099811250536957723914921514
 158  -0.473473320750035333192401908369  -0.102099811250536302670836354628
 159  -0.289691069976486242378360940526  -0.102099811250531160522630039186
 160   0.427527713637105722998746882609  -0.083587106863253717450590796443
 161   0.307602590700535306940740481933  -0.075575368903451983255682781680
 162   0.215711429564103682584769115950  -0.075575278545356282779159402077
 163   0.123820066348910906276110109626  -0.075574941563648041596810117238
 164   0.031928073646068718587180228641  -0.075573489350569794778406652660
 165  -0.059963254826727418910926490756  -0.075573144201351630034576427630
 166  -0.151854384687065361275437831241  -0.075573137438424635786734136078
 167  -0.243745512370573476181117075267  -0.075573132057039224136568998579
 168  -0.335636652098969237043062308688  -0.075573132000572563683930832888
 169  -0.427527764533013244241482001675  -0.075573132000571995415063257909
 170   0.381582121129269099740229303912  -0.057060476339558734872044280229
 171   0.473473276432501027940831787404  -0.057060433616849147399765219996
 172   0.261657036000830441132894482601  -0.049048686021472888123404928711
 173   0.169765756606901291919227031761  -0.049048492114898525204569830669
 174   0.077873742290789596568965131646  -0.049047004691280526687966241744
 175  -0.014017618411746422671416116292  -0.049046452751363652250162289369
 176  -0.105908821587636925294784689893  -0.049046452750656536435718090000
 177  -0.197799954986087553355545949443  -0.049046452750613431969941767263
 178  -0.289691095881947213459011704277  -0.049046452750608143209418972901
 179  -0.381582208315991227371283286066  -0.049046452750607563311818812024
 180  -0.473473320750035333192401908370  -0.049046452750606969055640171367
 181   0.427527718291952098985695472818  -0.030533735657927894456754917663
 182   0.335636620608680307215469010786  -0.030533698813240568100399472068
 183   0.215711376135129828263560483116  -0.022521919935916182362288574631
 184   0.123819931149488815209347659188  -0.022521420937454777963498824120
 185   0.031928229266450360011449363536  -0.022520128998913690564582915041
 186  -0.059963258348375743335861798166  -0.022519785135570505615083024503
 187  -0.151854392464950357985878047515  -0.022519778828958201883866007312
 188  -0.243745539664917912641670275117  -0.022519773500656327272705357186
 189  -0.335636652098969229395470536401  -0.022519773500643098482537895306
 190  -0.427527764533013441456777861976  -0.022519773500642320212954614878
 191   0.473473285033158946699393200432  -0.004007074225253386690825162792
 192   0.381582179844596897620147232763  -0.004007023804701849916371164327
 193   0.289691061775957944615015430504  -0.004007012675032143454957843605
 194   0.169765713687150133541295349193   0.004004866458787947517037345678
 195   0.077874392033970308859351634697   0.004006353966314663459732822551
 196  -0.014017708640728788319689209782   0.004006905748488954184239513097
 197  -0.105908831982109819908558283422   0.004006905749271778911551124929
 198  -0.197799983447895989468634372018   0.004006905749308267118785605023
 199  -0.289691095881947664471710196411   0.004006905749322116414900116944
 200  -0.381582208315991512204241998539   0.004006905749322263648533531412
 201  -0.473473320750035332581120245951   0.004006905749322364559556011894
 202   0.427527740394024873987205461092   0.022519649276258832516451721963
 203   0.335636625763340954475055441658   0.022519659929391902710747153908
 204   0.243745496571021017956620327343   0.022519693663831051208697889345
 205   0.123820480637878012818443164959   0.030532117097987090812187045364
 206   0.031928052392113826264556410051   0.030533230683799873048796773042
 207  -0.059963270357318579823342648638   0.030533575855610306472104137458
 208  -0.151854424215098068152117962315   0.030533579775794922761311190044
 209  -0.243745539664917829022752385444   0.030533584999273006342490826075
 210  -0.335636652098969564854304411118   0.030533584999286816164402406777
 211  -0.427527764533013448849270840699   0.030533584999287028254571356028
 212   0.381582184662959255782042975292   0.049046336215965516667053530319
 213   0.473473292964944099972550057651   0.049046342404806836562390023750
 214   0.289691067481722043628424270273   0.049046348087851566831620028563
 215   0.197799940270052027643491996946   0.049046413957210126156948376820
 216   0.077873722662206763235155213757   0.057059712606146920404430209493
 217  -0.014017693706248241469221239008   0.057060264248416185776910538440
 218  -0.105908871013823662491241155603   0.057060264249186754579120943537
 219  -0.197799983447895926359751129366   0.057060264249237672057382548181
 220  -0.381582208315991568239515207751   0.057060264249251696367826282934
 221  -0.473473320750035329300905121404   0.057060264249251698174752195155
 222  -0.289691095897381075585316273952   0.057060264275982902195001699683
 223   0.335636629849790696919891481765   0.075573018538858749371871050396
 224   0.427527739037950097425551284651   0.075573025924461618922952380241
 225   0.243745519925188650616535769260   0.075573052825096259771495623193
 226   0.151853494146465199038480370432   0.075574422361286500676499007970
 227   0.031928066322143467089351389847   0.083586590812243820379937104260
 228  -0.059963309598824640372838699205   0.083586934495988879900691976049
 229  -0.151854427230845095672810209724   0.083586943499152197661055449925
 230  -0.243745539664917829043499779793   0.083586943499202339957687009336
 231  -0.427527764532983905047633219027   0.083586943499267541508574551340
 232  -0.335636652114411036268580550496   0.083586943525961564842926648775
 233   0.473473302306427248990301119245   0.102099702852141724102420987890
 234   0.381582183983467929656711576899   0.102099707908228269246591158617
 235   0.289691084785005117727644444744   0.102099717346032304255411876300
 236   0.197799912067037802802287543732   0.102099772597670926223635809855
 237   0.105907995082944446900581632747   0.102101231559048288721040870620
 238  -0.014017758579314464241945053641   0.110113622748305856354363772458
 239  -0.105908871013677915956381216064   0.110113622749116088194316926603
 240  -0.197799983447895947057343850528   0.110113622749167005686946691466
 241  -0.473473320750035333192401908370   0.110113622749181031789948378416
 242  -0.289691095897381074402823348901   0.110113622775912235810197882944
 243  -0.381582208331403371442217549712   0.110113622775977407152670764093
 244   0.427527748104400597752469713300   0.128626385850486204449548821823
 245   0.335636637114950596592331692494   0.128626403504361932909076838517
 246   0.243745501454048818486680899879   0.128626411434989796112003242992
 247   0.151853625925521132523992391835   0.128627781772417019984397195599
 248   0.059962269025013863684455515309   0.128628153200986430087514761743
 249  -0.059963314796261515766165095371   0.136640301998402410591907025731
 250  -0.151854427230845116654574894871   0.136640301999081531287833877745
 251  -0.243745539664917827798341837787   0.136640301999131673572883192597
 252  -0.427527764548454799586986239056   0.136640302025890897434044591170
 253  -0.335636654458859010124782744703   0.136640306086695841464716188453
 254   0.473473303219923301460719958023   0.155153069881530541379012175471
 255   0.289691075663583214167804519151   0.155153075923006389244232769698
 256   0.381582202007186462655182744604   0.155153083024907318805304743037
 257   0.197799950024579045061449141230   0.155153131230725243832115757851
 258   0.105907965209786320112642930197   0.155154590158983292944774679040
 259   0.014016679826922462250911233960   0.155155038260797601852156299462
 260  -0.105908871013822787102113600764   0.163166981249045421809512912066
 261  -0.289691095897322460559924021694   0.163166981275841569425394033827
 262  -0.473473320750035333192401908370   0.163166981302600763078140803923
 263  -0.381582210787985277068887150238   0.163166985530728606228076172918
 264  -0.197799980578803218399584245831   0.163166986218409813928005524051
 265   0.335636645566255469214025107729   0.181679762145278062103458176505
 266   0.427527757153259072100851279018   0.181679767114201132283306794278
 267   0.243745528803782116217409070539   0.181679771555898554150174909846
 268   0.151853598824065039536863733378   0.181681141197893570390471016611
 269   0.059962348464725809481680249969   0.181681522791304051583088321534
 270  -0.031928876390022824920030231408   0.181681717510894933692963340392
 271  -0.243745539664859213094235103833   0.189693660499061007188079343479
 272  -0.335636654524971235194943346900   0.189693664701032514122372819123
 273  -0.427527767515384397331038427261   0.189693665718182763902310897212
 274  -0.151854318373953776012058760022   0.189693849045626178716706562703
 275   0.381582200452469002152452800714   0.208206445905467646097511878089
 276   0.289691093417472263560949122847   0.208206448582400944331925284196
 277   0.473473308890847988361562141559   0.208206457076988074603004539970
 278   0.197799928070741737550531394799   0.208206489902867827017306606678
 279   0.105908050750945612259402237441   0.208207949040387821822127305931
 280   0.014016679827075650636181836718   0.208208396760726935467352261562
 281  -0.077874432606899983666386295773   0.208208396761110267426590783668
 282  -0.289691095897381591308832330714   0.216220339775770903040590184136
 283  -0.381582210757102718800553600209   0.216220344030657939834283929885
 284  -0.197799980578862350072364978550   0.216220344718339147543201674359
 285  -0.473473320750035333192401908369   0.216220350133764764726480990501
 286   0.243745538468909520935773220473   0.234733130153493320250208137313
 287   0.335636648080001872574108396292   0.234733132064503549889175601003
 288   0.427527751583784261577314722661   0.234733134998576743597013459007
 289   0.151853604470737415285968272118   0.234734632615681392318634182481
 290   0.059962347065456295905696576841   0.234734883715221083224641614103
 291  -0.031928877574850617289263737093   0.234735078063507429895663658501
 292  -0.123820299490056373911220656123   0.234735525748915139281522786528
 293  -0.243745539664918344767015836553   0.242747018998990340803275493786
 294  -0.335636654494088676926609796871   0.242747023200961847728580576090
 295  -0.427527763991753654661917081316   0.242747028446239940658454023175
 296   0.289691092750314735957252036012   0.261259812992870051838667504503
 297   0.381582199432490205210217317069   0.261259821587246300728742707460
 298   0.473473304000862964528185308396   0.261259822810950853668825031189
 299   0.197800005177722222537488100253   0.261259849112351312548411476323
 300   0.105908048253835900635210446793   0.261261311865854540388373972106
 301   0.014016679827364973602259659711   0.261261755260656269082547655921
 302  -0.077874483619692047103558644667   0.261261755261015075686298760218
 303  -0.169765961727517267185454109148   0.261262021365245316986184530247
 304  -0.289691095866499033040498780685   0.269273698275700236646797941101
 305  -0.381582207315282387641222842230   0.269273708332672570436242061991
 306  -0.473473320734545610249417277755   0.269273708766186844409230445059
 307   0.335636643577892138784580930358   0.287786501719117182039043754101
 308   0.427527750316800392972430211401   0.287786510214499786874174409995
 309   0.243745559303207887062977503053   0.287786531984962642969334678563
 310   0.151853603562954187176917357770   0.287787992688386034571412175816
 311   0.059962346024685660482901912811   0.287788244018243604247591889899
 312  -0.031928875204463106514974993362   0.287788436563436710557219298513
 313  -0.123820544934413381392666657733   0.287788944408785095518410711054
 314  -0.216397132002353259427697584177   0.288208249145612807636187360476
 315  -0.335636649380268668700686665364   0.295800386425808528736273202882
 316  -0.427527763899769212924403080776   0.295800386946169274193908435501
 317   0.381582194449624685470814561147   0.314313190477500578854717131255
 318   0.473473306464334849173502148943   0.314313191279895432209224318053
 319   0.197800003086365455174314770239   0.314313211235243185392459050500
 320   0.289691110088786155796268564352   0.314313220642461381079246555717
 321  -0.170210835730824847928496836662   0.314313514607596235364771394903
 322   0.105908047346035827892335408996   0.314314671938551787959736352827
 323  -0.077874432606485669714950393276   0.314315113760919883547626730691
 324   0.014016680985730716579812725620   0.314315121124106030261380391820
 325  -0.262342688203933819963398155226   0.314734928422322626635661923824
 326  -0.381582207238245294213704337509   0.322327066832601903995506689442
 327  -0.473473320750035333192401908369   0.322327067266122111672493367289
 328   0.427527750156870315997971070251   0.340839870861376388273634425999
 329   0.243745553773603251717819044359   0.340839900063088385781108540338
 330   0.335636660824715705215804920682   0.340839909385954182722384369101
 331  -0.124265420262537418565562518937   0.340840437640026481587353830301
 332   0.151853603325911949953498094385   0.340841351599264954438498796394
 333   0.059962348504404487221785545403   0.340841607593020644279646869277
 334  -0.031928877935946121356245296964   0.340841795689470343810182332694
 335  -0.216396770084598404481394119227   0.341261607644307681596195612809
 336  -0.308904513164987857959380701104   0.341626707917825496033582384890
 337  -0.427527763915255510072958404426   0.348853745446098607806844390513
 338   0.473473306189098874878858045012   0.367366551690499116208852627955
 339   0.197799997543543359072679500455   0.367366579336647928399078457161
 340   0.381582216470003517604631119776   0.367366589626191280766975667073
 341   0.289691103567119371895061380459   0.367366590438912569451050787739
 342  -0.078319568398266695328795677700   0.367366604807344766772497007801
 343  -0.170210792105765372052177383566   0.367367436232206864930555695319
 344   0.105908042403792664138445063985   0.367368048546159641846525743953
 345   0.014016675091681578378996035520   0.367368481607267040182640535920
 346  -0.262749208777474081669607168622   0.367786729420453807597611479991
 347  -0.354850069295803431764157260460   0.368153387317103866905625820176
 348  -0.473473320750000898674812298519   0.375380425843931220849938282706
 349   0.335636660119165482378242414707   0.393893269108629924392013788059
 350   0.427527772203844267482080487638   0.393893269713050198964961790434
 351   0.243745546853543231690783915278   0.393893270549922046448380073800
 352  -0.032372824654269792472247432970   0.393893296699652079429869320590
 353  -0.124264804688368122179463189511   0.393893838179273527835421681636
 354   0.151853609014941932590616871427   0.393894710099924958241191456660
 355   0.059962343862324487908231995390   0.393894966247666933966214864617
 356  -0.216387877979946789925639152115   0.394314965399048322862379369627
 357  -0.407301424688398311682318191675   0.397900193325655816592451782032
 358  -0.311429180520081923294455502196   0.398638788990141562538250729326
 359   0.381582215454392777177394343021   0.420419949885929032591650132922
 360   0.289691100184021427899172143059   0.420419954799526406004105887550
 361   0.197799992256777888273475891622   0.420419957377952536696226587113
 362   0.473473320750035333192401908370   0.420419962249279138338755623519
 363  -0.078318388177928467755735051472   0.420419963294146561563358492439
 364   0.013572725794728040268520971188   0.420419985940124949306594886575
 365   0.105908036682033157220352829121   0.420421409194675920924772655082
 366  -0.170206006571892873372339007811   0.420428057926973777957363613195
 367  -0.262335265192541084654255687545   0.420838473018855141296566431049
 368  -0.359540519245911872074944133628   0.420998997611503455774355569703
 369  -0.453246980488937083082383066306   0.424426873296990377273131874351
 370   0.335636658662537125352684871835   0.446946630132468496740258497137
 371   0.427527764533243571960632247448   0.446946641499642384906484408389
 372   0.243745545495563579099816006641   0.446946642152598769819934012099
 373   0.059569815811570082623254052818   0.446946873055334686376237469716
 374   0.151851788516288142318454659430   0.446951213879443908639105172842
 375  -0.032352373432833935603468923967   0.447000297644381534005906614709
 376  -0.124730855093521424404462072538   0.447753315839127996543652782368
 377  -0.219995736247709943049227113849   0.452807600387614102942000947418
 378  -0.318640997355633680071566404111   0.454790830312152869647995121912
 379  -0.420884681075584050391362890140   0.466466622147073125827623419321
 380   0.289691105179813485139942042604   0.473473315616222819847644389621
 381   0.105515510158107475261775085704   0.473473315721049251673253371589
 382   0.197799986576006431682502244385   0.473473317016442812731150162546
 383   0.013624122874813435742607820321   0.473473319543793840410326761180
 384   0.473473320750029964630058265683   0.473473320750029964630058265683
 385  -0.473473320750035333192401908369   0.473473320750035333192401908369
 386  -0.368296041401132767590323871911   0.473473320750035333192401908369
 387  -0.268985953310134592552808936311   0.473473320750035333192401908370
 388  -0.171132796814799926929184162444   0.473473320750035333192401908370
 389  -0.078328913372242921879739982633   0.473473320750035333192401908370
 390   0.381582208316468959023854591951   0.473473320750035333192401908370
