   1  -0.475485784909597051557231841366  -0.475485784909597051557231841366
   2  -0.390563683166718878658636125099  -0.475485784909597051557231841366
   3  -0.305643951078219708380527934839  -0.475485784909597051557231841366
   4  -0.220724218989720534985255463546  -0.475485784909597051557231841366
   5  -0.135804486901221367824311554320  -0.475485784909597051557231841366
   6  -0.050884753922537450645061861666  -0.475485784909597051557231841366
   7   0.220100634317313247364775859613  -0.475485784909597051557231841366
   8   0.305731271912297459422703050028  -0.475485784909597051557231841366
   9   0.390657087729333990577139819888  -0.475485784909597051557231841366
  10   0.475485784909597051557231841366  -0.475485784909597051557231841366
  11   0.034035016964274302152876651419  -0.475485784908286638755094167905
  12   0.130131909274824712752603636205  -0.475485784880608966214488181148
  13   0.082083483308375264635418087385  -0.465732030272355883584230996314
  14   0.175116271835697641669111780588  -0.455987218314582201548390578182
  15   0.262916272175273688025056054754  -0.451597236114979724764985238889
  16   0.348194179820815724999921434966  -0.450976839237723373682947290708
  17  -0.433024734038157965107933983232  -0.450973622114624826830024875322
  18  -0.008424868454339136854297868737  -0.450971603348889053775523301685
  19  -0.093344620622741013884690148090  -0.450971570224893699849066495607
  20  -0.263184085033970121682891699196  -0.450971569819194105814007137871
  21  -0.348103817122469293519582029969  -0.450971569819194103114463682732
  22  -0.178264352945470951404783508933  -0.450971569819194100414920227587
  23   0.433071436319465521067185830627  -0.450892899766349502885322964350
  24   0.049612259932534479236385593242  -0.428997759917952303343020948619
  25   0.135737836612036960813774367704  -0.426778900899927725915943673414
  26   0.220820676645921289520716070078  -0.426462642364068911384107575447
  27   0.305737356294741320388692583330  -0.426457355106324248523307319833
  28  -0.050884754812722198049007389226  -0.426457354728791162753015704943
  29  -0.135804486899533235731468907500  -0.426457354728791154671724586725
  30  -0.475485784909597051557231841366  -0.426457354728791154671695524098
  31  -0.390563683166718878658636125099  -0.426457354728791154671695524098
  32  -0.305643951078219708380527934839  -0.426457354728791154671695524097
  33  -0.220724218989720538102419744580  -0.426457354728791154671695524098
  34   0.390608528858690651830844806660  -0.426383953318739224224992538233
  35   0.475485784909597051557231841366  -0.426300014623101954213414087334
  36   0.007152275038415270511832547130  -0.404483544998082647045721167585
  37   0.092072066596080969447162874844  -0.404483441805978722347244867221
  38   0.178188665426202975618093418456  -0.402249039051964156575651271526
  39  -0.433024734038157965107933983233  -0.401945191933818929944488558054
  40   0.263277489951054618779217171444  -0.401943140534561606794379052789
  41  -0.348103817122469293519582029969  -0.401943139638388206228927365463
  42  -0.263184085033970123241473839710  -0.401943139638388206228927365463
  43  -0.178264352945470951137902571459  -0.401943139638388203529383910319
  44  -0.093344620856127714557370346926  -0.401943139636926244556873530888
  45   0.348151704884744246681816299481  -0.401864469962854901424470850734
  46   0.433022877472179970845919961835  -0.401791068135023203615493365332
  47   0.049612141046802772540323062816  -0.379969329737290545451445226593
  48  -0.035307578202835628989557053105  -0.379969307503094950183369459635
  49   0.135861351650110303345952256251  -0.377506656901201994444646721411
  50   0.220817624118691803204450631803  -0.377428925077160011677480597964
  51  -0.135804486901221364440232777251  -0.377428924547985257786217331963
  52  -0.475485784909597051557231841366  -0.377428924547985257786159206829
  53  -0.390563683166718878658636125099  -0.377428924547985257786159206829
  54  -0.305643951078219708380527934839  -0.377428924547985257786159206829
  55  -0.220724218989720537835538807106  -0.377428924547985257786159206829
  56   0.305691838541057545072340887595  -0.377350255391092259695542583691
  57   0.390566053474869068693324822362  -0.377271584819595782912523239544
  58   0.475485784909597051557231841366  -0.377271584442296057327877770065
  59  -0.077767444246241145497920010806  -0.355455092411230031987227285580
  60   0.007152287840446859293854385797  -0.355455092411016940850864421152
  61   0.092071947607992141692021254550  -0.355455011619493780004540330969
  62   0.178317087307388572743208188147  -0.352985289162157154102115482561
  63  -0.433024734038157965107933983233  -0.352916761753013033058952240786
  64  -0.348103817122469293519582029969  -0.352914709457582309343391048195
  65  -0.263184085033970123241473839710  -0.352914709457582309343391048195
  66  -0.178264352944632453739038948407  -0.352914709456129991946261972900
  67   0.263231972708694729497574347954  -0.352836039933690664578644128866
  68   0.348106187131182367083849410476  -0.352757370247833141183594972500
  69   0.433025919083316007705467926237  -0.352757368974360524799990066778
  70  -0.120227310291334794728138524314  -0.330940877322289045435258473249
  71  -0.035307527096233452294103330031  -0.330940788799920458014133002026
  72   0.049612094401636228578410529356  -0.330940774293220175634074958784
  73   0.135897970125595980254136104632  -0.328400630053039797527013932812
  74  -0.475485784909597051557231841366  -0.328400494367179360900622889561
  75  -0.390563683166718878658636125099  -0.328400494367179360900622889561
  76  -0.305643951078219708380527934839  -0.328400494367179360900622889561
  77  -0.220724218989720538102419744580  -0.328400494367179360900622889561
  78   0.220731827826868261068647059090  -0.328391722577341398127759127059
  79   0.305646321298819551509082870835  -0.328243154790431546066696517675
  80   0.390566052739629306095992514352  -0.328243154402597883071061799734
  81   0.475485784909597051557231841366  -0.328243153506424992272102363491
  82  -0.162687176334745884026944695467  -0.306426662230433779595303114185
  83  -0.077767444247929273680299185265  -0.306426662230424135101720030804
  84   0.007153031342068058516683064304  -0.306425168445153271776038371943
  85   0.092070690078559683677062447187  -0.306424358993717365970136484780
  86  -0.433024734038157965107933983233  -0.303888331572207136173415923517
  87  -0.348103817122469293519582029969  -0.303886279276776412457854730927
  88  -0.263184085033970123241473839704  -0.303886279276776412457854730917
  89   0.178312317213664493204160842199  -0.303807742319245447386517088969
  90   0.263146189485510675495806704487  -0.303798814712500840325168402811
  91   0.348106186907266490521225974711  -0.303728938945196287954163344909
  92   0.433025918647378928487724646906  -0.303728938793554629852524541661
  93  -0.205147042379833965554718022065  -0.281912447141483149499817048363
  94  -0.120227310291340362979105356414  -0.281912447138568869261764671735
  95  -0.035307637656492525212740057452  -0.281912344165017073924492578968
  96   0.049653462991047754375046349219  -0.281836438947471022234065190698
  97  -0.475485784909597051557231841366  -0.279372064186373464015086572293
  98  -0.390563683166718878658636125099  -0.279372064186373464015086572293
  99  -0.305643951078219708380527934839  -0.279372064186373464015086572293
 100   0.135852374219551118563070501410  -0.279293660510399310121431886435
 101   0.220726665753960014604393495088  -0.279214857090047761322080499843
 102   0.305646320427214272674328696399  -0.279214724609625656928662611671
 103   0.390566052733547532723446212872  -0.279214723477260752569182242479
 104   0.475485784909597051557231841366  -0.279214723325619095386566046223
 105  -0.247606908424083550693772117188  -0.257398232051080201057048889716
 106  -0.162687176336428444506878683022  -0.257398232049618239166278605928
 107  -0.077767503699903614511546228599  -0.257398129073161808084537219894
 108   0.007151043461372733117234943702  -0.257396076836453560970133759866
 109   0.092064805774149127244193057716  -0.257238370541020209075194040243
 110  -0.433024734038157965107933983233  -0.254859901391401239287879606249
 111  -0.348103817122467835220600686552  -0.254857849095967989724390100826
 112   0.178266721584613930237958312768  -0.254700773254325698073017112147
 113   0.348106186471329408004395392256  -0.254700508764390393006697849122
 114   0.263186454846644005165683124114  -0.254700508716106589471880313158
 115   0.433025918777797116523491740502  -0.254700508386857801807183213162
 116  -0.290066774468333135832826212325  -0.232884016960677252614280731094
 117  -0.205147042380678029645932778141  -0.232884016959215290723510447276
 118  -0.120227369744991696039319555209  -0.232883913984211177989051154092
 119  -0.035308822582038356181571227445  -0.232881861744598295130178400792
 120   0.049562451325677275210733659475  -0.232797895252462019472619012394
 121  -0.475485784909597051557231841366  -0.230343634005567567129550255024
 122  -0.390563683166718878658636125099  -0.230343634005567567129550255024
 123   0.135806807970705839020822344707  -0.230186635632212858114141477133
 124   0.220726511851247209570427546897  -0.230186426909483418621753236507
 125   0.390566052733547530045429077871  -0.230186293296454855683645925211
 126   0.305646320672925040373715229014  -0.230186293248171041972610254980
 127   0.475485784909597051557231841366  -0.230186293144813198501029728954
 128  -0.332526640512580683035558311170  -0.208369801870270774362260285186
 129  -0.247606908424927614784986873282  -0.208369801868812342280742288660
 130  -0.162687235789241281178373650329  -0.208369698893808229546282995440
 131  -0.077768688627126437709344554055  -0.208367646655647665034692334990
 132   0.007102520069924754514243040175  -0.208283793112042339772643107280
 133   0.091979701753442924733958740545  -0.208210014222458823011756816688
 134  -0.433024734038157965107933983233  -0.205831471210595342402343288981
 135   0.178266600985721205444810462792  -0.205672289451972389033969321196
 136   0.263186454410706908660476490563  -0.205672078535300694524414941753
 137   0.433025918777797116523491740502  -0.205672078206051904921646895894
 138   0.348106186717174621649658450626  -0.205672078157768086838737788140
 139  -0.374986506556832306110934402257  -0.183855586779871355728744413936
 140  -0.290066774469172629709314362950  -0.183855586778401477993866151565
 141  -0.205147101833490866317427745469  -0.183855483803405281103514836823
 142  -0.120228554671376022848398649175  -0.183853431565244716591924176338
 143  -0.035357345975163327013530286436  -0.183769578023091709677157041477
 144   0.049519767448219501443779579680  -0.183695908069958993293939602544
 145  -0.475485784909597051557231841366  -0.181315203824761670244013937756
 146   0.135806778734114265108281156911  -0.181157998510643845558766592538
 147   0.220726511415310113065220913347  -0.181157996728677523674287865101
 148   0.305646320672925032647493481977  -0.181157863067365145087073937712
 149   0.390566052761424206788712543997  -0.181157863067365138395969626460
 150   0.475485784909597051557231841366  -0.181157862964007301615493411686
 151  -0.417447557428271392560232260390  -0.159343423984899131001537447892
 152  -0.332526640513426785063095062425  -0.159341371688006445395205972867
 153  -0.247606967877735649384258563106  -0.159341268712994015227674348214
 154  -0.162688420715625607987452744315  -0.159339216474841768149156017722
 155  -0.077817212019412912152584381555  -0.159255362932688761234388882825
 156   0.007059901305039580067994688409  -0.159181692811787390740882719621
 157   0.091979570597056347925118238330  -0.159181584041828354930247866531
 158   0.178266644560302835634592360847  -0.156643783042548144536139551095
 159   0.263186454410706900934254743526  -0.156643648354494797638878624485
 160   0.348106186717174621649658447109  -0.156643647976962189953201470872
 161   0.433025918805673791812805716190  -0.156643647976962189754083308414
 162  -0.374986506558520434293313575140  -0.134827156599065458843237159160
 163  -0.459908608301803467468795432597  -0.134827156598364141992626926703
 164  -0.290066833921990036595535934511  -0.134827053622599384217978521208
 165  -0.205148286759870370842098746951  -0.134825001384430467264784497575
 166  -0.120277078063662497291638476696  -0.134741147842285812791620724208
 167  -0.035399964739210005071059406735  -0.134667477721384442298114560926
 168   0.049519704551772523271353594520  -0.134667368953216761874241025332
 169   0.135806778516053246632427392199  -0.132129567952145202784475700667
 170   0.220726511415310105338999166309  -0.132129566547871626788751547833
 171   0.305646320672925032647493478461  -0.132129432886559248201537620443
 172   0.390566052761424206673751619302  -0.132129432886559241311315152825
 173   0.475485784909597051557231841366  -0.132129432783201404729957094418
 174  -0.417447557429959520742611433273  -0.110314993804093234116030193116
 175  -0.332526699967083685825754447225  -0.110312838533658397666009707501
 176  -0.247608152804124778265560933347  -0.110310786294035871263619702122
 177  -0.162736944107907232290031672172  -0.110226932751874463658804033600
 178  -0.077859830783459590210113502017  -0.110153262630981493855346402066
 179   0.007059838507522938132299499400  -0.110153153862813813431472866680
 180   0.091979570378033875975081187844  -0.110153153485247123278195420818
 181   0.178266644560302827908370613810  -0.107615352861742247650603233827
 182   0.263186454410706900934254740010  -0.107615218173688900753342307216
 183   0.348106186717174621419736601235  -0.107615217796156293067665153603
 184   0.433025918805673791812805716190  -0.107615217796156292868546991146
 185  -0.475485784909597051557231841366  -0.088339109371966613741239915649
 186  -0.374988876312094262412636432110  -0.085798726475529721161671374030
 187  -0.290068018849218427495779446062  -0.085796571205094884711650888415
 188  -0.205196810152161667569746665715  -0.085712717661479915906084408630
 189  -0.120319696835842100950735468508  -0.085639047526531440585477605900
 190  -0.035400027536726647006754595740  -0.085638938772410864988704708065
 191   0.049519704333784290836027092724  -0.085638938394844174835427262166
 192   0.135806778516053238906205645162  -0.083101137771339305898939383399
 193   0.220726511415310105338999162793  -0.083101136367065729903215230565
 194   0.305646320672925032417571632586  -0.083101002705753351316001303175
 195   0.390566052761424206673751619302  -0.083101002705753344425778835557
 196   0.475485784909597051557231841366  -0.083101002602395507844420777149
 197  -0.433024734037753104831047842042  -0.063826946577695705864643182063
 198  -0.332529069720657513945077304195  -0.061284408410122659984443922371
 199  -0.247656676197255316799965178430  -0.061198502572538929354115594924
 200  -0.162779562880097672228512246755  -0.061124832436134933090785635944
 201  -0.077859893580987621048408846229  -0.061124723682027642703882482389
 202   0.007059838289534705696972997584  -0.061124723304441226392659103550
 203   0.091979570378033871840111944286  -0.061124723304441219230682285937
 204   0.178266644560302827908370610294  -0.058586922680936350765066916559
 205   0.263186454410706900704332894135  -0.058586787992883003867805989948
 206   0.348106186717174621419736601235  -0.058586787615350396182128836335
 207   0.433025918805673791812805716190  -0.058586787615350395983010673877
 208  -0.475485784909597051557231841366  -0.039310679191160716855703598381
 209  -0.390563114966988130691534973885  -0.039309694905550032206926479792
 210  -0.290117727068694403249263036563  -0.036686339777566704626908628880
 211  -0.205239428925191321458730759469  -0.036610617347193946538816822237
 212  -0.120319759625242058595024006998  -0.036610508591633098877549122741
 213  -0.035400027754726268344681252905  -0.036610508214058004107836877874
 214   0.049519704333784286701057849145  -0.036610508214038270787914127321
 215   0.135806778516053238906205641645  -0.034072707590533409013403066130
 216   0.220726511415310105109077316918  -0.034072706186259833017678913296
 217   0.305646320672925032417571632586  -0.034072572524947454430464985907
 218   0.390566052761424206673751619302  -0.034072572524947447540242518288
 219   0.475485784909597051557231841366  -0.034072572421589610958884459881
 220  -0.433024734037753104831047842042  -0.014798516396889808979106864794
 221  -0.348103160957351485741719234315  -0.014795327453996085004432384826
 222  -0.247700677505695193925686871486  -0.012098089828569314347618128894
 223  -0.162779625670335707825242519712  -0.012096293502692112325580309035
 224  -0.077859893798980705891296413674  -0.012096293123663460281503518227
 225   0.091979570378033871840111942394  -0.012096293123635322345145965429
 226   0.007059838289604421408762687585  -0.012096293123514564028263976001
 227   0.178266644560302827678448764419  -0.009558492500130453879530599290
 228   0.263186454410706900704332894135  -0.009558357812077106982269672680
 229   0.348106186717174621419736601235  -0.009558357434544499296592519067
 230   0.433025918805673791812805716190  -0.009558357434544499097474356609
 231  -0.475485784909597051557231841366   0.009717750989645180029832718887
 232  -0.390563114966988130691534973885   0.009718735275255864678609837477
 233  -0.305465412853036989179110901698   0.009877976034643476001949533766
 234  -0.205239554503700707973652669395   0.012417812833451125678648247551
 235  -0.120319759844074355121514926388   0.012417921965277526270465295480
 236  -0.035400027754726276614619207282   0.012417921966747892777699439394
 237   0.049519704333854006547816780833   0.012417921966888384414504185891
 238   0.135806778516053238676283795771   0.014955722590272487872133251138
 239   0.220726511415310105109077316918   0.014955723994546063867857403972
 240   0.305646320672925032417571632586   0.014955857655858442455071331362
 241   0.390566052761424206673751619302   0.014955857655858449345293798980
 242   0.475485784909597051557231841366   0.014955857759216285926651857387
 243  -0.433024734037753104831047842042   0.034229913783916087906429452474
 244  -0.348016775660769723233642529103   0.034233026623768885706735994409
 245  -0.263048915939754098750475905390   0.034467155679349429046774047468
 246  -0.162779626106312169338451905941   0.036932136678113782621535031949
 247  -0.077859893798980714161234368051   0.036932137057142436604032799041
 248   0.091979570378098685175025804980   0.036932137057299831185075944020
 249   0.007059838289823061841883777226   0.036932137057670029196023040130
 250   0.178266644560302827678448764419   0.039469937680675443006005717978
 251   0.263186454410706900704332894135   0.039470072368728789903266644589
 252   0.348106186717174621419736601235   0.039470072746261397588943798202
 253   0.433025918805673791812805716190   0.039470072746261397788061960659
 254  -0.475485784909597051557231841365   0.058746181170451076915369036156
 255  -0.390563114966988130691534973882   0.058747165456061761564146154745
 256  -0.305523352011929351420884426113   0.058956173241623228898888666372
 257  -0.220589128174435541473466510487   0.058981506352338161235995410885
 258  -0.120319759844074363391452880765   0.061446352146083423156001612748
 259  -0.035400027754726276614613036913   0.061446352147553789663235756663
 260   0.049519704334067740469092801373   0.061446352148081475966594798258
 261   0.135806778516053238676283795771   0.063984152771078384757669568406
 262   0.220726511415310105109077316918   0.063984154175351960753393721240
 263   0.305646320672925032417571632586   0.063984287836664339340607648630
 264   0.390566052761424206673751619302   0.063984287836664346230830116248
 265   0.475485784909597051557231841366   0.063984287940022182812188174656
 266  -0.433024734037753104831047842040   0.083258343964721984791965769742
 267  -0.348103248922738545552480878750   0.083261380546464710006914313376
 268  -0.263049063164634835175670034371   0.083495602024465417078729951637
 269  -0.178129304910350171135560138674   0.083495795540009773554317526279
 270  -0.077859893798980714161228197682   0.085960567237948333489569116310
 271   0.007059838289818155366787099585   0.085960567238484424473013041257
 272   0.091979570378301939243707125278   0.085960567238511074374316392384
 273   0.178266644560302827678448764419   0.088498367861481339891542035246
 274   0.263186454410706900704332894135   0.088498502549534686788802961857
 275   0.348106186717174621419736601235   0.088498502927067294474480115470
 276   0.433025918805673791812805716190   0.088498502927067294673598277928
 277  -0.475485784909597051557231841366   0.107774611351256973800905353424
 278  -0.390563114966988130691534973884   0.107775595636867658449682472013
 279  -0.305515954102507347117930996771   0.107997645614031575423684575019
 280  -0.220589209126162133002872645298   0.108009944515208405530178339488
 281  -0.135669438647702633458432853220   0.108010011008114481877847932948
 282  -0.035400027754736035534019105022   0.110474782328359780260140755769
 283   0.049519704306128595704843610844   0.110474782377279391167447708148
 284   0.135806778516053238676283795771   0.113012582951884281643205885675
 285   0.220726511415310105109077316918   0.113012584356157857638930038509
 286   0.305646320672925032417571632586   0.113012718017470236226143965898
 287   0.390566052761424206673751619302   0.113012718017470243116366433517
 288   0.475485784909597051557231841366   0.113012718120828079697724491924
 289  -0.433024734037753104831047842041   0.132286774145527881677502087010
 290  -0.348103248922738545552480878752   0.132289810727270606892450630644
 291  -0.263049144286029555946397367013   0.132524039893459929980485349771
 292  -0.178129304910018429098143620548   0.132524225720815670439852721211
 293  -0.093209572603969149613714774488   0.132524226099531014607537113096
 294   0.091979570378301939243707125278   0.134988997419316971259852709652
 295   0.007059838261879010697922228261   0.134988997467682339839076438261
 296   0.178266644560302827678448764419   0.137526798042287236777078352515
 297   0.263186454410706900704332894135   0.137526932730340583674339279125
 298   0.348106186717174621419736601235   0.137526933107873191360016432738
 299   0.433025918805673791812805716190   0.137526933107873191559134595196
 300  -0.475485784909597051557231841366   0.156803041532062870686441670692
 301  -0.390563114966988130691534973885   0.156804025817673555335218789282
 302  -0.220589208890127704831203514354   0.157038375104264793823064320075
 303  -0.305508928683623999176475298231   0.157038396399473993297913042916
 304  -0.135669438648803927913660106843   0.157038441188920378763371881377
 305  -0.050749706559712304345335961873   0.157038441189946472103181836307
 306   0.049519704265317281693695525640   0.159503212628772557765775732335
 307   0.135806778516053238676283795771   0.162041013132690178528742202943
 308   0.220726511415310105109077316918   0.162041014536963754524466355777
 309   0.305646320672925032417571632586   0.162041148198276133111680283167
 310   0.390566052761424206673751619302   0.162041148198276140001902750785
 311   0.475485784909597051557231841366   0.162041148301633976583260809192
 312  -0.433024734037753104831047842042   0.181315204326333778563038404279
 313  -0.348103248922738545552480878753   0.181318240908076503777986947913
 314  -0.263049062639474909947162145039   0.181552611490051005762304545071
 315  -0.178129304911119723553370874171   0.181552655901621567325376669641
 316  -0.093209572603969111589435646366   0.181552656280336911493073430365
 317  -0.008289839180940707158093595854   0.181552656778302999842984156063
 318   0.091979570378301939243707125278   0.184017427600122868145389026920
 319   0.178266644560302827678448764419   0.186555228223093133662614669783
 320   0.263186454410706900704332894135   0.186555362911146480559875596394
 321   0.348106186717174621419736601235   0.186555363288679088245552750007
 322   0.433025918805673791812805716190   0.186555363288679088444670912464
 323  -0.475485784909597051557231841366   0.205831471712868767571977987961
 324  -0.390563114966988130691534973885   0.205832455998479452220755106550
 325  -0.220589196595797942548505008325   0.206066826581445757224728770163
 326  -0.305508928667982701783129296428   0.206066826607719539988049616592
 327  -0.135669438648803889889380978722   0.206066871369726275648908198646
 328  -0.050749705512683927909750962276   0.206066871370752357808792373588
 329   0.034170026822497563837679701525   0.206066871939393217769683450138
 330   0.135806778516053238676283795771   0.211069443313496075414278520211
 331   0.220726511415310105109077316918   0.211069444717769651410002673045
 332   0.305646320672925032417571632586   0.211069578379082029997216600435
 333   0.390566052761424206673751619302   0.211069578379082036887439068053
 334   0.475485784909597051557231841197   0.211069578482439873468797126461
 335  -0.433024734037753104831047842042   0.230343634507139675448574721547
 336  -0.348103248922738545552480878753   0.230346671088882400663523265181
 337  -0.263049062624305734384472159714   0.230581041699114291450473841685
 338  -0.178129304911119685529091746050   0.230581086082427464210912986909
 339  -0.093209571638548914458449204739   0.230581086461142798873551625322
 340   0.076629892935482221387691301164   0.230581086910743528149296744723
 341  -0.008289839111499618303577162666   0.230581087220758928869477766163
 342   0.178266644560302827678448764419   0.235583658403899030548150987051
 343   0.263186454410706900704332894135   0.235583793091952377445411913662
 344   0.348106186717174621419736601235   0.235583793469484985131089067275
 345   0.433025918805673791812805715773   0.235583793469484985330207229733
 346  -0.475485784909597051557231841366   0.254859901893674664457514305229
 347  -0.390563114966988130691534973885   0.254860886179285349106291423818
 348  -0.220589196580056149245418064584   0.255095256789517239893242000319
 349  -0.305508928578859886639636269124   0.255095256944874286198647730853
 350  -0.135669438562062102379538243139   0.255095301550532172457712121335
 351  -0.050749705594306550418228647306   0.255095301551558254626385943347
 352   0.034170027001485039246434436973   0.255095302192109239249091060748
 353   0.126103167996313787568793831376   0.259128021204184439085482137333
 354   0.220726511415310105109077316918   0.260097874898575548295538990314
 355   0.305646320672925032417571632586   0.260098008559887926882752917703
 356   0.390566052761424206446840469935   0.260098008559887933772975385322
 357   0.475485784909597051557231841366   0.260098008663245770354333443729
 358  -0.433024734037753104831047842042   0.279372064687945572334111038815
 359   0.081449327615447641065489604356   0.279372069841605918837329835610
 360  -0.348103248922738545552480878753   0.279375101269688297549059582449
 361  -0.263049062534610301500582173994   0.279609472035277234641415889487
 362  -0.178129304824377898019249010468   0.279609516263233361019716909599
 363  -0.093209572518397700399928227126   0.279609516641948687864343166265
 364  -0.008289838735619131185529066861   0.279609517814503643579732819218
 365   0.168563034040563369651380220383   0.283642236294587392822207654667
 366   0.263186454410706900704332894135   0.284612223272758274330948230930
 367   0.348106186717174616465825863788   0.284612223650290882016625384543
 368   0.433025918805673791812805716190   0.284612223650290882215743547001
 369   0.038989461681450458924232740165   0.303886285122971629937124151635
 370  -0.475485784909597051557231841366   0.303888332074480561343050622497
 371  -0.390563114966988130691534973884   0.303889316360091245991827741087
 372  -0.220589196436268415574164092255   0.304123687069129852074900941801
 373  -0.305508928578859886639636269124   0.304123687125680183084184048122
 374  -0.135669438648804145805218635781   0.304123731731338069266515591255
 375  -0.050749706474155336359707669692   0.304123731732364143617177484290
 376   0.126103166713381530368001641853   0.308156451384990319185704602042
 377   0.211022899443346811653530013939   0.308156452496042258942716238601
 378   0.305646320321705767715513761933   0.309126438740693822510294930005
 379   0.390566052761424206673751619306   0.309126438740693830658511702597
 380   0.475485784909597051557231841232   0.309126438844051667239869760997
 381  -0.433024734037753104831047842042   0.328400494868751469219647356084
 382  -0.003470404055653711507730763668   0.328400500745366034267765910105
 383   0.081449326993801270603036774346   0.328400501481060396307110521454
 384  -0.348103248922738545552480878753   0.328403531450494194434595899718
 385  -0.263049062444763121885570638622   0.328637902221462067161323794559
 386  -0.178129304911119941444929403110   0.328637946444039257828520379518
 387  -0.093209572605139743825608619768   0.328637946822754584673146636184
 388   0.168563032757631112450588030859   0.332670666475393272922430119376
 389   0.253482704604061438157975661222   0.332670773039518680591802228779
 390   0.348106186717174621419736601235   0.333640653831096778902161701812
 391   0.433025918805673791812805715826   0.333640653831096779101279864269
 392  -0.045930270831757549281198703609   0.352914714568160189714413934694
 393   0.038989491472224779472431547449   0.352914769438207918931953925920
 394  -0.475485784909597051557231841364   0.352916762255286458228586939766
 395  -0.390563114966988130691534973881   0.352917746540897142877364058355
 396  -0.305508928492118237004929889055   0.353152117306486079892988214742
 397  -0.220589196424686302059206534956   0.353152117420238593726021554361
 398  -0.135669439084936570166378159054   0.353152161912143964212243812713
 399   0.126103044946573516107120063323   0.357184881565645006298876951145
 400   0.211022837918345738955033678142   0.357184987018869694571516109554
 401   0.295942570439187414076244581736   0.357184988492134341699204850181
 402   0.475485784909597051557231841366   0.358154869024857564125406078266
 403   0.390045074414824318632114251950   0.359054981760485148577893911452
 404  -0.433024734037753104831047842038   0.377428925049557366105183673352
 405  -0.088390136880693499596819190487   0.377428929650446115566755832034
 406  -0.003470405519362254620107528800   0.377428930926171909304318981537
 407   0.081449285636961913457706554202   0.377429109027156934249899586990
 408  -0.348103248835996895917774498684   0.377431961631300091243400066338
 409  -0.263049059915332699448326747819   0.377666336933611473712804694416
 410  -0.178129355479104673643928715468   0.377666376624819076772437451586
 411   0.168562910990823098189706452329   0.381699096656047960035602468479
 412   0.253482703321129180957183471700   0.381699203220324560692024693487
 413   0.338402436520105942617192814480   0.381699203519024817000324265228
 414   0.433025918805673791812805716190   0.382669084011902675986816181538
 415  -0.130850002965864702353385201970   0.401943144700855486987865628668
 416   0.038989388645374879365167477953   0.401943270515120924622264642607
 417  -0.475485784909597051557231841366   0.401945192436092355114123257034
 418  -0.390563114966988130691534973884   0.401946176721703039762900375623
 419  -0.045926416659116085272263591805   0.401949821694968567934382114725
 420  -0.305508928578859886551033613548   0.402180547487291976701792381521
 421  -0.220589218804292495958859345299   0.402180596424774544160033578072
 422   0.125185477718691780620298775964   0.406204724857688239615434444454
 423   0.475485784909597051557231841366   0.407183299205663461010942395534
 424   0.211669235149049117594424167427   0.408231701312009859007908038642
 425   0.303216803596620222041936998052   0.415842451263818067765019722295
 426   0.397848090953534514272867687385   0.416820326940958898760113540676
 427  -0.173309871932930539514134112265   0.426457354728791488769356902757
 428  -0.433024734037753104831047842042   0.426457355230363262990719990620
 429  -0.088390136944705419674629412426   0.426457359831252012410504905687
 430  -0.348103248922738545463878223179   0.426460391812105988052204233115
 431  -0.003466622286200181709808874348   0.426464161644362893210091419557
 432  -0.263049087818625406495591400956   0.426694806370841550604445153540
 433   0.080938057816389989110582635798   0.427322319369931954677528904733
 434   0.350416895760710658755797411512   0.429232767819948080484385723415
 435   0.256473572108324591642539989275   0.430636322770742920025783965116
 436   0.167645343762941362702885164971   0.430718939948091193352159961788
 437   0.440307956982618026346870403445   0.441334542057630256284087118450
 438  -0.215769735166575889785994417400   0.450971574687303127487586701380
 439  -0.475483052673296378674652514674   0.450980774441183081072607026981
 440  -0.130840472348692616054368347578   0.450988079698166693984956404822
 441  -0.390287638158336683457214941561   0.451445672895450047435493480552
 442  -0.045428313803648122621803849675   0.451821673568617135247119124327
 443  -0.302893572284543081122443559148   0.455264090989806087598095954791
 444   0.043802714196863073220334605396   0.459334088275250069089014905364
 445   0.285410902933812212170478649662   0.470214319823277583342842052598
 446   0.138872575128458133031469066846   0.470416732721753769033884905653
 447   0.383381992571068608083343918940   0.473839647214266371685453501187
 448  -0.002488858346806183237958100667   0.475485784203671725091946236403
 449  -0.433017721008027291370088505408   0.475485784909597051557231841366
 450  -0.347557540547657003745870887521   0.475485784909597051557231841366
 451  -0.258229604021429158499016230776   0.475485784909597051557231841366
 452  -0.173309866209245736090014253783   0.475485784909597051557231841366
 453  -0.088367768858828600049750002030   0.475485784909597051557231841366
 454   0.090106893795054415462098594041   0.475485784909597051557231841366
 455   0.187638256461861850600839539652   0.475485784909597051557231841366
 456   0.236666686642667747486375856920   0.475485784909597051557231841366
 457   0.334155119224956676854581442403   0.475485784909597051557231841366
 458   0.475485784909597051557231841366   0.475485784909597051557231841366
