   1  -0.474281756191841748675936280315  -0.474281756192859960023209994913
   2  -0.385172382379848641848000741255  -0.474281756192859960023209994913
   3  -0.296081772416079593109933244638  -0.474281756192859960023209994913
   4  -0.206991162505066700310053380279  -0.474281756192859960023209994912
   5  -0.117900552605022334091648917861  -0.474281756192859960023209994913
   6  -0.028809942702341818238734889927  -0.474281756192859960023209994913
   7   0.060280667200338698615886956514  -0.474281756192859960023209994913
   8   0.149371277104666128803954787164  -0.474281756192859960023209994913
   9   0.238461887009924975328847117426  -0.474281756192859960023209994913
  10   0.327552496913340981981419520126  -0.474281756192859960023209994913
  11   0.416643106816756987968563253049  -0.474281756192859960023209994913
  12   0.472617985339508409936309254071  -0.452961855007238906379447803950
  13  -0.429727069285678493809211206540  -0.448579769249873197944700047457
  14  -0.340627077397964117478966992946  -0.448563512431574823522200517725
  15  -0.251536467460573146709993312462  -0.448563512385886652219212150264
  16   0.193916582057295552066400952295  -0.448563512380903501971122339378
  17   0.104825972152502413709920871839  -0.448563512380096871762150762542
  18   0.283007191961632978655133318776  -0.448563512379307555827050945627
  19   0.372097801865048984974991386587  -0.448563512379307555250772813385
  20   0.015735362248998440188576033293  -0.448563512378670602978023746452
  21  -0.073355247653682076165191903894  -0.448563512378670602110519328772
  22  -0.162445857555044517200851149070  -0.448563512376387629559826430254
  23   0.429736451233379850880590120744  -0.424539655412116099558503341645
  24  -0.296081772423483953204566555296  -0.422845268578579880070162919150
  25  -0.385172382384687560356215007568  -0.422845268578579880069857596824
  26  -0.474281756192075705074538476601  -0.422845268578579880069630516809
  27  -0.206991162510550963600791081253  -0.422845268569414321755828585607
  28   0.149371277105131836972367036970  -0.422845268568140413710063107006
  29   0.238461887009003555392687153645  -0.422845268567351097774963290091
  30   0.060280667201162155282609948618  -0.422845268565907514716964514081
  31   0.327552496913340981648705185237  -0.422845268565755151054613764099
  32  -0.028809942702341817737880980673  -0.422845268564481245065333080310
  33  -0.117900552603704259274394135102  -0.422845268562198271647135764114
  34   0.474281756192859960023209994913  -0.398821411612025377518258065491
  35   0.385191146281671847887018254282  -0.398821411598563694786066160118
  36  -0.429727069288373148032043354377  -0.397143281631876011446967629898
  37  -0.340627077404085756780302642469  -0.397127024815073005978083063500
  38  -0.251536467469663327182454920335  -0.397127024768686645719527272173
  39  -0.162445857559210705674334067283  -0.397127024755224963843137919472
  40   0.193916582056839840298653238320  -0.397127024754588009513904057720
  41   0.104825972153791578545056113749  -0.397127024753951056664876858545
  42   0.283007191960711558386259020107  -0.397127024753798693002526108564
  43   0.015735362249821897356152934652  -0.397127024751718156804273847939
  44  -0.073355247652364000847083211882  -0.397127024748008914601949515653
  45   0.429736451241519702096752980953  -0.373103167797836019605567399339
  46   0.340645841329963844560732052932  -0.373103167785011290589907110832
  47  -0.296081772430888313298694619904  -0.371408780964299800117115843386
  48  -0.385172382390850724787613299288  -0.371408780964299800116646824496
  49  -0.474281756192859960022127026047  -0.371408780964299800116056485424
  50  -0.206991162518323069255997906364  -0.371408780954497287806836606037
  51  -0.117900552607870447247023144062  -0.371408780941035606797951671012
  52   0.238461887008547843292225104781  -0.371408780941035604741466876193
  53   0.149371277105499581871342315099  -0.371408780940398652468717809259
  54   0.060280667202451320618599099783  -0.371408780939761698752186192403
  55  -0.028809942700200285753049296556  -0.371408780935245826340890283282
  56   0.385191146289811699103181114491  -0.347384923984283614833130217812
  57   0.474281756192859960023209994913  -0.347384923983646661692876733187
  58   0.296100536377334421298285887801  -0.347384923973054832537819455296
  59  -0.429727069291498058103172802972  -0.345706794012329082980536725329
  60  -0.340627077410869519043018565507  -0.345690537199718019047561484571
  61  -0.251536467477435432837661745449  -0.345690537153769611770535292609
  62  -0.162445857566982810828686983143  -0.345690537140307930761650357577
  63  -0.073355247654883275760127304256  -0.345690537126846250226678590411
  64   0.193916582057207584864914181561  -0.345690537126846247696280627732
  65   0.104825972154159323944885301133  -0.345690537126209294556027143117
  66   0.015735362252429137509396868574  -0.345690537123289368288802627746
  67   0.340645841338103695776894913141  -0.321666680170731210636971168526
  68   0.429736451241151957029638128451  -0.321666680170094256920439551660
  69   0.251555231425170706204251972476  -0.321666680160291744276760222925
  70  -0.296081772437381250179910925915  -0.319972293350019720163945641806
  71  -0.385172382395247027019665060976  -0.319972293350019720163254691394
  72  -0.474281756192427343784351532177  -0.319972293350019720162478294550
  73  -0.206991162526095174410350822228  -0.319972293339580254725349044145
  74  -0.117900552614363384128144124941  -0.319972293326755526844781469432
  75   0.149371277105867326938457167595  -0.319972293312656889783589961589
  76   0.060280667204137140835683069924  -0.319972293309736964092643578460
  77  -0.028809942633326017383370076562  -0.319972293195503280078138851444
  78   0.296100536385474272514448748010  -0.295948436358774752584883512990
  79   0.385191146289443953703351927101  -0.295948436356541852724280502374
  80   0.474281756192859960023209994913  -0.295948436356541852148002370132
  81   0.207009926473830447776941049255  -0.295948436346102387231573974464
  82  -0.429727069293820723841464704180  -0.294270306394454330565079093451
  83  -0.340627077416314138599588533245  -0.294254049583622200221728391244
  84  -0.251536467484751826385652631214  -0.294254049538063263032983614529
  85  -0.162445857573475747709807964021  -0.294254049526027850808480155997
  86  -0.073355247660444795856568304073  -0.294254049512566170273399247204
  87   0.104825972155845143829254936386  -0.294254049496184559320206396933
  88   0.015735362371039070803170084376  -0.294254049290746130311644251457
  89   0.251555231433310557420414832685  -0.270230192546011664323824280619
  90   0.340645841336814530440905761971  -0.270230192544585394672192846838
  91   0.429736451241151956696923793563  -0.270230192542989447951843320846
  92   0.162464621522490189850484035289  -0.270230192531913029318883308322
  93  -0.296081772443874186344030012891  -0.268535805735739640210775440136
  94  -0.385172382398751946445451950873  -0.268535805735739640209794095091
  95  -0.474281756192629440405254946690  -0.268535805735739640208898681400
  96  -0.206991162532588111291471803103  -0.268535805725300174772178842563
  97  -0.117900552619924904224585124758  -0.268535805712475446891502126228
  98  -0.028809942640730377204220167456  -0.268535805581223200125091775641
  99   0.060280667375404158913029007934  -0.268535805385988979956662359053
 100   0.207009926481970298993103909465  -0.244511948731822307278638032158
 101   0.296100536384650815346871846645  -0.244511948731822306411133614467
 102   0.385191146288522533434477628432  -0.244511948731032989899755665310
 103   0.474281756192859960023209994913  -0.244511948729437043755684271560
 104   0.117919316572468006741281804081  -0.244511948715440698855499743665
 105  -0.429727069295690676232829614720  -0.242833818777340016650300800731
 106  -0.340627077421313066394457691972  -0.242817561966754421860791902042
 107  -0.251536467491244762908272665213  -0.242817561923783182458871558217
 108  -0.162445857579037267806248963839  -0.242817561911747770855200812793
 109  -0.073355247667849155677418394967  -0.242817561898286090320352171402
 110   0.015735362363634710565875461095  -0.242817561676466050358597175712
 111   0.340645841336358818340443713107  -0.218793704918269901638696432939
 112   0.251555231433310556919560923425  -0.218793704917632949365947366006
 113   0.429736451240230536760763829782  -0.218793704917480585703596616024
 114   0.162464621531948115883901678250  -0.218793704915349976815254467511
 115   0.073374011792027021825055875629  -0.218793704605245119491955705785
 116  -0.296081772450347130240447867345  -0.217099318121459560257602718685
 117  -0.385172382401245310759399142833  -0.217099318121459560256274517364
 118  -0.474281756192807954249154421825  -0.217099318121459560255318980999
 119  -0.206991162538149631387912802920  -0.217099318111020094818899499357
 120  -0.117900552627329264045435215653  -0.217099318098195366938455050426
 121  -0.028809942648134737441514790737  -0.217099317966943120172044699895
 122   0.474281756192859960023209994913  -0.193075461105524127651508960489
 123   0.385191146288066821666729914457  -0.193075461104717497442537383653
 124   0.296100536385018559913132789887  -0.193075461104080544593510184478
 125   0.207009926483288373810358692211  -0.193075461101160618902563801359
 126   0.028828706780257573477902328790  -0.193075460895722189893890522444
 127   0.117919316884519855845539501033  -0.193075460574769604905639586681
 128  -0.429727069297011350605866960739  -0.191397331161027065338382275242
 129  -0.340627077425796220499540086394  -0.191381074349027924886134848811
 130  -0.251536467497717706804690519667  -0.191381074309503102505698836766
 131  -0.162445857586441627770335376779  -0.191381074297467690902153737011
 132  -0.073355247675253515914713018249  -0.191381074284006010367305095658
 133   0.429736451240696244929176079588  -0.167357217292761039390449728118
 134   0.340645841336726563239418991237  -0.167357217290528140397351135192
 135   0.251555231434996376803930558672  -0.167357217287608214130126619831
 136  -0.015716598231511874529487923042  -0.167357217186199259707338046627
 137   0.073374011800166876671155655093  -0.167357216990965039539019764053
 138   0.162464621847199394663772314866  -0.167357216740940036920259417286
 139  -0.296081772457751490334506168581  -0.165662830507179480304555642921
 140  -0.385172382403575081307336792526  -0.165662830507179480302747269646
 141  -0.474281756192856240936272939993  -0.165662830507179480301738993490
 142  -0.206991162545553991351999215859  -0.165662830496740014865852423575
 143  -0.117900552634733624282729838935  -0.165662830483915286985407974683
 144  -0.060261903258630653002686150554  -0.141638973503262149902598442390
 145   0.474281756192859960023209994913  -0.141638973479997951129390495746
 146   0.385191146289355986501865156367  -0.141638973478571682345263479656
 147   0.296100536386704380130216760024  -0.141638973474055809933967570542
 148   0.028828706788397428324002108255  -0.141638973281442109940954580712
 149   0.207009926800727833976004838985  -0.141638972924234544042627178932
 150   0.117919316949258537601464130154  -0.141638972834260203872676389841
 151  -0.429727069298215661121514047239  -0.139960843544795987610750466348
 152  -0.340627077430663285820399448157  -0.139944586730353121464720959479
 153  -0.251536467505122066898748820903  -0.139944586695223022552651761003
 154  -0.162445857593845987864393678016  -0.139944586683187610949106661247
 155  -0.104807208218110761370702971241  -0.115920729703171426520701321415
 156   0.429736451241519701595899071693  -0.115920729665808594084204247285
 157   0.340645841339333803392662925155  -0.115920729662099351881879915006
 158  -0.015716598223372019683388143577  -0.115920729571919179754402104896
 159   0.073374011792027027004198902277  -0.115920729376684959586083821497
 160   0.251555231752435837302291040339  -0.115920729110682139846468129643
 161   0.162464621901676867349736430616  -0.115920729019477477151964736160
 162  -0.296081772464244426498606198218  -0.114226342892899400351385441251
 163  -0.385172382406779847833128446462  -0.114226342892899400349267096465
 164  -0.474281756192859960023207654506  -0.114226342892899400348158983450
 165  -0.206991162552958351446057517096  -0.114226342882459934912805347811
 166  -0.149352513177223124952366810321  -0.090202485902443750484400007979
 167  -0.060261903250490798156586371089  -0.090202485888982069949662500658
 168   0.474281756192859960023209994913  -0.090202485851619237039017998823
 169   0.385191146291497518486696840481  -0.090202485849336263620820682634
 170   0.028828706780257578657045355440  -0.090202485667162029988018638154
 171   0.296100536705065260564737205470  -0.090202485298725681794380474107
 172   0.207009926853384918828112186980  -0.090202485205924989553940509072
 173   0.117919316985358553177921085417  -0.090202485144628333393966737753
 174  -0.429727069299819903927848435329  -0.088524355927741381575411245317
 175  -0.340627077435512137165255808874  -0.088508099113225403068402943922
 176  -0.251536467511615003062848850540  -0.088508099080942942599481559332
 177  -0.193897818136335488534030649401  -0.064484242101716074448098694543
 178  -0.104807208209970906524603191776  -0.064484242088891346567765379683
 179   0.429736451242837776914007763702  -0.064484242035146906575634434170
 180  -0.015716598231511869350344896393  -0.064484241957639099801466162338
 181   0.073374011784622666910140601041  -0.064484241762404879633036745733
 182   0.340645841657228975658771120795  -0.064484241485962593533321241735
 183   0.251555231806014342090558352111  -0.064484241393968531501852853537
 184   0.162464621953727087051502945290  -0.064484241302219043931720393359
 185  -0.296081772469805946696763178775  -0.062789855278619320398106098058
 186  -0.385172382410526688546413837838  -0.062789855278619320395823553767
 187  -0.474281756192859960023209994913  -0.062789855278619320394578973277
 188  -0.238443123094992140150821982845  -0.038765998300199082134774906064
 189  -0.149352513169083270106267030856  -0.038765998288163670531464066247
 190  -0.060261903258630647823543123908  -0.038765998274701989996726558106
 191   0.474281756192859960023209994913  -0.038765998218674576112250869511
 192   0.028828706772853218562987054204  -0.038765998052881950034971562391
 193   0.385191146608569234086082044015  -0.038765997671773236488134993271
 194   0.296100536758178057184592267435  -0.038765997581205443240793621163
 195   0.117919316988982014628444927133  -0.038765997511247505798666878324
 196   0.207009926906682853740465968184  -0.038765997489697342487027508336
 197  -0.429727069301693324284452939646  -0.037087868310213706114387346400
 198  -0.340627077440166317620929594527  -0.037071611497373764579242453252
 199  -0.282988428053183083784736311080  -0.013047754497875459933399444790
 200  -0.193897818128195633687930869937  -0.013047754487435994495162752811
 201  -0.104807208217743011405206962989  -0.013047754473974313960425244670
 202  -0.015716598238916229444403197628  -0.013047754343359019848419086574
 203   0.073374011777218306816082299805  -0.013047754148124799679989669970
 204   0.429736451558591417195284275227  -0.013047753855300906024751428613
 205   0.340645841709518315611903190655  -0.013047753767016086195607372699
 206   0.251555231858853811493892453883  -0.013047753676921709571981602754
 207   0.162464622005678721467148628168  -0.013047753588323257715827874839
 208  -0.385172382410526688546413837838  -0.011353367664339240442243543593
 209  -0.474281756192859960023209994913  -0.011353367664339240440998963103
 210  -0.327533733023543454708902726832   0.012670489283370095885464200016
 211  -0.238443123086852285304722203380   0.012670489314080997818161035667
 212  -0.149352513176855374986870802069   0.012670489326753362075876068766
 213  -0.060261903266035007917601425144   0.012670489339578089956320517657
 214   0.028828706765448858468928752968   0.012670489561398129918075513373
 215   0.385191146659540498721105421868   0.012670490049456244267776191958
 216   0.117919316984336748571334366028   0.012670490104619572916221305759
 217   0.296100536810246865161130951821   0.012670490137359091510696237294
 218   0.207009926957850145892086349855   0.012670490224453183497981987503
 219   0.474281756192859960023209994912   0.012670490508072764062748012287
 220  -0.429727069301693324284452939646   0.014348619304066373839192663774
 221  -0.372079037984305248176824198177   0.038388733113878038341389198202
 222  -0.282988428045043228938636531616   0.038388733116404620019536496941
 223  -0.193897818135512026603662135513   0.038388733128270354389199857244
 224  -0.104807208225147371499265264225   0.038388733140305765992621831093
 225  -0.015716598246320589538461498865   0.038388733270921060104627989190
 226   0.073374011771656786617882748327   0.038388733466155280273289673223
 227   0.340645841760269073549188831925   0.038388733953831465758341922307
 228   0.251555231909249551897756498700   0.038388734038744987153516563115
 229   0.162464622061764738408138867294   0.038388734134346749469315718551
 230   0.429736451293809041549031141552   0.038388734412829914355275632859
 231  -0.474262986462612254505766269228   0.040083116525302011705311664288
 232  -0.416633724875471883914863299985   0.064090720082283652622825405569
 233  -0.327533733015403599862802947367   0.064106976897650175838400141747
 234  -0.238443123093702970237576463748   0.064106976930593976590575318518
 235  -0.149352513183804023116056597668   0.064106976941822758305945619572
 236  -0.060261903273439368011659726380   0.064106976953858169909367593421
 237   0.028828706759887338270729201489   0.064106977175678209871354856565
 238   0.117919316978993618254697048589   0.064106977720891175062147380262
 239   0.296100536859271783668421529334   0.064106977855217401901025648382
 240   0.207009927060179733409875372334   0.064106978030071941408107694071
 241   0.385191146394537616377114551608   0.064106978317205135845841363209
 242   0.474281756192859960023209994912   0.064106978317587064647803253431
 243  -0.372079037992445097843780950996   0.089825220728158118294325140753
 244  -0.282988428053183078605593284427   0.089825220730684699972472439506
 245  -0.193897818141994966749970925904   0.089825220744146380507321080846
 246  -0.104807208232096019628451059824   0.089825220755375162222691381900
 247  -0.015716598251882109736661050343   0.089825220885201140057907332382
 248   0.073374011765163850453782718694   0.089825221080435360226459874898
 249   0.162464622053624901441784236066   0.089825221748626851560284684343
 250   0.251555232037080346732487474056   0.089825221893099078128080104824
 251   0.340645841493540326496347249017   0.089825222218591071988525089286
 252   0.429736451293588534851293404968   0.089825222221962286138368983781
 253  -0.474281756192859960023209994913   0.091519600714943263851622291679
 254  -0.428128575178353325145335885042   0.114226342892899404560951493848
 255  -0.327533733023543449529759700187   0.115543464511930255791336084298
 256  -0.149352513190654708086178628433   0.115543464558335737142909574211
 257  -0.060261903279000888209859277859   0.115543464568138249862646936613
 258  -0.238443123130470159048838722943   0.115543464594458062345101595598
 259   0.028828706753394402106629171855   0.115543464789958289824525058238
 260   0.117919316971353993589532795129   0.115543465336037670283238100004
 261   0.207009927050463287897243769867   0.115543465646187224463814700900
 262   0.385191146392591244970526102376   0.115543466123348222281052709857
 263   0.474281756192859960023209994912   0.115543466126337507628934714131
 264   0.296100536671348889560413193737   0.115543466256472748215579545730
 265  -0.383573888285946016689208991942   0.139960843540924590508529538873
 266  -0.193897818150134816491463219496   0.141261708358426460460257023385
 267  -0.104807208237657539826650611303   0.141261708369655242175970725092
 268  -0.282988428113649992398308695203   0.141261708397907578332338377448
 269  -0.015716598258375045900761079978   0.141261708499481220011077534053
 270   0.073374011757024000711938311601   0.141261708694715440179395817437
 271   0.162464622043163629630983321790   0.141261709363452057618781052832
 272   0.251555231684731830725169489547   0.141261710009560894551314141808
 273   0.429736451291862670142442692320   0.141261710027723443771618440208
 274   0.340645841574120395982659731811   0.141261710167674145790022772262
 275  -0.474281756192859960023209994913   0.142956088329223343805202301853
 276  -0.428128575178353325145335885042   0.165662830507179484514531504022
 277  -0.339028583317044368375187741133   0.165679087324696728005540482418
 278  -0.149352513200112632372419973923   0.166979952174898789174544644453
 279  -0.060261903285493824373959307495   0.166979952182418329815817138284
 280  -0.238443123142143323138511639656   0.166979952208738142297357032826
 281   0.028828706745254552364784764762   0.166979952404238369777461000778
 282   0.117919316962726543565638674724   0.166979952954039148884605132834
 283   0.207009926677432172458909041469   0.166979953726825727706280493741
 284   0.296100536585769218866976647365   0.166979953917758711149051719091
 285   0.474281756192859960023209994912   0.166979953929109379914302166284
 286   0.385191146473171314430019011467   0.166979954072431296129003256891
 287  -0.383573888285946016689208991942   0.191397331155204670462109549047
 288  -0.294483278302228689745322443758   0.191397331234730104009690776427
 289  -0.193897818160910815321614050346   0.192698195972706540412708241954
 290  -0.104807208245797389568495018395   0.192698195983935322128906667632
 291  -0.015716598266514895642605487071   0.192698196113761299964013476592
 292   0.073374011746248000226491840587   0.192698196308995520131847035659
 293   0.162464621609262492169221726180   0.192698197338660589279451558460
 294   0.251555231582278485892252192790   0.192698197641620796460804046279
 295   0.340645841496856906110746258926   0.192698197843364156652776347700
 296   0.429736451373817852677546468236   0.192698197974424751918318208486
 297  -0.474281756192859960023209994913   0.194392575943503423758782312027
 298  -0.428128575178353325145335885042   0.217099318121459564468111514196
 299  -0.339028583317044368375187741132   0.217115574938976807959120492592
 300  -0.249937973346818506481141154988   0.217115575041870144455719212475
 301  -0.060261903293633674115803714587   0.218416439796698409768753080823
 302   0.028828706734478551879338293749   0.218416440018518449729912219000
 303  -0.149352513344530614233148639564   0.218416440020653572259310568217
 304   0.117919316380516543136103613593   0.218416440672369190077862086018
 305   0.207009926564713642614858622670   0.218416441341105807536354141414
 306   0.296100536496967231274341045642   0.218416441573463457647027433960
 307   0.385191146403565809455465609069   0.218416441760733916244173821018
 308   0.474281756191556449230800716664   0.218416442021834509481926909571
 309  -0.383573888285946016689208991939   0.242833818769484750415689559221
 310  -0.205392668366378287086414274977   0.242833818805656890559637492516
 311  -0.294483278248767458631368255838   0.242833818941607753204035681595
 312  -0.104807208256573390053941489408   0.244134683598215402081357885854
 313  -0.015716598277290896128051958085   0.244134683728041379916464694815
 314   0.073374011368747094788950066754   0.244134684381892119675927269359
 315   0.162464621496960139898010183933   0.244134684953661509817938151812
 316   0.251555231482141320370589282258   0.244134685277692438778114282196
 317   0.340645841396748578900350597826   0.244134685480276382390296082773
 318   0.429736451214096841816580131534   0.244134685822884452015212750302
 319  -0.474281756192859960023209994912   0.245829063557783503712362322201
 320  -0.428128575178353325145335885038   0.268535805735739644421691524370
 321  -0.339028583317044368375187741129   0.268552062553256887912700502766
 322  -0.249937973271178144242707991064   0.268552062710332411636480208193
 323  -0.160847361336762861620351647312   0.268552063374518088855278427948
 324  -0.060261903304409674601250185601   0.269852927410978489721204299045
 325   0.028828706330955272350082861764   0.269852928136487123158961767588
 326   0.117919316267798013298069671428   0.269852928286649269907935733703
 327   0.207009926454924862865378734584   0.269852928960460363535484249385
 328   0.296100536391275285376816709800   0.269852929200704572087297493979
 329   0.385191146205813080949159296857   0.269852929543345812424264072010
 330   0.474281756191673363644874913201   0.269852929638412946768949694891
 331  -0.383573888265733170017653582722   0.294270306383764830365298077663
 332  -0.205392668259455824517169414460   0.294270306419936970402086148936
 333  -0.294483278187678731714063384025   0.294270306602726238418602759123
 334  -0.114818044461749019235777356709   0.294587586553022005351646874084
 335   0.073374011256028564950916124590   0.295571171996172199506000917044
 336  -0.015716599116358086386356447030   0.295571172547222558625715673265
 337   0.162464621388598481004346329229   0.295571172575487911672660418461
 338   0.251555231397712036932445023788   0.295571172941761565063548846732
 339   0.340645841198575683639704707664   0.295571173264378283547758482088
 340   0.429736451244506025081094824782   0.295571173464392969112670094986
 341  -0.474281756191499515070770406436   0.297265551172063583665924341153
 342  -0.428128575168462250456686022613   0.319972293350019724374320523277
 343  -0.159554258756302072558957995448   0.319972294325336720905634018932
 344  -0.339028583283084961506198508433   0.319988550167536967855070170162
 345  -0.249937973183047251482658963192   0.319988550324612491514558812469
 346  -0.070272737673049570817270238900   0.320305830730189430068283702121
 347   0.028828706217583106035612002189   0.321289415750767202987598875447
 348   0.117919316155079483460035729263   0.321289415900929349738009381390
 349   0.207009926343332138368562764623   0.321289416577481029438151906354
 350   0.296100536204754597320437879265   0.321289417006007591225944063921
 351   0.385191146228433452739967472956   0.321289417166462982986175260850
 352   0.474281756180172210920353477401   0.321289417315411884812799515072
 353  -0.204099564213334349798442038841   0.345690537263641788819547454356
 354  -0.383573888245045375294755827155   0.345706793998044910314717764394
 355  -0.294483165885391865879923186764   0.345706988628991056438212636562
 356  -0.114818042842095177212827461586   0.346024074167302059805054830797
 357  -0.025727432234271643904269622651   0.346024076114601841734601099088
 358   0.073374011142853562362644613637   0.347007659610452279335072219441
 359   0.162464621275423544698043257748   0.347007660189768106305471550702
 360   0.251555231150338404668595166395   0.347007660641664192395626469415
 361   0.340645841220100532354193386000   0.347007660881938153644185765341
 362   0.429736451139150828383275733705   0.347007661226803148727551431369
 363  -0.474281756190702242657029031861   0.348702038786343663619498172413
 364  -0.428128575158354149688455837433   0.371408780964299804326907330902
 365  -0.248644869112782928626959697211   0.371408781167710171177677874892
 366  -0.159554257122757962410753849275   0.371408781964096001853892634375
 367  -0.339028583238848371263768464855   0.371425037781817047789627925833
 368  -0.070272738100320419611923213769   0.371742318344469508247244305944
 369   0.018817873072712616291666378989   0.371742319312797708698510309851
 370   0.117919316041904480871764218313   0.372725903515209429567080683788
 371   0.207009926082429810998075659520   0.372725904253951269262946113762
 372   0.296100536241717145640599180307   0.372725904649287438462172131345
 373   0.385191146078893947776137138595   0.372725904856669847039531180586
 374   0.474281756183979091573349254889   0.372725904942923142551841022991
 375  -0.204099562593923327006603979458   0.397127024877921843280600832408
 376  -0.383573888285946016697081002948   0.397143281612324990252036336970
 377  -0.294470464065596099765258133433   0.397143528973836255991878807223
 378  -0.114824558519449402864931310866   0.397460561368897939069833175426
 379   0.069704981969856730172515631725   0.398313122117106346655125714377
 380   0.251555231170557929700826482980   0.398444148255944272345232363049
 381   0.341343322818922635968137588716   0.399691948291667478008250507053
 382  -0.024306631297887266046971834261   0.399784561504095042144138637117
 383  -0.474281756192859960023209994913   0.400138526400623743573032925373
 384   0.160661524858360124605958551128   0.401856830892143301068621169007
 385   0.439089250825640877879161058073   0.410238567136803689397979706761
 386  -0.428128575178353325142500686743   0.422845268578579884276599371297
 387  -0.248644867493371905835121637828   0.422845268781990225638731252944
 388  -0.159557543582459884548414787509   0.422850959267443546603814672129
 389  -0.339028583317044368345371578822   0.422861525396097127683769449407
 390   0.024505460613282677119612068359   0.422863387436051356906785765696
 391  -0.070279253777674645264027063049   0.423178805546065387512022650574
 392   0.389522197330609494480083548943   0.423979726698585444065529171365
 393   0.114250286868907648681635236397   0.424031366021863496887134178726
 394   0.207009926102649336030306976105   0.424162391868231349212552007397
 395   0.296100535988552302678680695923   0.424162392301095476501965349852
 396   0.474281756192859960023209994912   0.447751229320440807772996470959
 397  -0.293189029258503692694693771310   0.448565492551152100594189494180
 398  -0.383572980141127031617952911811   0.448581342235260035118140104806
 399  -0.203727470920250396629347996337   0.449209143725255419262834815936
 400  -0.018608530644123067620109658030   0.450915054337508907915089886000
 401  -0.474281755887567395117916511995   0.451575014393272644168611555075
 402  -0.111612008087482692136094385415   0.453794705661913481197287336899
 403   0.076223313372055383936744287410   0.458667499580748393816384658223
 404   0.328330326052491707898868521359   0.464249209218691977074307013579
 405   0.175838909156644279443712302053   0.465077914114022782667809921903
 406  -0.248639344217270924151984604878   0.474281756191449939089665226413
 407  -0.428128574520490529803977001402   0.474281756192859960023209994913
 408  -0.337735477404278036741114665830   0.474281756192859960023209994913
 409  -0.158792438550084807644118114637   0.474281756192859960023209994913
 410  -0.064431117896450077294798120658   0.474281756192859960023209994913
 411   0.027214056608203942054578804598   0.474281756192859960023209994913
 412   0.125232570135906825818909770223   0.474281756192859960023209994913
 413   0.226445248177381733068514833883   0.474281756192859960023209994912
 414   0.277881735791661813022094844059   0.474281756192859960023209994912
 415   0.378778916313321602775642198659   0.474281756192859960023209994912
 416   0.430215403927601682729222208835   0.474281756192859960023209994912
