   1  -0.474033366464876845466667363094  -0.474033366464876845466667363094
   2  -0.384082309296166543744018585926  -0.474033366464876845466667363094
   3  -0.294131252127456242021369808757  -0.474033366464876845466667363094
   4  -0.204180194958745940298721031588  -0.474033366464876845466667363094
   5  -0.112983627530106589805318363072  -0.474033366464876845466667363094
   6  -0.020697447963029814007900911333  -0.474033366464876845466667363094
   7   0.069253609205680487714747865836  -0.474033366464876845466667363094
   8   0.159204666374390789437396643004  -0.474033366464876845466667363094
   9   0.249155723543101091160045420173  -0.474033366464876845466667363094
  10   0.339106780711811392882694197341  -0.474033366464876845466667363094
  11   0.429057837880521694605342974510  -0.474033366464876845466667363094
  12  -0.066840537746568201906609637202  -0.450203144186898721147802047655
  13  -0.158581911244426265052019697330  -0.449176561543529075131567886739
  14  -0.429057837880521694605342974510  -0.448066732929753690933334726188
  15  -0.339106780711811392882694197341  -0.448066732929753690933334726188
  16  -0.249155723543101091160045420173  -0.448066732929753690933334726188
  17   0.024278080621325336853423477251  -0.448066732929753690933334726188
  18   0.114229137790035638576072254420  -0.448066732929753690933334726188
  19   0.204180194958745940298721031589  -0.448066732929753690933334726188
  20   0.294131252127456242021369808757  -0.448066732929753690933334726188
  21   0.384082309296166543744018585926  -0.448066732929753690933334726188
  22   0.474033366464876845466667363094  -0.448066732929753690933334726188
  23  -0.474033366464876845466667363094  -0.422100099394630536400002089282
  24  -0.384082309296166543744018585926  -0.422100099394630536400002089282
  25  -0.294131252127456242021369808757  -0.422100099394630536400002089282
  26  -0.204180194958745940298721031588  -0.422100099394630536400002089282
  27  -0.112983627530106589805318363072  -0.422100099394630536400002089282
  28  -0.020697447963029814007900911333  -0.422100099394630536400002089282
  29   0.069253609205680487714747865836  -0.422100099394630536400002089282
  30   0.159204666374390789437396643004  -0.422100099394630536400002089282
  31   0.249155723543101091160045420173  -0.422100099394630536400002089282
  32   0.339106780711811392882694197341  -0.422100099394630536400002089282
  33   0.429057837880521694605342974510  -0.422100099394630536400002089282
  34  -0.066840537746568201906609637202  -0.398269877116652412081136773843
  35  -0.158581911244426265052019697330  -0.397243294473282766064902612927
  36  -0.429057837880521694605342974510  -0.396133465859507381866669452376
  37  -0.339106780711811392882694197341  -0.396133465859507381866669452376
  38  -0.249155723543101091160045420173  -0.396133465859507381866669452376
  39   0.024278080621325336853423477251  -0.396133465859507381866669452376
  40   0.114229137790035638576072254420  -0.396133465859507381866669452376
  41   0.204180194958745940298721031588  -0.396133465859507381866669452376
  42   0.294131252127456242021369808757  -0.396133465859507381866669452376
  43   0.384082309296166543744018585926  -0.396133465859507381866669452376
  44   0.474033366464876845466667363094  -0.396133465859507381866669452376
  45  -0.474033366464876845466667363094  -0.370166832324384227333336815470
  46  -0.384082309296166543744018585926  -0.370166832324384227333336815470
  47  -0.294131252127456242021369808757  -0.370166832324384227333336815470
  48  -0.204180194958745940298721031588  -0.370166832324384227333336815470
  49  -0.112983627530106589805318363072  -0.370166832324384227333336815470
  50  -0.020697447963029814007900911333  -0.370166832324384227333336815470
  51   0.069253609205680487714747865836  -0.370166832324384227333336815470
  52   0.159204666374390789437396643004  -0.370166832324384227333336815470
  53   0.249155723543101091160045420173  -0.370166832324384227333336815470
  54   0.339106780711811392882694197341  -0.370166832324384227333336815470
  55   0.429057837880521694605342974510  -0.370166832324384227333336815470
  56  -0.066840537746568201906609637202  -0.346336610046406103014471500031
  57  -0.158581911244426265052019697330  -0.345310027403036456998237339115
  58  -0.429057837880521694605342974510  -0.344200198789261072800004178564
  59  -0.339106780711811392882694197341  -0.344200198789261072800004178564
  60  -0.249155723543101091160045420173  -0.344200198789261072800004178564
  61   0.024278080621325336853423477251  -0.344200198789261072800004178564
  62   0.114229137790035638576072254420  -0.344200198789261072800004178564
  63   0.204180194958745940298721031588  -0.344200198789261072800004178564
  64   0.294131252127456242021369808757  -0.344200198789261072800004178564
  65   0.384082309296166543744018585926  -0.344200198789261072800004178564
  66   0.474033366464876845466667363094  -0.344200198789261072800004178564
  67  -0.474033366464876845466667363094  -0.318233565254137918266671541658
  68  -0.384082309296166543744018585926  -0.318233565254137918266671541658
  69  -0.294131252127456242021369808757  -0.318233565254137918266671541658
  70  -0.204180194958745940298721031588  -0.318233565254137918266671541658
  71  -0.112983627530106589805318363072  -0.318233565254137918266671541659
  72  -0.020697447963029814007900911333  -0.318233565254137918266671541658
  73   0.069253609205680487714747865836  -0.318233565254137918266671541658
  74   0.159204666374390789437396643004  -0.318233565254137918266671541658
  75   0.249155723543101091160045420173  -0.318233565254137918266671541658
  76   0.339106780711811392882694197341  -0.318233565254137918266671541658
  77   0.429057837880521694605342974510  -0.318233565254137918266671541658
  78  -0.066840537746568201906609637203  -0.294403342976159793947806226219
  79  -0.158581911244426265052019697330  -0.293376760332790147931572065304
  80  -0.429057837880521694605342974510  -0.292266931719014763733338904752
  81  -0.339106780711811392882694197341  -0.292266931719014763733338904752
  82  -0.249155723543101091160045420173  -0.292266931719014763733338904752
  83   0.024278080621325336853423477251  -0.292266931719014763733338904753
  84   0.114229137790035638576072254420  -0.292266931719014763733338904752
  85   0.204180194958745940298721031588  -0.292266931719014763733338904752
  86   0.294131252127456242021369808757  -0.292266931719014763733338904752
  87   0.384082309296166543744018585926  -0.292266931719014763733338904752
  88   0.474033366464876845466667363094  -0.292266931719014763733338904752
  89  -0.474033366464876845466667363094  -0.266300298183891609200006267846
  90  -0.384082309296166543744018585925  -0.266300298183891609200006267846
  91  -0.294131252127456242021369808757  -0.266300298183891609200006267846
  92  -0.204180194958745940298721031588  -0.266300298183891609200006267846
  93  -0.112983627530106589805318363072  -0.266300298183891609200006267847
  94  -0.020697447963029814007900911333  -0.266300298183891609200006267847
  95   0.069253609205680487714747865836  -0.266300298183891609200006267846
  96   0.159204666374390789437396643004  -0.266300298183891609200006267846
  97   0.249155723543101091160045420173  -0.266300298183891609200006267846
  98   0.339106780711811392882694197341  -0.266300298183891609200006267846
  99   0.429057837880521694605342974510  -0.266300298183891609200006267846
 100  -0.066840537746568201906609637203  -0.242470075905913484881140952408
 101  -0.158581911244426265052019697330  -0.241443493262543838864906791492
 102  -0.429057837880521694605342974510  -0.240333664648768454666673630941
 103  -0.339106780711811392882694197341  -0.240333664648768454666673630940
 104  -0.249155723543101091160045420173  -0.240333664648768454666673630941
 105   0.024278080621325336853423477251  -0.240333664648768454666673630941
 106   0.114229137790035638576072254420  -0.240333664648768454666673630941
 107   0.204180194958745940298721031588  -0.240333664648768454666673630940
 108   0.294131252127456242021369808757  -0.240333664648768454666673630940
 109   0.384082309296166543744018585926  -0.240333664648768454666673630940
 110   0.474033366464876845466667363094  -0.240333664648768454666673630940
 111  -0.474033366464876845466667363094  -0.214367031113645300133340994035
 112  -0.384082309296166543744018585926  -0.214367031113645300133340994035
 113  -0.294131252127456242021369808757  -0.214367031113645300133340994035
 114  -0.204180194958745940298721031588  -0.214367031113645300133340994035
 115  -0.112983627530106589805318363072  -0.214367031113645300133340994035
 116  -0.020697447963029814007900911333  -0.214367031113645300133340994035
 117   0.069253609205680487714747865836  -0.214367031113645300133340994035
 118   0.159204666374390789437396643004  -0.214367031113645300133340994035
 119   0.249155723543101091160045420173  -0.214367031113645300133340994034
 120   0.339106780711811392882694197341  -0.214367031113645300133340994035
 121   0.429057837880521694605342974510  -0.214367031113645300133340994035
 122  -0.066840537746568201906609637203  -0.190536808835667175814475678596
 123  -0.158581911244426265052019697330  -0.189510226192297529798241517680
 124  -0.429057837880521694605342974510  -0.188400397578522145600008357129
 125  -0.339106780711811392882694197341  -0.188400397578522145600008357129
 126  -0.249155723543101091160045420173  -0.188400397578522145600008357129
 127   0.024278080621325336853423477251  -0.188400397578522145600008357129
 128   0.114229137790035638576072254420  -0.188400397578522145600008357129
 129   0.204180194958745940298721031588  -0.188400397578522145600008357129
 130   0.294131252127456242021369808757  -0.188400397578522145600008357129
 131   0.384082309296166543744018585926  -0.188400397578522145600008357129
 132   0.474033366464876845466667363094  -0.188400397578522145600008357129
 133  -0.474033366464876845466667363094  -0.162433764043398991066675720223
 134  -0.384082309296166543744018585926  -0.162433764043398991066675720223
 135  -0.294131252127456242021369808757  -0.162433764043398991066675720223
 136  -0.204180194958745940298721031588  -0.162433764043398991066675720223
 137  -0.112983627530106589805318363072  -0.162433764043398991066675720223
 138  -0.020697447963029814007900911333  -0.162433764043398991066675720223
 139   0.069253609205680487714747865835  -0.162433764043398991066675720223
 140   0.159204666374390789437396643004  -0.162433764043398991066675720223
 141   0.249155723543101091160045420173  -0.162433764043398991066675720223
 142   0.339106780711811392882694197341  -0.162433764043398991066675720223
 143   0.429057837880521694605342974510  -0.162433764043398991066675720223
 144  -0.066840537746568201906609637203  -0.138603541765420866747810404784
 145  -0.158581911244426265052019697330  -0.137576959122051220731576243868
 146  -0.429057837880521694605342974510  -0.136467130508275836533343083317
 147  -0.339106780711811392882694197341  -0.136467130508275836533343083317
 148  -0.249155723543101091160045420173  -0.136467130508275836533343083317
 149   0.024278080621325336853423477251  -0.136467130508275836533343083317
 150   0.114229137790035638576072254420  -0.136467130508275836533343083317
 151   0.204180194958745940298721031588  -0.136467130508275836533343083317
 152   0.294131252127456242021369808757  -0.136467130508275836533343083317
 153   0.384082309296166543744018585926  -0.136467130508275836533343083317
 154   0.474033366464876845466667363094  -0.136467130508275836533343083317
 155  -0.474033366464876845466667363094  -0.110500496973152682000010446411
 156  -0.384082309296166543744018585926  -0.110500496973152682000010446411
 157  -0.294131252127456242021369808757  -0.110500496973152682000010446411
 158  -0.204180194958745940298721031588  -0.110500496973152682000010446411
 159  -0.112983627530106589805318363072  -0.110500496973152682000010446411
 160  -0.020697447963029814007900911333  -0.110500496973152682000010446411
 161   0.069253609205680487714747865835  -0.110500496973152682000010446411
 162   0.159204666374390789437396643004  -0.110500496973152682000010446411
 163   0.249155723543101091160045420173  -0.110500496973152682000010446411
 164   0.339106780711811392882694197341  -0.110500496973152682000010446411
 165   0.429057837880521694605342974510  -0.110500496973152682000010446411
 166  -0.066840537746568201906609637203  -0.086670274695174557681145130972
 167  -0.158581911244426265052019697330  -0.085643692051804911664910970056
 168  -0.429057837880521694605342974510  -0.084533863438029527466677809505
 169  -0.339106780711811392882694197341  -0.084533863438029527466677809505
 170  -0.249155723543101091160045420173  -0.084533863438029527466677809505
 171   0.024278080621325336853423477251  -0.084533863438029527466677809505
 172   0.114229137790035638576072254420  -0.084533863438029527466677809505
 173   0.204180194958745940298721031588  -0.084533863438029527466677809505
 174   0.294131252127456242021369808757  -0.084533863438029527466677809505
 175   0.384082309296166543744018585926  -0.084533863438029527466677809505
 176   0.474033366464876845466667363094  -0.084533863438029527466677809505
 177  -0.474033366464876845466667363094  -0.058567229902906372933345172599
 178  -0.384082309296166543744018585925  -0.058567229902906372933345172599
 179  -0.294131252127456242021369808757  -0.058567229902906372933345172599
 180  -0.204180194958745940298721031588  -0.058567229902906372933345172599
 181  -0.112983627530106589805318363072  -0.058567229902906372933345172599
 182  -0.020697447963029814007900911333  -0.058567229902906372933345172599
 183   0.069253609205680487714747865836  -0.058567229902906372933345172599
 184   0.159204666374390789437396643004  -0.058567229902906372933345172599
 185   0.249155723543101091160045420173  -0.058567229902906372933345172599
 186   0.339106780711811392882694197341  -0.058567229902906372933345172599
 187   0.429057837880521694605342974510  -0.058567229902906372933345172599
 188  -0.066840537746568201906609637203  -0.034737007624928248614479857160
 189  -0.158581911244426265052019697330  -0.033710424981558602598245696244
 190  -0.429057837880521694605342974510  -0.032600596367783218400012535693
 191  -0.339106780711811392882694197341  -0.032600596367783218400012535693
 192  -0.249155723543101091160045420173  -0.032600596367783218400012535693
 193   0.024278080621325336853423477251  -0.032600596367783218400012535693
 194   0.114229137790035638576072254420  -0.032600596367783218400012535693
 195   0.204180194958745940298721031588  -0.032600596367783218400012535693
 196   0.294131252127456242021369808757  -0.032600596367783218400012535693
 197   0.384082309296166543744018585926  -0.032600596367783218400012535693
 198   0.474033366464876845466667363094  -0.032600596367783218400012535693
 199  -0.474033366464876845466667363094  -0.006633962832660063866679898787
 200  -0.384082309296166543744018585925  -0.006633962832660063866679898787
 201  -0.294131252127456242021369808757  -0.006633962832660063866679898787
 202  -0.204180194958745940298721031588  -0.006633962832660063866679898787
 203  -0.112983627530106589805318363072  -0.006633962832660063866679898787
 204  -0.020697447963029814007900911333  -0.006633962832660063866679898787
 205   0.069253609205680487714747865836  -0.006633962832660063866679898787
 206   0.159204666374390789437396643004  -0.006633962832660063866679898787
 207   0.249155723543101091160045420173  -0.006633962832660063866679898787
 208   0.339106780711811392882694197341  -0.006633962832660063866679898787
 209   0.429057837880521694605342974510  -0.006633962832660063866679898787
 210  -0.066840537746568201906609637203   0.017196259445318060452185416652
 211  -0.158581911244426265052019697330   0.018222842088687706468419577568
 212  -0.429057837880521694605342974510   0.019332670702463090666652738119
 213  -0.339106780711811392882694197341   0.019332670702463090666652738119
 214  -0.249155723543101091160045420173   0.019332670702463090666652738119
 215   0.024278080621325336853423477251   0.019332670702463090666652738119
 216   0.114229137790035638576072254420   0.019332670702463090666652738119
 217   0.204180194958745940298721031588   0.019332670702463090666652738119
 218   0.294131252127456242021369808757   0.019332670702463090666652738119
 219   0.384082309296166543744018585926   0.019332670702463090666652738119
 220   0.474033366464876845466667363094   0.019332670702463090666652738119
 221  -0.474033366464876845466667363094   0.045299304237586245199985375025
 222  -0.384082309296166543744018585926   0.045299304237586245199985375025
 223  -0.294131252127456242021369808757   0.045299304237586245199985375025
 224  -0.204180194958745940298721031588   0.045299304237586245199985375025
 225  -0.112983627530106589805318363072   0.045299304237586245199985375025
 226  -0.020697447963029814007900911333   0.045299304237586245199985375025
 227   0.069253609205680487714747865836   0.045299304237586245199985375025
 228   0.159204666374390789437396643004   0.045299304237586245199985375025
 229   0.249155723543101091160045420173   0.045299304237586245199985375025
 230   0.339106780711811392882694197341   0.045299304237586245199985375025
 231   0.429057837880521694605342974510   0.045299304237586245199985375025
 232  -0.066840537746568201906609637203   0.069129526515564369518850690464
 233  -0.158581911244426265052019697330   0.070156109158934015535084851380
 234  -0.429057837880521694605342974510   0.071265937772709399733318011931
 235  -0.339106780711811392882694197341   0.071265937772709399733318011931
 236  -0.249155723543101091160045420173   0.071265937772709399733318011931
 237   0.024278080621325336853423477251   0.071265937772709399733318011931
 238   0.114229137790035638576072254420   0.071265937772709399733318011931
 239   0.204180194958745940298721031588   0.071265937772709399733318011931
 240   0.294131252127456242021369808757   0.071265937772709399733318011931
 241   0.384082309296166543744018585926   0.071265937772709399733318011931
 242   0.474033366464876845466667363094   0.071265937772709399733318011931
 243  -0.474033366464876845466667363094   0.097232571307832554266650648837
 244  -0.384082309296166543744018585926   0.097232571307832554266650648837
 245  -0.294131252127456242021369808757   0.097232571307832554266650648837
 246  -0.204180194958745940298721031588   0.097232571307832554266650648837
 247  -0.112983627530106589805318363072   0.097232571307832554266650648837
 248  -0.020697447963029814007900911333   0.097232571307832554266650648837
 249   0.069253609205680487714747865836   0.097232571307832554266650648837
 250   0.159204666374390789437396643004   0.097232571307832554266650648837
 251   0.249155723543101091160045420173   0.097232571307832554266650648837
 252   0.339106780711811392882694197341   0.097232571307832554266650648837
 253   0.429057837880521694605342974510   0.097232571307832554266650648837
 254  -0.066840537746568201906609637203   0.121062793585810678585515964276
 255  -0.158581911244426265052019697330   0.122089376229180324601750125192
 256  -0.429057837880521694605342974510   0.123199204842955708799983285743
 257  -0.339106780711811392882694197341   0.123199204842955708799983285743
 258  -0.249155723543101091160045420173   0.123199204842955708799983285743
 259   0.024278080621325336853423477251   0.123199204842955708799983285743
 260   0.114229137790035638576072254420   0.123199204842955708799983285743
 261   0.204180194958745940298721031588   0.123199204842955708799983285743
 262   0.294131252127456242021369808757   0.123199204842955708799983285743
 263   0.384082309296166543744018585926   0.123199204842955708799983285743
 264   0.474033366464876845466667363094   0.123199204842955708799983285743
 265  -0.474033366464876845466667363094   0.149165838378078863333315922649
 266  -0.384082309296166543744018585926   0.149165838378078863333315922649
 267  -0.294131252127456242021369808757   0.149165838378078863333315922649
 268  -0.204180194958745940298721031588   0.149165838378078863333315922649
 269  -0.112983627530106589805318363072   0.149165838378078863333315922648
 270  -0.020697447963029814007900911333   0.149165838378078863333315922649
 271   0.069253609205680487714747865836   0.149165838378078863333315922649
 272   0.159204666374390789437396643004   0.149165838378078863333315922649
 273   0.249155723543101091160045420173   0.149165838378078863333315922649
 274   0.339106780711811392882694197341   0.149165838378078863333315922649
 275   0.429057837880521694605342974510   0.149165838378078863333315922649
 276  -0.066840537746568201906609637203   0.172996060656056987652181238088
 277  -0.158581911244426265052019697330   0.174022643299426633668415399003
 278  -0.429057837880521694605342974510   0.175132471913202017866648559555
 279  -0.339106780711811392882694197341   0.175132471913202017866648559555
 280  -0.249155723543101091160045420173   0.175132471913202017866648559555
 281   0.024278080621325336853423477251   0.175132471913202017866648559554
 282   0.114229137790035638576072254420   0.175132471913202017866648559555
 283   0.204180194958745940298721031588   0.175132471913202017866648559555
 284   0.294131252127456242021369808757   0.175132471913202017866648559555
 285   0.384082309296166543744018585926   0.175132471913202017866648559555
 286   0.474033366464876845466667363094   0.175132471913202017866648559555
 287  -0.474033366464876845466667363094   0.201099105448325172399981196461
 288  -0.384082309296166543744018585926   0.201099105448325172399981196461
 289  -0.294131252127456242021369808757   0.201099105448325172399981196461
 290  -0.204180194958745940298721031588   0.201099105448325172399981196461
 291  -0.112983627530106589805318363072   0.201099105448325172399981196460
 292  -0.020697447963029814007900911333   0.201099105448325172399981196460
 293   0.069253609205680487714747865836   0.201099105448325172399981196461
 294   0.159204666374390789437396643004   0.201099105448325172399981196461
 295   0.249155723543101091160045420173   0.201099105448325172399981196461
 296   0.339106780711811392882694197341   0.201099105448325172399981196461
 297   0.429057837880521694605342974510   0.201099105448325172399981196461
 298  -0.066840537746568201906609637203   0.224929327726303296718846511899
 299  -0.158581911244426265052019697330   0.225955910369672942735080672815
 300  -0.429057837880521694605342974510   0.227065738983448326933313833367
 301  -0.339106780711811392882694197341   0.227065738983448326933313833367
 302  -0.249155723543101091160045420173   0.227065738983448326933313833367
 303   0.024278080621325336853423477251   0.227065738983448326933313833366
 304   0.114229137790035638576072254420   0.227065738983448326933313833367
 305   0.204180194958745940298721031588   0.227065738983448326933313833367
 306   0.294131252127456242021369808757   0.227065738983448326933313833367
 307   0.384082309296166543744018585926   0.227065738983448326933313833367
 308   0.474033366464876845466667363094   0.227065738983448326933313833367
 309  -0.474033366464876845466667363094   0.253032372518571481466646470273
 310  -0.384082309296166543744018585926   0.253032372518571481466646470273
 311  -0.204180194958745940298721031588   0.253032372518571481466646470273
 312  -0.112983627530106589805318363072   0.253032372518571481466646470272
 313  -0.020697447963029814007900911333   0.253032372518571481466646470272
 314   0.069253609205680487714747865836   0.253032372518571481466646470273
 315   0.159204666374390789437396643004   0.253032372518571481466646470273
 316   0.249155723543101091160045420173   0.253032372518571481466646470273
 317   0.339106780711811392882694197341   0.253032372518571481466646470273
 318   0.429057837880521694605342974510   0.253032372518571481466646470273
 319  -0.298680732858299799813031023455   0.259666335351231545333326369059
 320  -0.066840537746568201906609637203   0.276862594796549605785511785711
 321  -0.158581911244426265052019697330   0.277889177439919251801745946627
 322  -0.250473283983981639243496407505   0.278982289938554698576964448326
 323  -0.429057837880521694605342974510   0.278999006053694635999979107179
 324   0.024278080621325336853423477251   0.278999006053694635999979107178
 325   0.114229137790035638576072254420   0.278999006053694635999979107178
 326   0.204180194958745940298721031588   0.278999006053694635999979107179
 327   0.294131252127456242021369808757   0.278999006053694635999979107179
 328   0.384082309296166543744018585926   0.278999006053694635999979107179
 329   0.474033366464876845466667363094   0.278999006053694635999979107179
 330  -0.343656261442654950674355412039   0.285632968886354699866659005965
 331  -0.205497755399626488382172018920   0.304948923473677853110297085232
 332  -0.021971212062549017185763305952   0.304950544394367586977918943041
 333  -0.474033366464876845466667363094   0.304965639588817790533311744085
 334   0.069253609205680487714747865835   0.304965639588817790533311744084
 335   0.159204666374390789437396643004   0.304965639588817790533311744085
 336   0.249155723543101091160045420173   0.304965639588817790533311744085
 337   0.339106780711811392882694197341   0.304965639588817790533311744085
 338   0.429057837880521694605342974510   0.304965639588817790533311744085
 339  -0.114279639460875159707321372917   0.304988493730296417281676524665
 340  -0.388631790027010101535679800624   0.311599602421477854399991642871
 341  -0.298680732858299799813031023455   0.311599602421477854399991642871
 342  -0.068116668766662483896820172342   0.328780180624562475563948604934
 343  -0.159899471685306813135470684662   0.329805728395025623445396561586
 344  -0.250473283983981639243496407505   0.330915557008801007643629722138
 345   0.023400810537043391705409538465   0.330924863059513553950669246065
 346   0.114229137790035638576072254420   0.330932273123940945066644380990
 347   0.204180194958745940298721031588   0.330932273123940945066644380991
 348   0.294131252127456242021369808757   0.330932273123940945066644380991
 349   0.384082309296166543744018585926   0.330932273123940945066644380991
 350   0.474033366464876845466667363094   0.330932273123940945066644380991
 351  -0.433607318611365252397004189208   0.337566235956601008933324279777
 352  -0.343656261442654950674355412039   0.337566235956601008933324279777
 353  -0.205497755399626488382172018921   0.356882190543924162176962359044
 354  -0.021574718047311759155914850119   0.356891496594636708484001882970
 355   0.068376339121398542566733927049   0.356891496594636708484001882971
 356  -0.113990831140253467584927229977   0.357124297248855813909790934075
 357  -0.388631790027010101535679800623   0.363532869491724163466656916683
 358  -0.298680732858299799813031023455   0.363532869491724163466656916683
 359   0.424237492859920060161989855984   0.368118504767385905797684527593
 360  -0.474033366464876845466667363094   0.370166832324384227333336815470
 361   0.164279939296000000000000000000   0.370696370857000000000000000000
 362   0.267687757213558195524248468257   0.375629094099578326524510992169
 363   0.320757365213074030548461365165   0.376304541889484285516863466847
 364  -0.067722849268096643952015448110   0.380711954470562373243695367374
 365   0.216085418569090539855168163982   0.381482543938024850944875065526
 366  -0.159899471685306813135470684662   0.381738995465271932512061835398
 367   0.374169124860413284161329059928   0.381910631305940774771742676278
 368  -0.250473283983981639243496407505   0.382848824079047316710294995950
 369   0.023400810537043391705409538465   0.382858130129759863017334519877
 370   0.113351867705753693428058315634   0.382858130129759863017334519877
 371   0.474033366464876845466667363094   0.382865540194187254133309654802
 372  -0.343656261442654950674355412039   0.389499503026847317999989553589
 373  -0.429057837880521694605342974510   0.396133465859507381866669452376
 374  -0.300704346260947508357043748595   0.418691920035600453897001467530
 375  -0.200901662539000000000000000000   0.420230795975000000000000000000
 376   0.293654390748681350057581105162   0.420604622683933477385835380753
 377  -0.024984410059000000000000000000   0.420705297646000000000000000000
 378  -0.474033366464876845466667363094   0.422100099394630536400002089282
 379  -0.384082309296166543744018585926   0.422100099394630536400002089282
 380   0.345389235616439943664757321358   0.425140044946356455033530263297
 381   0.188898754501526672153219540563   0.425731267371215116370800462826
 382   0.242052052104213694388500800888   0.426458072522380001806199454110
 383   0.084694194168000000000000000000   0.428098706660000000000000000000
 384   0.397216950641732123235753843149   0.428449453329532049799988508948
 385   0.449150217711978432302419116961   0.428449453329532049799988508948
 386  -0.086689656745902436118234803428   0.429057837880521694605342974510
 387   0.137072138200284880330204615890   0.429057837880521694605342974510
 388  -0.139024703218253877277485538894   0.429292210604066302746239241000
 389   0.025191240727191222105984906231   0.434760524952385695856029574054
 390  -0.251324239538041384946538332387   0.434775118990532620229016324733
 391  -0.429057837880521694605342974510   0.448066732929753690933334726188
 392  -0.334702202573260420333513169717   0.457950167509944679134652505891
 393   0.318429418331137922921451958806   0.469527345838984067412083479495
 394   0.214865388036649826686552177469   0.470706795955570267232124851410
 395  -0.474033366464876845466667363094   0.474033366464876845466667363094
 396  -0.384082309296166543744018585926   0.474033366464876845466667363094
 397  -0.285322095850354296923007753509   0.474033366464876845466667363094
 398  -0.217326383225728472970068911265   0.474033366464876845466667363094
 399  -0.165393116155482163903403637454   0.474033366464876845466667363094
 400  -0.112656290281025590651567440334   0.474033366464876845466667363094
 401  -0.060723023210779281584902166522   0.474033366464876845466667363094
 402  -0.008789756140532972518236892710   0.474033366464876845466667363094
 403   0.059172237594915416730206705172   0.474033366464876845466667363094
 404   0.111105504665161725796871978984   0.474033366464876845466667363094
 405   0.163038771735408034863537252796   0.474033366464876845466667363094
 406   0.266692004337891618509567102142   0.474033366464876845466667363094
 407   0.370166832324384227333336815470   0.474033366464876845466667363094
 408   0.422100099394630536400002089282   0.474033366464876845466667363094
 409   0.474033366464876845466667363094   0.474033366464876845466667363094
