   1  -0.473855464807976332819964856545  -0.473855464807976332819964856545
   2  -0.385871860855946367519670002824  -0.473855464807976332819964856545
   3  -0.295304534270231317273968436976  -0.473855464807976332819964856545
   4  -0.204737207684516267028266871129  -0.473855464807976332819964856545
   5  -0.114169881098801216782565305281  -0.473855464807976332819964856545
   6  -0.023602554513086166536863739434  -0.473855464807976332819964856545
   7   0.066381969807125195476022459031  -0.473855464807976332819964856545
   8   0.156949296392840245721724024878  -0.473855464807976332819964856545
   9   0.247437148343688707205710941927  -0.473855464807976332819964856545
  10   0.338004474929403757451412507774  -0.473855464807976332819964856545
  11   0.428571801515118807697114073622  -0.473855464807976332819964856545
  12  -0.340588197563088842396819219900  -0.447710929615952665639929713091
  13  -0.250020870977373792151117654052  -0.447710929615952665639929713091
  14  -0.159453544391658741905416088205  -0.447710929615952665639929713091
  15  -0.068886217805943691659714522357  -0.447710929615952665639929713091
  16   0.111665633099982720598873241954  -0.447710929615952665639929713090
  17   0.292720811636546232328561724850  -0.447710929615952665639929713090
  18   0.383288138222261282574263290698  -0.447710929615952665639929713091
  19   0.473855464807976332819964856545  -0.447710929615952665639929713091
  20   0.202193222368264476463717483402  -0.447642223040537712226173405311
  21   0.021389707647019514469579359799  -0.447212581567903036913944547330
  22  -0.429863662831961350169817429685  -0.445591207511331506340080385812
  23  -0.295304534270231317273968436976  -0.421566394423928998459894569636
  24  -0.204737207684516267028266871129  -0.421566394423928998459894569636
  25  -0.114169881098801216782565305281  -0.421566394423928998459894569636
  26   0.338004474929403757451412507774  -0.421566394423928998459894569636
  27   0.428571801515118807697114073622  -0.421566394423928998459894569636
  28   0.156909559075406951340866700479  -0.421497687848514045046138261856
  29   0.247476885661122001586568266326  -0.421497687848514045046138261856
  30  -0.023893955645838010653271423125  -0.421068046375879369733909403875
  31   0.066673370939877039592430142722  -0.421068046375879369733909403874
  32  -0.384579999539103825046966646761  -0.419446672319307839160045242357
  33  -0.473855464807976332819964856545  -0.417326950214686679860195915078
  34  -0.250020870977373792151117654052  -0.395421859231905331279859426181
  35  -0.159453544391658741905416088205  -0.395421859231905331279859426181
  36   0.383288138222261282574263290698  -0.395421859231905331279859426181
  37   0.473855464807976332819964856545  -0.395421859231905331279859426181
  38   0.202193222368264476463717483402  -0.395353152656490377866103118401
  39   0.292760548953979526709419049250  -0.395353152656490377866103118402
  40  -0.069177618938695535776122206049  -0.394923511183855702553874260420
  41   0.021389707647019514469579359798  -0.394923511183855702553874260420
  42   0.111917296915301270334423601247  -0.394854804608440749140117952641
  43  -0.339296336246246299924115863837  -0.393302137127284171980010098903
  44  -0.428571801515118807697114073622  -0.391182415022663012680160771624
  45  -0.204737207684516267028266871129  -0.369277324039881664099824282727
  46   0.428571801515118807697114073622  -0.369277324039881664099824282726
  47   0.247476885661122001586568266326  -0.369208617464466710686067974947
  48   0.338044212246837051832269832173  -0.369208617464466710686067974947
  49  -0.114461282231553060898972988973  -0.368778975991832035373839116965
  50  -0.023893955645838010653271423125  -0.368778975991832035373839116965
  51   0.066633633622443745211572818323  -0.368710269416417081960082809186
  52   0.157200960208158795457274384170  -0.368710269416417081960082809186
  53  -0.294012672953388774801265080914  -0.367157601935260504799974955448
  54  -0.473855464807976332819964856545  -0.365037879830639345500125628169
  55  -0.383288138222261282574263290698  -0.365037879830639345500125628169
  56   0.473855464807976332819964856545  -0.343132788847857996919789139271
  57   0.292760548953979526709419049250  -0.343064082272443043506032831492
  58   0.383327875539694576955120615097  -0.343064082272443043506032831492
  59  -0.159744945524410586021823771897  -0.342634440799808368193803973511
  60  -0.069177618938695535776122206049  -0.342634440799808368193803973510
  61   0.021349970329586220088722035399  -0.342565734224393414780047665731
  62   0.111917296915301270334423601246  -0.342565734224393414780047665731
  63   0.202484623501016320580125167094  -0.342565734224393414780047665731
  64  -0.248729009660531249678414297990  -0.341013066743236837619939811993
  65  -0.428571801515118807697114073622  -0.338893344638615678320090484714
  66  -0.338004474929403757451412507774  -0.338893344638615678320090484714
  67   0.338044212246837051832269832174  -0.316919547080419376325997688037
  68   0.428611538832552102077971398021  -0.316919547080419376325997688037
  69  -0.114461282231553060898972988973  -0.316489905607784701013768830056
  70  -0.023933692963271305034128747525  -0.316421199032369747600012522277
  71   0.066633633622443745211572818323  -0.316421199032369747600012522276
  72   0.157200960208158795457274384170  -0.316421199032369747600012522276
  73   0.247768286793873845702975950018  -0.316421199032369747600012522276
  74  -0.203736747500425568671971198758  -0.314370183503163541713919502778
  75  -0.473855464807976332819964856545  -0.312748809446592011140055341260
  76  -0.383288138222261282574263290698  -0.312748809446592011140055341260
  77  -0.292720811636546232328561724850  -0.312748809446592011140055341260
  78   0.383327875539694576955120615097  -0.290775011888395709145962544582
  79   0.473855464807976332819964856545  -0.290706305312980755732206236803
  80  -0.069217356256128830156979530448  -0.290276663840346080419977378822
  81   0.021349970329586220088722035399  -0.290276663840346080419977378821
  82   0.111917296915301270334423601246  -0.290276663840346080419977378821
  83   0.202484623501016320580125167094  -0.290276663840346080419977378821
  84   0.293051950086731370825826732942  -0.290276663840346080419977378821
  85  -0.158453084207568043549120415834  -0.288225648311139874533884359323
  86  -0.428571801515118807697114073622  -0.286604274254568343960020197805
  87  -0.338004474929403757451412507774  -0.286604274254568343960020197805
  88  -0.247728549476440551322118625618  -0.286105926206518715234035032044
  89   0.428571801515118807697114073622  -0.264561770120957088552171093348
  90  -0.023933692963271305034128747525  -0.264132128648322413239942235367
  91   0.066633633622443745211572818323  -0.264132128648322413239942235367
  92   0.157200960208158795457274384170  -0.264132128648322413239942235367
  93   0.247768286793873845702975950018  -0.264132128648322413239942235367
  94   0.338335613379588895948677515865  -0.264132128648322413239942235367
  95  -0.113209158232143812807126957310  -0.262012406543701253940092908089
  96  -0.473855464807976332819964856545  -0.260459739062544676779985054350
  97  -0.383288138222261282574263290698  -0.260459739062544676779985054350
  98  -0.293012212769298076444969408542  -0.259961391014495048053999888589
  99  -0.202444886183583026199267842694  -0.259961391014495048053999888589
 100   0.473855464807976332819964856545  -0.238417234928933421372135949893
 101   0.021349970329586220088722035399  -0.237987593456298746059907091912
 102   0.111917296915301270334423601246  -0.237987593456298746059907091912
 103   0.202484623501016320580125167094  -0.237987593456298746059907091912
 104   0.293051950086731370825826732941  -0.237987593456298746059907091912
 105   0.383579539355013126690670974390  -0.237918886880883792646150784132
 106  -0.067925494939286287684276174386  -0.235867871351677586760057764634
 107  -0.428571801515118807697114073622  -0.234315203870521009599949910896
 108  -0.338295876062155601567820191466  -0.233816855822471380873964745134
 109  -0.247728549476440551322118625618  -0.233816855822471380873964745134
 110  -0.157200960208158795457274384170  -0.233748149247056427460208437355
 111   0.066633633622443745211572818323  -0.211843058264275078879871948457
 112   0.157200960208158795457274384170  -0.211843058264275078879871948457
 113   0.247768286793873845702975950018  -0.211843058264275078879871948457
 114   0.338295876062155601567820191466  -0.211774351688860125466115640678
 115   0.428863202647870651813521757313  -0.211774351688860125466115640678
 116  -0.022641831646428762561425391462  -0.209723336159653919580022621179
 117  -0.473855464807976332819964856545  -0.208170668678497342419914767441
 118  -0.383579539355013126690670974389  -0.207672320630447713693929601680
 119  -0.293012212769298076444969408542  -0.207672320630447713693929601679
 120  -0.202484623501016320580125167094  -0.207603614055032760280173293900
 121  -0.111917296915301270334423601246  -0.207603614055032760280173293900
 122   0.111917296915301270334423601246  -0.185698523072251411699836805003
 123   0.202484623501016320580125167094  -0.185698523072251411699836805002
 124   0.293012212769298076444969408542  -0.185629816496836458286080497223
 125   0.383579539355013126690670974389  -0.185629816496836458286080497223
 126   0.473855464807976332819964856545  -0.185131468448786829560095331462
 127   0.022641831646428762561425391461  -0.183578800967630252399987477725
 128  -0.428863202647870651813521757313  -0.181527785438424046513894458225
 129  -0.338295876062155601567820191466  -0.181527785438424046513894458225
 130  -0.247768286793873845702975950017  -0.181459078863009093100138150446
 131  -0.157200960208158795457274384170  -0.181459078863009093100138150445
 132  -0.066633633622443745211572818323  -0.181459078863009093100138150445
 133   0.157200960208158795457274384170  -0.159553987880227744519801661548
 134   0.247728549476440551322118625618  -0.159485281304812791106045353768
 135   0.338295876062155601567820191466  -0.159485281304812791106045353768
 136   0.428571801515118807697114073622  -0.158986933256763162380060188007
 137   0.067925494939286287684276174385  -0.157434265775606585219952334270
 138  -0.383579539355013126690670974390  -0.155383250246400379333859314770
 139  -0.293051950086731370825826732941  -0.155314543670985425920103006991
 140  -0.202484623501016320580125167094  -0.155314543670985425920103006990
 141  -0.111917296915301270334423601246  -0.155314543670985425920103006990
 142  -0.021349970329586220088722035399  -0.155314543670985425920103006990
 143  -0.473855464807976332819964856545  -0.154884902198350750607874149009
 144   0.202444886183583026199267842694  -0.133340746112789123926010210314
 145   0.293012212769298076444969408542  -0.133340746112789123926010210313
 146   0.383288138222261282574263290698  -0.132842398064739495200025044552
 147   0.473855464807976332819964856545  -0.132842398064739495200025044552
 148   0.113209158232143812807126957309  -0.131289730583582918039917190815
 149  -0.338335613379588895948677515865  -0.129170008478961758740067863536
 150  -0.247768286793873845702975950018  -0.129170008478961758740067863536
 151  -0.157200960208158795457274384170  -0.129170008478961758740067863536
 152  -0.066633633622443745211572818323  -0.129170008478961758740067863536
 153   0.023933692963271305034128747525  -0.129170008478961758740067863536
 154  -0.428571801515118807697114073622  -0.128740367006327083427839005554
 155   0.247728549476440551322118625618  -0.107196210920765456745975066859
 156   0.338004474929403757451412507774  -0.106697862872715828019989901098
 157   0.428571801515118807697114073622  -0.106697862872715828019989901098
 158   0.158453084207568043549120415833  -0.105076488816144297446125739581
 159  -0.293051950086731370825826732942  -0.103025473286938091560032720081
 160  -0.202484623501016320580125167094  -0.103025473286938091560032720081
 161  -0.111917296915301270334423601246  -0.103025473286938091560032720081
 162  -0.021349970329586220088722035399  -0.103025473286938091560032720081
 163   0.069217356256128830156979530449  -0.103025473286938091560032720081
 164  -0.473855464807976332819964856545  -0.102595831814303416247803862099
 165  -0.383327875539694576955120615097  -0.102527125238888462834047554321
 166   0.292720811636546232328561724850  -0.080553327680692160839954757643
 167   0.383288138222261282574263290698  -0.080553327680692160839954757643
 168   0.473855464807976332819964856545  -0.080553327680692160839954757643
 169   0.203736747500425568671971198757  -0.078931953624120630266090596126
 170  -0.247768286793873845702975950018  -0.076880938094914424379997576626
 171  -0.157200960208158795457274384170  -0.076880938094914424379997576626
 172  -0.066633633622443745211572818323  -0.076880938094914424379997576626
 173   0.023933692963271305034128747525  -0.076880938094914424379997576626
 174   0.114461282231553060898972988973  -0.076812231519499470966241268847
 175  -0.428611538832552102077971398021  -0.076382590046864795654012410865
 176  -0.338044212246837051832269832174  -0.076382590046864795654012410865
 177   0.338004474929403757451412507774  -0.054408792488668493659919614188
 178   0.428571801515118807697114073622  -0.054408792488668493659919614188
 179   0.248729009660531249678414297989  -0.052289070384047334360070286911
 180  -0.202484623501016320580125167094  -0.050736402902890757199962433172
 181  -0.111917296915301270334423601246  -0.050736402902890757199962433172
 182  -0.021349970329586220088722035399  -0.050736402902890757199962433172
 183   0.069177618938695535776122206049  -0.050667696327475803786206125392
 184   0.159744945524410586021823771897  -0.050667696327475803786206125392
 185  -0.383327875539694576955120615097  -0.050238054854841128473977267410
 186  -0.292760548953979526709419049250  -0.050238054854841128473977267411
 187  -0.473855464807976332819964856545  -0.050169348279426175060220959632
 188   0.383288138222261282574263290698  -0.028264257296644826479884470733
 189   0.473855464807976332819964856545  -0.028264257296644826479884470733
 190   0.294012672953388774801265080912  -0.026144535192023667180035143456
 191  -0.157200960208158795457274384170  -0.024591867710867090019927289717
 192  -0.066633633622443745211572818323  -0.024591867710867090019927289717
 193   0.023893955645838010653271423125  -0.024523161135452136606170981937
 194   0.114461282231553060898972988973  -0.024523161135452136606170981937
 195  -0.338044212246837051832269832173  -0.024093519662817461293942123955
 196  -0.247476885661122001586568266326  -0.024093519662817461293942123956
 197  -0.428571801515118807697114073622  -0.024024813087402507880185816176
 198   0.204737207684516267028266871129  -0.024024813087402507880185816176
 199   0.428571801515118807697114073622  -0.002119722104621159299849327279
 200   0.339296336246246299924115863836  -0.000000000000000000000000000001
 201  -0.111917296915301270334423601247   0.001552667481156577160107853738
 202  -0.021389707647019514469579359798   0.001621374056571530573864161517
 203   0.069177618938695535776122206049   0.001621374056571530573864161518
 204  -0.292760548953979526709419049250   0.002051015529206205886093019499
 205  -0.202193222368264476463717483402   0.002051015529206205886093019499
 206  -0.473855464807976332819964856545   0.002119722104621159299849327279
 207  -0.383288138222261282574263290698   0.002119722104621159299849327278
 208   0.159453544391658741905416088205   0.002119722104621159299849327279
 209   0.250020870977373792151117654052   0.002119722104621159299849327279
 210   0.473855464807976332819964856545   0.024024813087402507880185816176
 211   0.384579999539103825046966646760   0.026144535192023667180035143453
 212  -0.066673370939877039592430142722   0.027765909248595197753899304972
 213   0.023893955645838010653271423125   0.027765909248595197753899304972
 214  -0.247476885661122001586568266326   0.028195550721229873066128162954
 215  -0.156909559075406951340866700479   0.028195550721229873066128162954
 216  -0.428571801515118807697114073622   0.028264257296644826479884470734
 217  -0.338004474929403757451412507774   0.028264257296644826479884470733
 218   0.114169881098801216782565305281   0.028264257296644826479884470733
 219   0.204737207684516267028266871129   0.028264257296644826479884470733
 220   0.295304534270231317273968436976   0.028264257296644826479884470733
 221   0.429863662831961350169817429684   0.052289070384047334360070286908
 222  -0.021389707647019514469579359799   0.053910444440618864933934448427
 223  -0.202193222368264476463717483402   0.054340085913253540246163306409
 224  -0.473855464807976332819964856545   0.054408792488668493659919614188
 225  -0.383288138222261282574263290698   0.054408792488668493659919614188
 226  -0.292720811636546232328561724851   0.054408792488668493659919614188
 227  -0.111665633099982720598873241954   0.054408792488668493659919614188
 228   0.068886217805943691659714522357   0.054408792488668493659919614188
 229   0.159453544391658741905416088205   0.054408792488668493659919614188
 230   0.250020870977373792151117654052   0.054408792488668493659919614188
 231   0.340588197563088842396819219900   0.054408792488668493659919614188
 232   0.473855464807976332819964856545   0.080553327680692160839954757640
 233  -0.428571801515118807697114073622   0.080553327680692160839954757643
 234  -0.338004474929403757451412507774   0.080553327680692160839954757643
 235  -0.247437148343688707205710941927   0.080553327680692160839954757642
 236  -0.156949296392840245721724024878   0.080553327680692160839954757643
 237  -0.066381969807125195476022459031   0.080553327680692160839954757643
 238   0.023602554513086166536863739434   0.080553327680692160839954757643
 239   0.114169881098801216782565305281   0.080553327680692160839954757643
 240   0.204737207684516267028266871129   0.080553327680692160839954757643
 241   0.295304534270231317273968436976   0.080553327680692160839954757643
 242   0.385871860855946367519670002824   0.080553327680692160839954757643
 243  -0.473855464807976332819964856545   0.106697862872715828019989901098
 244  -0.383288138222261282574263290698   0.106697862872715828019989901098
 245  -0.292720811636546232328561724850   0.106697862872715828019989901098
 246  -0.111665633099982720598873241954   0.106697862872715828019989901098
 247   0.068886217805943691659714522357   0.106697862872715828019989901097
 248   0.159453544391658741905416088205   0.106697862872715828019989901098
 249   0.250020870977373792151117654052   0.106697862872715828019989901098
 250   0.340588197563088842396819219900   0.106697862872715828019989901098
 251  -0.202193222368264476463717483403   0.106766569448130781433746208877
 252  -0.021389707647019514469579359799   0.107196210920765456745975066858
 253   0.429863662831961350169817429686   0.108817584977336987319839228375
 254  -0.428571801515118807697114073622   0.132842398064739495200025044552
 255  -0.338004474929403757451412507774   0.132842398064739495200025044552
 256   0.114169881098801216782565305281   0.132842398064739495200025044552
 257   0.204737207684516267028266871129   0.132842398064739495200025044552
 258   0.295304534270231317273968436976   0.132842398064739495200025044552
 259  -0.247476885661122001586568266326   0.132911104640154448613781352332
 260  -0.156909559075406951340866700479   0.132911104640154448613781352331
 261  -0.066673370939877039592430142722   0.133340746112789123926010210314
 262   0.023893955645838010653271423125   0.133340746112789123926010210313
 263   0.384579999539103825046966646762   0.134962120169360654499874371829
 264   0.473855464807976332819964856545   0.137081842273981813799723699110
 265  -0.473855464807976332819964856545   0.158986933256763162380060188007
 266  -0.383288138222261282574263290698   0.158986933256763162380060188007
 267   0.159453544391658741905416088205   0.158986933256763162380060188007
 268   0.250020870977373792151117654052   0.158986933256763162380060188007
 269  -0.292760548953979526709419049250   0.159055639832178115793816495787
 270  -0.202193222368264476463717483402   0.159055639832178115793816495787
 271  -0.021389707647019514469579359798   0.159485281304812791106045353769
 272   0.069177618938695535776122206049   0.159485281304812791106045353768
 273  -0.111917296915301270334423601247   0.159553987880227744519801661547
 274   0.339296336246246299924115863838   0.161106655361384321679909515284
 275   0.428571801515118807697114073622   0.163226377466005480979758842564
 276  -0.428571801515118807697114073622   0.185131468448786829560095331462
 277   0.204737207684516267028266871129   0.185131468448786829560095331462
 278  -0.338044212246837051832269832174   0.185200175024201782973851639241
 279  -0.247476885661122001586568266326   0.185200175024201782973851639242
 280   0.023893955645838010653271423126   0.185629816496836458286080497223
 281   0.114461282231553060898972988973   0.185629816496836458286080497223
 282  -0.157200960208158795457274384170   0.185698523072251411699836805003
 283  -0.066633633622443745211572818323   0.185698523072251411699836805002
 284   0.294012672953388774801265080915   0.187251190553407988859944658738
 285   0.383288138222261282574263290698   0.189370912658029148159793986019
 286   0.473855464807976332819964856545   0.189370912658029148159793986019
 287  -0.473855464807976332819964856545   0.211276003640810496740130474916
 288  -0.383327875539694576955120615097   0.211344710216225450153886782696
 289  -0.292760548953979526709419049250   0.211344710216225450153886782696
 290   0.069177618938695535776122206049   0.211774351688860125466115640678
 291   0.159744945524410586021823771896   0.211774351688860125466115640677
 292  -0.202484623501016320580125167094   0.211843058264275078879871948457
 293  -0.111917296915301270334423601246   0.211843058264275078879871948457
 294  -0.021349970329586220088722035399   0.211843058264275078879871948457
 295   0.248729009660531249678414297991   0.213395725745431656039979802193
 296   0.338004474929403757451412507774   0.215515447850052815339829129474
 297   0.428571801515118807697114073622   0.215515447850052815339829129474
 298  -0.428611538832552102077971398021   0.237489245408249117333921926151
 299  -0.338044212246837051832269832174   0.237489245408249117333921926151
 300  -0.247768286793873845702975950018   0.237987593456298746059907091912
 301  -0.157200960208158795457274384170   0.237987593456298746059907091912
 302  -0.066633633622443745211572818323   0.237987593456298746059907091912
 303   0.023933692963271305034128747525   0.237987593456298746059907091911
 304   0.115449515007172641505077040162   0.239560352945295433431037146589
 305   0.203736747500425568671971198759   0.240038608985504951946000111408
 306   0.292720811636546232328561724850   0.241659983042076482519864272928
 307   0.383288138222261282574263290698   0.241659983042076482519864272928
 308   0.473855464807976332819964856545   0.241659983042076482519864272928
 309  -0.383327875539694576955120615097   0.263633780600272784513957069606
 310  -0.473855464807976332819964856545   0.263702487175687737927713377385
 311   0.069256989237128563981967676184   0.264063361834239457353751087679
 312  -0.293051950086731370825826732942   0.264132128648322413239942235367
 313  -0.202484623501016320580125167094   0.264132128648322413239942235367
 314  -0.111917296915301270334423601246   0.264132128648322413239942235367
 315  -0.021349970329586220088722035399   0.264132128648322413239942235367
 316   0.338004474929403757451412507774   0.267804518234100149699899416383
 317   0.428571801515118807697114073622   0.267804518234100149699899416383
 318   0.247728549476440551322118625618   0.268302866282149778425884582144
 319   0.159757848819329977622317760591   0.268322939495979908720756085420
 320  -0.428571801515118807697114073622   0.289847022367711405107748520840
 321  -0.338335613379588895948677515865   0.290276663840346080419977378821
 322  -0.247768286793873845702975950018   0.290276663840346080419977378821
 323  -0.157200960208158795457274384170   0.290276663840346080419977378821
 324  -0.066633633622443745211572818323   0.290276663840346080419977378822
 325   0.023933692963271305034128747525   0.290276663840346080419977378821
 326   0.113279616466794444346328093748   0.292279583647688121520503335493
 327   0.383288138222261282574263290698   0.293949053426123816879934559838
 328   0.473855464807976332819964856545   0.293949053426123816879934559838
 329   0.293012212769298076444969408542   0.294447401474173445605919725599
 330   0.203749650795344960272465187450   0.296587196792624735200640556156
 331  -0.473855464807976332819964856545   0.315991557559735072287783664295
 332  -0.293051950086731370825826732942   0.316421199032369747600012522276
 333  -0.202484623501016320580125167094   0.316421199032369747600012522276
 334  -0.111917296915301270334423601246   0.316421199032369747600012522276
 335  -0.383579539355013126690670974389   0.316489905607784701013768830056
 336  -0.021204848304775603889608606822   0.316670976808670232373547048071
 337   0.067998026571500546433971884981   0.318427709740819032654469913474
 338   0.428571801515118807697114073622   0.320093588618147484059969703292
 339   0.338295876062155601567820191465   0.320591936666197112785954869053
 340   0.165662389125540533128305108581   0.332413268027462954996629581928
 341   0.241826025355642431243311346699   0.332424838762650994463383789669
 342  -0.247768286793873845702975950018   0.342565734224393414780047665731
 343  -0.157200960208158795457274384170   0.342565734224393414780047665731
 344  -0.066633633622443745211572818323   0.342565734224393414780047665731
 345  -0.428863202647870651813521757313   0.342634440799808368193803973511
 346  -0.338295876062155601567820191466   0.342634440799808368193803973511
 347   0.114800509336419743689198738868   0.344546530818026843811158650526
 348   0.473855464807976332819964856545   0.346238123810171151240004846747
 349   0.292120573733638317267996724565   0.346728869141578726487762377756
 350   0.380889574440348901368226445034   0.350922181309050712906872857998
 351   0.027365625643949704981056630293   0.351339028105336452362489743666
 352  -0.202484623501016320580125167094   0.368710269416417081960082809186
 353  -0.111917296915301270334423601246   0.368710269416417081960082809186
 354  -0.383579539355013126690670974389   0.368778975991832035373839116965
 355  -0.293012212769298076444969408542   0.368778975991832035373839116965
 356  -0.473855464807976332819964856545   0.369277324039881664099824282727
 357  -0.021724281367623452490939276307   0.369348134446933655522122998203
 358   0.428571801515118807697114073622   0.372382659002194818420039990202
 359   0.202457912813822000928223169827   0.372921470731809661150491422876
 360   0.073289319048594822455933392923   0.376342253211390482874775980731
 361   0.335204449168354858328134960095   0.376358694641464557352905092701
 362   0.150739163038400935060860225060   0.382527579404353810247211427719
 363   0.253953335432896324080931419899   0.383288138222261282574263290698
 364  -0.157200960208158795457274384170   0.394854804608440749140117952640
 365  -0.338295876062155601567820191466   0.394923511183855702553874260420
 366  -0.247728549476440551322118625618   0.394923511183855702553874260420
 367  -0.428571801515118807697114073622   0.395421859231905331279859426181
 368  -0.067007944660480977613790059231   0.395492669638957322702158141658
 369   0.473855464807976332819964856545   0.398527194194218485600075133657
 370   0.025006989005611937831674552982   0.403574875134327441663330539669
 371   0.379884818810126120190890606598   0.404892984576250763919802817134
 372  -0.293012212769298076444969408542   0.421068046375879369733909403875
 373  -0.202154562196710693711600715985   0.421566085850266132978900011259
 374  -0.473855464807976332819964856545   0.421566394423928998459894569636
 375  -0.383288138222261282574263290698   0.421566394423928998459894569636
 376  -0.112291607953338502736640842155   0.421637204830980989882193285112
 377  -0.023145771016897133684256122936   0.423957676311852286696797112059
 378   0.428571801515118807697114073622   0.424671729386242152780110277111
 379   0.123195277423948269321105649647   0.426977054089880302524284309936
 380   0.175519729856825322540825989535   0.428571801515118807697114073622
 381   0.227808800240872656900896276444   0.428571801515118807697114073622
 382   0.280097870624919991260966563354   0.428571801515118807697114073622
 383   0.332386941008967325621036850263   0.428571801515118807697114073622
 384   0.070930682410257055306551315612   0.428578100240381472175616776734
 385  -0.247728549476440551322118625618   0.447212581567903036913944547329
 386  -0.428571801515118807697114073622   0.447710929615952665639929713091
 387  -0.338004474929403757451412507774   0.447710929615952665639929713091
 388  -0.156153781596922346666174778449   0.450102211503875953876832255514
 389  -0.058542552860898683882181122684   0.462444228725858120358568542244
 390   0.472575551293846696544061045277   0.462553997434177741125248370527
 391  -0.473855464807976332819964856545   0.473855464807976332819964856545
 392  -0.383288138222261282574263290698   0.473855464807976332819964856545
 393  -0.292720811636546232328561724850   0.473855464807976332819964856545
 394  -0.202736287316334870315675526386   0.473855464807976332819964856545
 395  -0.109571275877509823016674030512   0.473855464807976332819964856545
 396  -0.007513829844287544747688214856   0.473855464807976332819964856545
 397   0.044775240539759789612382072054   0.473855464807976332819964856545
 398   0.097086124280754321000720559171   0.473855464807976332819964856545
 399   0.149375194664801655360790846080   0.473855464807976332819964856545
 400   0.201664265048848989720861132990   0.473855464807976332819964856545
 401   0.253953335432896324080931419899   0.473855464807976332819964856545
 402   0.306242405816943658441001706808   0.473855464807976332819964856545
 403   0.358531476200990992801071993718   0.473855464807976332819964856545
 404   0.410820546585038327161142280627   0.473855464807976332819964856545
