   1  -0.389149530489077860627249244316  -0.474479658106624178226210115475
   2  -0.300744472917366974459689876259  -0.474479658106624178226210115475
   3  -0.212339415345656088292130508202  -0.474479658106624178226210115475
   4  -0.123934357773945202124571140144  -0.474479658106624178226210115475
   5  -0.035529300202234315957011772087  -0.474479658106624178226210115475
   6   0.052875757369476570210547595970  -0.474479658106624178226210115475
   7   0.142887184889451992788835440618  -0.474479658106624178226210115475
   8   0.193927868676203636336415209668  -0.474479658106624178226210115475
   9   0.244968552462955279883994978719  -0.474479658106624178226210115475
  10   0.296009236249706923431574747770  -0.474479658106624178226210115475
  11   0.347049920036458566979154516821  -0.474479658106624178226210115475
  12   0.398090603823210210526734285872  -0.474479658106624178226210115475
  13   0.449131287609961854074314054923  -0.474479658106624178226210115475
  14  -0.474355098235862556814326592357  -0.474346939918945994769907349461
  15   0.097881471129464281499691518294  -0.450404003798314613991487229716
  16  -0.344947001703222417543469560288  -0.448959316213248356452420230949
  17  -0.256541944131511531375910192230  -0.448959316213248356452420230949
  18  -0.168136886559800645208350824173  -0.448959316213248356452420230949
  19  -0.079731828988089759040791456116  -0.448959316213248356452420230949
  20   0.008673228583621127126767911942  -0.448959316213248356452420230949
  21  -0.430277129320768735142430431446  -0.444252650054905405630225727441
  22   0.219448210569579458110205094194  -0.430277129320768735142430431446
  23   0.270488894356331101657784863245  -0.430277129320768735142430431446
  24   0.321529578143082745205364632296  -0.430277129320768735142430431446
  25   0.372570261929834388752944401346  -0.430277129320768735142430431446
  26   0.474479658106624178226210115475  -0.430178286631430420596754236641
  27  -0.300744472917366974459689876259  -0.423438974319872534678630346424
  28  -0.212339415345656088292130508202  -0.423438974319872534678630346424
  29  -0.123934357773945202124571140144  -0.423438974319872534678630346424
  30  -0.035529300202234315957011772087  -0.423438974319872534678630346424
  31   0.052875757369476570210547595970  -0.423438974319872534678630346424
  32   0.147819961083772926591331493232  -0.422907693179698959687432075586
  33  -0.474479658106624178226210115475  -0.418732308161529583856435842915
  34  -0.386074600534913292058650747417  -0.418732308161529583856435842915
  35   0.425096592599712681869826260458  -0.416645191888094707817738021029
  36   0.097881471129464281499691518294  -0.399363320011562970443907460666
  37  -0.256541944131511531375910192230  -0.397918632426496712904840461898
  38  -0.168136886559800645208350824173  -0.397918632426496712904840461898
  39  -0.079731828988089759040791456116  -0.397918632426496712904840461898
  40   0.008673228583621127126767911942  -0.397918632426496712904840461898
  41  -0.430277129320768735142430431446  -0.393211966268153762082645958390
  42  -0.341872071749057848974871063389  -0.393211966268153762082645958390
  43   0.188341753482725002338939853843  -0.389810603290939410292402975840
  44   0.296009236249706923431574747770  -0.386074600534913292058650747417
  45   0.387506406445210959967759629377  -0.381470746659942923172031322970
  46   0.474479658106624178226210115475  -0.379137602844678777049174467590
  47   0.242733196479711793291397592877  -0.375497760661479726689447075409
  48  -0.212339415345656088292130508202  -0.372398290533120891131050577373
  49  -0.123934357773945202124571140144  -0.372398290533120891131050577373
  50  -0.035529300202234315957011772087  -0.372398290533120891131050577373
  51   0.054638679358717382355680078791  -0.371842163398894341550986332757
  52   0.140678988930264276609941307412  -0.371551022884044365474729866065
  53  -0.474479658106624178226210115475  -0.367691624374777940308856073864
  54  -0.386074600534913292058650747417  -0.367691624374777940308856073864
  55  -0.297669542963202405891091379360  -0.367691624374777940308856073864
  56   0.340515675650269041603711841474  -0.360546640435139176138715732953
  57   0.430277129320768735142430431446  -0.353617260951302955275384583065
  58  -0.168136886559800645208350824173  -0.346877948639745069357260692847
  59  -0.079731828988089759040791456116  -0.346877948639745069357260692847
  60   0.008673228583621127126767911942  -0.346877948639745069357260692847
  61  -0.430277129320768735142430431446  -0.342171282481402118535066189339
  62  -0.341872071749057848974871063389  -0.342171282481402118535066189339
  63  -0.253467014177346962807311695331  -0.342171282481402118535066189339
  64   0.098951884840083674911173400950  -0.342157142812396706335138235921
  65   0.201515346229404655195502397350  -0.340499267316705236896676923197
  66   0.294025025126344737232902524307  -0.335072499522924600984734865759
  67   0.384769941675360828138556235796  -0.330503471257165690154671516520
  68   0.474479658106624178226210115475  -0.328096919057927133501594698539
  69  -0.123934357773945202124571140144  -0.321357606746369247583470808322
  70  -0.035529300202234315957011772087  -0.321357606746369247583470808322
  71   0.052574574658645337879655154430  -0.320842910436966713914997901727
  72   0.145175667483838716069651239515  -0.318055083605192585423542075325
  73  -0.474479658106624178226210115475  -0.316650940588026296761276304813
  74  -0.386074600534913292058650747417  -0.316650940588026296761276304813
  75  -0.297669542963202405891091379360  -0.316650940588026296761276304813
  76  -0.209264485391491519723532011303  -0.316650940588026296761276304813
  77   0.246516545285157556401270220592  -0.316415175368623069520797969920
  78   0.338227553912200180316682208336  -0.309552157629548779210944981233
  79   0.430277129320768735142430431446  -0.302576577164551311727804814014
  80  -0.079731828988089759040791456116  -0.295837264852993425809680923797
  81  -0.430277129320768735142430431446  -0.291130598694650474987486420288
  82  -0.341872071749057848974871063389  -0.291130598694650474987486420288
  83  -0.253467014177346962807311695331  -0.291130598694650474987486420288
  84  -0.165061956605636076639752327274  -0.291130598694650474987486420288
  85   0.100153216109496725611746858611  -0.291130598694650474987486420288
  86   0.188558275272381652666065857121  -0.291130595938655745089640440557
  87   0.011076773490117782527097259433  -0.291126182831180016920957246774
  88   0.286428501890017290898491921813  -0.284600287008124843338195682841
  89   0.384769941675360828138556235796  -0.279462787470414046607091747469
  90   0.474479658106624178226210115475  -0.277056235271175489954014929488
  91  -0.035529300202234315957011772087  -0.270316922959617604035891039271
  92   0.055629252777108380273999448929  -0.266175213347755223847132498995
  93   0.237044811552659059498892192452  -0.265994355838419906364843268419
  94  -0.474479658106624178226210115475  -0.265610256801274653213696535763
  95  -0.386074600534913292058650747417  -0.265610256801274653213696535763
  96  -0.297669542963202405891091379360  -0.265610256801274653213696535763
  97  -0.209264485391491519723532011303  -0.265610256801274653213696535763
  98  -0.120859427819780633555972643245  -0.265610256801274653213696535763
  99   0.144355744895352096821116001783  -0.265610256801274528723565714934
 100   0.330631030675872733982271605841  -0.259079945114749021564405798316
 101   0.430277129320768735142430431446  -0.251535893377799668180225044963
 102  -0.430277129320768735142430431446  -0.240089914907898831439906651237
 103  -0.341872071749057848974871063389  -0.240089914907898831439906651237
 104  -0.253467014177346962807311695331  -0.240089914907898831439906651237
 105  -0.165061956605636076639752327274  -0.240089914907898831439906651237
 106  -0.076656899033925190472192959217  -0.240089914907898831439906651237
 107   0.011748158537785695695366408841  -0.240089914907898831439906651237
 108   0.100153216109496581862925776898  -0.240089914907898831439906651237
 109   0.188558275272381652666065857121  -0.240089912151904101542060671507
 110   0.279970800276226904090634749630  -0.233969767641971575238234564250
 111   0.372518050809564522893389271619  -0.229914401304648877894649461705
 112   0.474479658106624178226210115475  -0.226015551484423846406435160437
 113  -0.474479658106624178226210115475  -0.214569573014523009666116766712
 114  -0.386074600534913292058650747417  -0.214569573014523009666116766712
 115  -0.297669542963202405891091379360  -0.214569573014523009666116766712
 116  -0.209264485391491519723532011303  -0.214569573014523009666116766712
 117  -0.120859427819780633555972643245  -0.214569573014523009666116766712
 118  -0.032454370248069747388413275188  -0.214569573014523009666116766712
 119   0.055950687323641138779146092869  -0.214569573014523009666116766712
 120   0.144355744895352096821116001783  -0.214569573014522885175985945883
 121   0.232760804058237095749845541150  -0.214569570258528279768270786981
 122   0.324173329062082347174414433659  -0.208449425748595753464444679725
 123   0.415656587495786249779800954428  -0.202634041079925409525536935746
 124  -0.430277129320768735142430431446  -0.189049231121147187892326882186
 125  -0.341872071749057848974871063389  -0.189049231121147187892326882186
 126  -0.253467014177346962807311695331  -0.189049231121147187892326882186
 127  -0.165061956605636076639752327274  -0.189049231121147187892326882186
 128  -0.076656899033925190472192959217  -0.189049231121147187892326882186
 129   0.011748158537785695695366408841  -0.189049231121147187892326882186
 130   0.100153216109496581862925776898  -0.189049231121147187892326882186
 131   0.188558275272381652666065857121  -0.189049228365152457994480902456
 132   0.279970800276226904090634749630  -0.182929083855219931690654795199
 133   0.370461834173674305220767708515  -0.178915152539932152794425587583
 134   0.459859116281641692863580638457  -0.177113699186549587751747051220
 135  -0.474479658106624178226210115475  -0.163528889227771366118536997661
 136  -0.386074600534913292058650747417  -0.163528889227771366118536997661
 137  -0.297669542963202405891091379360  -0.163528889227771366118536997661
 138  -0.209264485391491519723532011303  -0.163528889227771366118536997661
 139  -0.120859427819780633555972643245  -0.163528889227771366118536997661
 140  -0.032454370248069747388413275188  -0.163528889227771366118536997661
 141   0.055950687323641138779146092869  -0.163528889227771366118536997661
 142   0.144355744895352096821116001783  -0.163528889227771241628406176833
 143   0.232760804058237095749845541150  -0.163528886471776636220691017930
 144   0.324173329062082347174414433659  -0.157408741961844109916864910674
 145   0.415656587495786249779800954428  -0.151593357293173765977957166695
 146  -0.430277129320768735142430431446  -0.138008547334395544344747113135
 147  -0.341872071749057848974871063389  -0.138008547334395544344747113135
 148  -0.253467014177346962807311695331  -0.138008547334395544344747113135
 149  -0.165061956605636076639752327274  -0.138008547334395544344747113135
 150  -0.076656899033925190472192959217  -0.138008547334395544344747113135
 151   0.011748158537785695695366408841  -0.138008547334395544344747113135
 152   0.100153216109496581862925776898  -0.138008547334395544344747113135
 153   0.188558275272381652666065857121  -0.138008544578400814446901133405
 154   0.279970800276226904090634749630  -0.131888400068468288143075026149
 155   0.474479658106624178226210115475  -0.128211846888675329097058942003
 156   0.370461834173674305220767708515  -0.127874468753180509246845818532
 157  -0.474479658106624178226210115475  -0.112488205441019722570957228610
 158  -0.386074600534913292058650747417  -0.112488205441019722570957228610
 159  -0.297669542963202405891091379360  -0.112488205441019722570957228610
 160  -0.209264485391491519723532011303  -0.112488205441019722570957228610
 161  -0.120859427819780633555972643245  -0.112488205441019722570957228610
 162  -0.032454370248069747388413275188  -0.112488205441019722570957228610
 163   0.055950687323641138779146092869  -0.112488205441019722570957228610
 164   0.144355744895352096821116001783  -0.112488205441019598080826407782
 165   0.232760804058237095749845541150  -0.112488202685024992673111248879
 166   0.324173329062082347174414433659  -0.106368058175092466369285141623
 167   0.430277129320768735142430431446  -0.102691504995299507323269057477
 168  -0.430277129320768735142430431446  -0.086967863547643900797167344085
 169  -0.341872071749057848974871063389  -0.086967863547643900797167344085
 170  -0.253467014177346962807311695331  -0.086967863547643900797167344085
 171  -0.165061956605636076639752327274  -0.086967863547643900797167344085
 172  -0.076656899033925190472192959217  -0.086967863547643900797167344085
 173   0.011748158537785695695366408841  -0.086967863547643900797167344085
 174   0.100153216109496581862925776898  -0.086967863547643900797167344084
 175   0.188558275272381652666065857121  -0.086967860791649170899321364354
 176   0.279970800276226904090634749630  -0.080847716281716644595495257098
 177   0.385082375998656790583397185533  -0.078972616455306250592157709315
 178   0.474479658106624178226210115475  -0.077171163101923685549479172952
 179  -0.474479658106624178226210115475  -0.061447521654268079023377459559
 180  -0.386074600534913292058650747417  -0.061447521654268079023377459559
 181  -0.297669542963202405891091379360  -0.061447521654268079023377459559
 182  -0.209264485391491519723532011303  -0.061447521654268079023377459559
 183  -0.120859427819780633555972643245  -0.061447521654268079023377459559
 184  -0.032454370248069747388413275188  -0.061447521654268079023377459559
 185   0.055950687323641138779146092869  -0.061447521654268079023377459559
 186   0.144355744895352096821116001783  -0.061447521654267954533246638731
 187   0.232760804058237095749845541150  -0.061447518898273349125531479829
 188   0.338793870887064832537043910677  -0.057466205877218207714597032406
 189   0.430277129320768735142430431446  -0.051650821208547863775689288427
 190  -0.430277129320768735142430431446  -0.035927179760892257249587575034
 191  -0.341872071749057848974871063389  -0.035927179760892257249587575034
 192  -0.253467014177346962807311695331  -0.035927179760892257249587575034
 193  -0.165061956605636076639752327274  -0.035927179760892257249587575034
 194  -0.076656899033925190472192959217  -0.035927179760892257249587575034
 195   0.011748158537785695695366408841  -0.035927179760892257249587575034
 196   0.100153216109496581862925776898  -0.035927179760892257249587575034
 197   0.188558275272381652666065857121  -0.035927177004897527351741595303
 198   0.294591342101209389453264226648  -0.031945863983842385940807147880
 199   0.385082375998656790583397185533  -0.027931932668554607044577940264
 200   0.474479658106624178226210115475  -0.026130479315172042001899403901
 201  -0.474479658106624178226210115475  -0.010406837867516435475797690508
 202  -0.386074600534913292058650747417  -0.010406837867516435475797690508
 203  -0.297669542963202405891091379360  -0.010406837867516435475797690508
 204  -0.209264485391491519723532011303  -0.010406837867516435475797690508
 205  -0.120859427819780633555972643245  -0.010406837867516435475797690508
 206  -0.032454370248069747388413275188  -0.010406837867516435475797690508
 207   0.055950687323641138779146092869  -0.010406837867516435475797690508
 208   0.144355744895352096821116001783  -0.010406837867516310985666869680
 209   0.233914195719156201159656091524  -0.010396218652431717449199765457
 210   0.338793870887064832537043910677  -0.006425522090466564167017263355
 211   0.430277129320768735142430431446  -0.000610137421796220228109519376
 212  -0.430277129320768735142430431446   0.015113504025859386297992194017
 213  -0.341872071749057848974871063389   0.015113504025859386297992194017
 214  -0.253467014177346962807311695331   0.015113504025859386297992194017
 215  -0.165061956605636076639752327274   0.015113504025859386297992194017
 216  -0.076656899033925190472192959217   0.015113504025859386297992194017
 217   0.011748158537785695695366408841   0.015113504025859386297992194017
 218   0.100153216109496581862925776898   0.015113504025859386297992194017
 219   0.188558275272381652666065857121   0.015113506781854116195838173748
 220   0.277555535271248646863528591039   0.016167883397456391974860461673
 221   0.385082375998656790583397185533   0.023108751118197036503001828787
 222   0.474479658106624178226210115475   0.024910204471579601545680365150
 223  -0.474479658106624178226210115475   0.040633845919235208071782078542
 224  -0.386074600534913292058650747417   0.040633845919235208071782078542
 225  -0.297669542963202405891091379360   0.040633845919235208071782078542
 226  -0.209264485391491519723532011303   0.040633845919235208071782078542
 227  -0.120859427819780633555972643245   0.040633845919235208071782078542
 228  -0.032454370248069747388413275188   0.040633845919235208071782078542
 229   0.055950687323641138779146092869   0.040633845919235208071782078543
 230   0.144355744895352096821116001783   0.040633845919235332561912899371
 231   0.232760804058237095749845541150   0.040633848675229937969628058273
 232   0.338793870887064832537043910677   0.044615161696285079380562505696
 233   0.430277129320768735142430431446   0.050430546364955423319470249675
 234  -0.430277129320768735142430431446   0.066154187812611029845571963068
 235  -0.341872071749057848974871063389   0.066154187812611029845571963068
 236  -0.253467014177346962807311695331   0.066154187812611029845571963068
 237  -0.165061956605636076639752327274   0.066154187812611029845571963068
 238  -0.076656899033925190472192959217   0.066154187812611029845571963068
 239   0.011748158537785695695366408841   0.066154187812611029845571963068
 240   0.100153216109496581862925776898   0.066154187812611029845571963068
 241   0.188558275272381652666065857121   0.066154190568605759743417942798
 242   0.277555535271248646863528591039   0.067208567184208035522440230724
 243   0.385082375998656790583397185533   0.074149434904948680050581597838
 244   0.474479658106624178226210115475   0.075950888258331245093260134200
 245  -0.474479658106624178226210115475   0.091674529705986851619361847593
 246  -0.386074600534913292058650747417   0.091674529705986851619361847593
 247  -0.297669542963202405891091379360   0.091674529705986851619361847593
 248  -0.209264485391491519723532011303   0.091674529705986851619361847593
 249  -0.120859427819780633555972643245   0.091674529705986851619361847593
 250  -0.032454370248069747388413275188   0.091674529705986851619361847593
 251   0.055950687323641138779146092869   0.091674529705986851619361847593
 252   0.144355744895352096821116001783   0.091674529705986976109492668422
 253   0.232760804058237095749845541150   0.091674532461981581517207827324
 254   0.321758064057104089947308275067   0.092728909077583857296230115250
 255   0.428360493296757870076368076956   0.101477690094811042500957200575
 256  -0.430277129320768735142430431446   0.117194871599362673393151732119
 257  -0.341872071749057848974871063389   0.117194871599362673393151732119
 258  -0.253467014177346962807311695331   0.117194871599362673393151732119
 259  -0.165061956605636076639752327274   0.117194871599362673393151732119
 260  -0.076656899033925190472192959217   0.117194871599362673393151732119
 261   0.011748158537785695695366408841   0.117194871599362673393151732119
 262   0.100153216109496581862925776898   0.117194871599362673393151732119
 263   0.188558275272381652666065857121   0.117194874355357403290997711849
 264   0.277555535271248646863528591039   0.118249250970959679070019999775
 265   0.368046569168696047993661549924   0.122263182286247457966249207392
 266   0.474479658106624178226210115475   0.126991572045082888640839903251
 267  -0.474479658106624178226210115475   0.142715213492738495166941616644
 268  -0.386074600534913292058650747417   0.142715213492738495166941616644
 269  -0.297669542963202405891091379360   0.142715213492738495166941616644
 270  -0.209264485391491519723532011303   0.142715213492738495166941616644
 271  -0.120859427819780633555972643245   0.142715213492738495166941616644
 272  -0.032454370248069747388413275188   0.142715213492738495166941616644
 273   0.055950687323641138779146092869   0.142715213492738495166941616644
 274   0.144355744895352096821116001783   0.142715213492738619657072437472
 275   0.232760804058237095749845541150   0.142715216248733225064787596375
 276   0.321758064057104089947308275067   0.143769592864335500843809884301
 277   0.430277129320768735142430431446   0.152511913938458710414629787777
 278  -0.430277129320768735142430431446   0.168235555386114316940731501170
 279  -0.341872071749057848974871063389   0.168235555386114316940731501170
 280  -0.253467014177346962807311695331   0.168235555386114316940731501170
 281  -0.165061956605636076639752327274   0.168235555386114316940731501170
 282  -0.076656899033925190472192959217   0.168235555386114316940731501170
 283   0.011748158537785695695366408841   0.168235555386114316940731501170
 284   0.100153216109496581862925776898   0.168235555386114316940731501170
 285   0.188558275272381652666065857121   0.168235558142109046838577480900
 286   0.277555535271248646863528591039   0.169289934757711322617599768826
 287   0.382756482086056509996082183935   0.171138225645643507885576509815
 288   0.474479658106624178226210115475   0.178032255831834532188419672302
 289  -0.474479658106624178226210115475   0.193755897279490138714521385695
 290  -0.386074600534913292058650747417   0.193755897279490138714521385695
 291  -0.297669542963202405891091379360   0.193755897279490138714521385695
 292  -0.209264485391491519723532011303   0.193755897279490138714521385695
 293  -0.120859427819780633555972643245   0.193755897279490138714521385695
 294  -0.032454370248069747388413275188   0.193755897279490138714521385695
 295   0.055950687323641138779146092869   0.193755897279490138714521385695
 296   0.144355744895352096821116001783   0.193755897279490263204652206523
 297   0.232760804058237095749845541150   0.193755900035484868612367365426
 298   0.330242214122848791134733355815   0.194345803122811698839475587642
 299   0.422647664820642153544289660271   0.202979157501590631731630045301
 300  -0.430277129320768735142430431446   0.219276239172865960488311270220
 301  -0.341872071749057848974871063389   0.219276239172865960488311270220
 302  -0.253467014177346962807311695331   0.219276239172865960488311270220
 303  -0.165061956605636076639752327274   0.219276239172865960488311270220
 304  -0.076656899033925190472192959217   0.219276239172865960488311270220
 305   0.011748158537785695695366408841   0.219276239172865960488311270220
 306   0.100153216109496581862925776898   0.219276239172865960488311270221
 307   0.188558275272381652666065857121   0.219276241928860690386157249951
 308   0.284524087111164777109384835254   0.219852674860217373520021172133
 309   0.373762985267637397073321843896   0.221380323694951295410992827833
 310   0.466850193606497596628069344300   0.228499499394966453505419929826
 311  -0.474479658106624178226210115475   0.244796581066241782262101154746
 312  -0.386074600534913292058650747417   0.244796581066241782262101154746
 313  -0.297669542963202405891091379360   0.244796581066241782262101154746
 314  -0.209264485391491519723532011303   0.244796581066241782262101154746
 315  -0.120859427819780633555972643245   0.244796581066241782262101154746
 316  -0.032454370248069747388413275188   0.244796581066241782262101154746
 317   0.055950687323641138779146092869   0.244796581066241782262101154746
 318   0.144355744895352096821116001783   0.244796581066241906752231975574
 319   0.232777652804576015734737690061   0.244796586806822810450552686206
 320   0.328719528118235512936904594422   0.245385289211468255929662589175
 321   0.422647664820642153544289660271   0.254019841288342275279209814352
 322  -0.430277129320768735142430431446   0.270316922959617604035891039271
 323  -0.341872071749057848974871063389   0.270316922959617604035891039271
 324  -0.253467014177346962807311695331   0.270316922959617604035891039271
 325  -0.165061956605636076639752327274   0.270316922959617604035891039271
 326  -0.076656899033925190472192959217   0.270316922959617604035891039271
 327   0.011748158537785695695366408841   0.270316922959617604035891039271
 328   0.100153216109496581862925776898   0.270316922959617604035891039271
 329   0.188558277117229474766201672595   0.270316925715612300593044514496
 330   0.276971754922990767201675035745   0.270331518744944397510251939992
 331   0.374831395752588295565680120105   0.272409823990905782456498898643
 332   0.474479658106624178226210115475   0.278966742958098374822420187350
 333  -0.474479658106624178226210115475   0.295837264852993425809680923797
 334  -0.386074600534913292058650747417   0.295837264852993425809680923797
 335  -0.297669542963202405891091379360   0.295837264852993425809680923797
 336  -0.209264485391491519723532011303   0.295837264852993425809680923797
 337  -0.120859427819780633555972643245   0.295837264852993425809680923797
 338  -0.032454370248069747388413275188   0.295837264852993425809680923797
 339   0.055950687323641138779146092869   0.295837264852993425809680923797
 340   0.144355746740199918921251817254   0.295837264852993516959119240119
 341   0.232760804980660958676767360994   0.295837269206673219092293006284
 342   0.321182704197080526018646797232   0.295866450911657744165956313787
 343   0.414586902780414477250231064536   0.304419995224119065172335875816
 344  -0.430277129320768735142430431446   0.321357606746369247583470808322
 345  -0.341872071749057848974871063389   0.321357606746369247583470808322
 346  -0.253467014177346962807311695331   0.321357606746369247583470808322
 347  -0.165061956605636076639752327274   0.321357606746369247583470808322
 348  -0.076656899033925190472192959217   0.321357606746369247583470808322
 349   0.011748158537785695695366408841   0.321357606746369247583470808322
 350   0.100153216109496648182432263475   0.321357606746369247583470808322
 351   0.188558275272381614167549468840   0.321357609502363910799930387525
 352   0.276971754922991353973150577622   0.321372202531696041057831709040
 353   0.366118561389876213964316075723   0.322701353285480983810501238347
 354   0.459914005591385398008547504162   0.327884972364164272318318372816
 355  -0.474479658106624178226210115475   0.346877948639745069357260692847
 356  -0.386074600534913292058650747417   0.346877948639745069357260692847
 357  -0.297669542963202405891091379360   0.346877948639745069357260692847
 358  -0.209264485391491519723532011303   0.346877948639745069357260692847
 359  -0.120859427819780633555972643245   0.346877948639745069357260692847
 360  -0.032454370248069747388413275188   0.346877948639745069357260692848
 361   0.055950687323641138779146092869   0.346877948639745069357260692848
 362   0.144355744895352058322599613501   0.346877948639745127166005113148
 363   0.232760804981518487607338810792   0.346877952994910262058119214203
 364   0.321182701015241049995167194040   0.346907134698409288536745138188
 365   0.416929187883399664758492551139   0.355406906308391524407087366249
 366  -0.430277129320768735142430431446   0.372398290533120891131050577373
 367  -0.341872071749057848974871063389   0.372398290533120891131050577373
 368  -0.253467014177346962807311695331   0.372398290533120891131050577373
 369  -0.165061956605636076639752327274   0.372398290533120891131050577373
 370  -0.076656899033925190472192959217   0.372398290533120891131050577373
 371   0.011748158537785695695366408841   0.372398290533120891131050577373
 372   0.100153216109496581862925776898   0.372398290533120891131050577373
 373   0.188558275272381547415761163690   0.372398293289115554347510156576
 374   0.276971751741151877949670974430   0.372412886318447585428620533440
 375   0.369258340211082308346758885550   0.373645373448529342939601430449
 376   0.474479658106624178226210115475   0.376803201770230169814216558281
 377  -0.474479658106624178226210115475   0.397918632426496712904840461898
 378  -0.386074600534913292058650747417   0.397918632426496712904840461898
 379  -0.297669542963202405891091379360   0.397918632426496712904840461898
 380  -0.209264485391491519723532011303   0.397918632426496712904840461898
 381  -0.120859427819780633555972643245   0.397918632426496712904840461898
 382  -0.032454370248069747388413275188   0.397918632426496712904840461898
 383   0.055950687323641152743987534706   0.397918632426496737092655358803
 384   0.144355744895351991570811308351   0.397918632426496770713584882199
 385   0.232760802467062705904174754821   0.397918637938485882320495928692
 386   0.321165855223765730199153602416   0.397947815705214846882026153100
 387   0.412434656384301242389305400640   0.406249315653570910616278628045
 388  -0.430277129320768735142430431446   0.423438974319872534678630346424
 389  -0.341872071749057848974871063389   0.423438974319872534678630346424
 390  -0.253467014177346962807311695331   0.423438974319872534678630346424
 391  -0.165061956605636076639752327274   0.423438974319872534678630346424
 392  -0.076656899033925190472192959217   0.423438974319872534678630346424
 393   0.011748158537785695695366408841   0.423438974319872534678630346424
 394   0.100153216109496562853225797424   0.423438974319872617370352985935
 395   0.188558272090033150059224899483   0.423438977075867098686570654315
 396   0.276954905949676558153657382807   0.423453567325253143773901548352
 397   0.364763808711983885977571735051   0.424487782793708729148792692244
 398   0.459647973414374926323929188386   0.425641429938427174020213336878
 399  -0.474479658106624178226210115475   0.448959316213248356452420230949
 400  -0.386074600534913292058650747417   0.448959316213248356452420230949
 401  -0.297669542963202405891091379360   0.448959316213248356452420230949
 402  -0.209264485391491519723532011303   0.448959316213248356452420230949
 403  -0.120859427819780633555972643245   0.448959316213248356452420230949
 404  -0.032454370248069747388413275188   0.448959316213248356452420230949
 405   0.055950688182506346299894780951   0.448959317700846590540290890647
 406   0.144364132006054219633693188952   0.448973843131595138924665887679
 407   0.233374476529849298238910004273   0.450022300321062837311589292843
 408   0.326616510789891138273420424942   0.458398475247008328916499564843
 409   0.424768669491020196309580192018   0.462905159746934312147547313795
 410   0.100153219027116160057692192494   0.474479658106624177933143580951
 411  -0.430277129320768735142430431446   0.474479658106624178226210115475
 412  -0.341872071749057848974871063389   0.474479658106624178226210115475
 413  -0.253467014177346962807311695331   0.474479658106624178226210115475
 414  -0.165061956605636076639752327274   0.474479658106624178226210115475
 415  -0.076656899033925190472192959217   0.474479658106624178226210115475
 416   0.011748158537785695695366408841   0.474479658106624178226210115475
 417   0.188575045154348401624202355553   0.474479658106624178226210115475
 418   0.278175340704366062153890581322   0.474479658106624178226210115475
 419   0.375057680875416214392950268562   0.474479658106624178226210115475
 420   0.474479658106624178226210115475   0.474479658106624178226210115475
