   1  -0.475452090050277356168976268112  -0.475452090050277356168976268112
   2  -0.387005862863194667361844204228  -0.475452090050277356168976268112
   3  -0.301950024542440449099373757279  -0.475452090050277356168976268112
   4  -0.207703056990229861247580040200  -0.475452090050277356168976268112
   5  -0.119646429185486827186906834149  -0.475452090050277356168976268112
   6  -0.034468957355770619485388725007  -0.475452090050277356168976268112
   7   0.050548388248506219299706105555  -0.475452090050277356168976268112
   8   0.135564095023442254007528867910  -0.475452090050277356168976268112
   9   0.220579801798378288715351630266  -0.475452090050277356168976268112
  10   0.305595508573314323423174392621  -0.475452090050277356168976268112
  11   0.390611215348250358130997154977  -0.475452090050277356168976268112
  12   0.475452090050277356168976268112  -0.475452090050277356168976268112
  13  -0.254826540766335155173476898739  -0.461676139687347434355675071249
  14  -0.431228976456736011765410236170  -0.454128024872842105791451524605
  15  -0.163674743087858344217243437174  -0.453728667057732951601691111401
  16  -0.077057693270628723336147779577  -0.451026711756927560765705745402
  17  -0.344477943702817558230608980753  -0.450920974635620862057641189180
  18   0.008039715446367799907158690274  -0.450887638739500937457258357844
  19   0.093056241635974236653617486732  -0.450886220800680432980011531520
  20   0.178071948410910271361440249088  -0.450886220800680432980011531520
  21   0.263087655185846306069263011444  -0.450886220800680432980011531520
  22   0.348103361960782340777085773799  -0.450886220800680432980011531520
  23   0.433031652699263857149986711545  -0.450735576814233993692576495204
  24  -0.290317579666051255562190846177  -0.427752907391211406065114123376
  25  -0.204501936207742529228537389445  -0.426460740228755847216550337391
  26  -0.119505059327143694740739540478  -0.426356473686268645023742677969
  27  -0.034488059819859740991546081175  -0.426356273867076637128272076473
  28  -0.475452090050277356168976268112  -0.426356270150832068506928804337
  29  -0.387005862863194667361844204228  -0.426356270150832068506928804337
  30   0.050547568833835817261070071451  -0.426321769489904014268293621251
  31   0.135564095023442254007528867910  -0.426320351551083509791046794927
  32   0.220579801798378288715351630266  -0.426320351551083509791046794927
  33   0.305595508573314323423174392621  -0.426320351551083509791046794927
  34   0.390523799311795839796075330367  -0.426169707564637070503611758612
  35   0.475452090050277356168976268112  -0.426019063578190631216176722296
  36  -0.431228976456736011765410236170  -0.405032204973396818129404060829
  37  -0.332846168142643613841409682084  -0.403222952360934168103367034513
  38  -0.247809467091894155552242097188  -0.403187486633944598349759414038
  39  -0.162033652857075603640706832255  -0.401826527417175398751596791282
  40  -0.076996617309115521315853376259  -0.401791623008955241765722266839
  41   0.008019793567608276362365300002  -0.401790404617479713939307339880
  42   0.093055422221303834614981452629  -0.401755900240307091079328884658
  43   0.178071948410910271361440249088  -0.401754482301486586602082058334
  44   0.263087655185846306069263011444  -0.401754482301486586602082058334
  45   0.348015945924327822442163949189  -0.401603838315040147314647022019
  46   0.432944236662809338815064886934  -0.401453194328593708027211985704
  47  -0.375357091343878589856230978465  -0.378662395767536906193705860570
  48  -0.290338309694437467765125682329  -0.378657091868249665545410319392
  49  -0.204601648629469815945409976227  -0.377365021586172345711126075829
  50  -0.119524623044854389265389752518  -0.377260657684701696506435331734
  51  -0.475452090050277356168976268112  -0.377260450251386780844881340561
  52  -0.034488763921647503961941995081  -0.377225753759358318576757530246
  53   0.050527646955076293716276681180  -0.377224535367882790750342603288
  54   0.135563275608771851968892833807  -0.377190030990710167890364148066
  55   0.220579801798378288715351630266  -0.377188613051889663413117321742
  56   0.305508092536859805088252568011  -0.377037969065443224125682285427
  57   0.390436383275341321461153505757  -0.376887325078996784838247249111
  58   0.475452090050277356168976268112  -0.376887325078996784838247249111
  59  -0.419580204937419934259797010407  -0.357338330590101655816181117062
  60  -0.332849232895672443779946978710  -0.354096535274852403635749145448
  61  -0.247830456306969450411214301151  -0.354091222618652742356445582799
  62  -0.162053216574786298165357044295  -0.352730711415608450234289445047
  63  -0.077016769657386371911478371340  -0.352694788435104773317470595141
  64   0.008019089465820513391969386096  -0.352659884509761395387792793654
  65   0.093035500342544311070188062358  -0.352658666118285867561377866695
  66   0.178071128996239869322804214985  -0.352624161741113244701399411473
  67   0.263000239149391787734341186833  -0.352472099815846300936717548834
  68   0.347928529887873304107242124579  -0.352321455829399861649282512519
  69   0.432944236662809338815064886934  -0.352321455829399861649282512519
  70  -0.375377831486342481402286889064  -0.329566580248846736732595237290
  71  -0.463826825846083198140574224261  -0.329560840569740015135480006595
  72  -0.290341379508204426426035597532  -0.329530666025255480446784408856
  73  -0.204621212347180510470060188266  -0.328269205584605397193818729593
  74  -0.119545363187318280811445663117  -0.328164842166011527045324708454
  75  -0.034508916269918354557566990162  -0.328128919185507850128505858549
  76   0.050526942853288530745880767274  -0.328094015260164472198828057061
  77   0.135543353730012328424099443536  -0.328092796868688944372413130102
  78   0.220491566347253368341793771552  -0.327907648505069882224999638565
  79   0.305420676500405286753330743401  -0.327755586579802938460317775926
  80   0.390436383275341321461153505757  -0.327755586579802938460317775926
  81   0.475452090050277356168976268112  -0.327755586579802938460317775926
  82  -0.419600945079883825805852921006  -0.308242515071411486355070493783
  83  -0.332869973038136335326002889309  -0.305000719756162234174638522169
  84  -0.247833526120736409072124216354  -0.304964796775658557257819672263
  85  -0.162073956717250189711412954894  -0.303634895896918280773178821767
  86  -0.077037509799850263457534281939  -0.303598972916414603856359971862
  87   0.007998937117549662796344391016  -0.303563049935910926939541121956
  88   0.093034796240756548099792148452  -0.303528146010567549009863320468
  89   0.177963791081025827443089000103  -0.303376283632645581896013357195
  90   0.262912003698266867360783328120  -0.303191135269026519748599865658
  91   0.347928529887873304107242124579  -0.303189717330206015271353039334
  92   0.432944236662809338815064886934  -0.303189717330206015271353039334
  93  -0.475452090050277356168976268112  -0.281861230888093249426078672629
  94  -0.375419306326189565136832773992  -0.280470777867824104599032442738
  95  -0.290362119650668317972091508131  -0.280434850506565310985673785576
  96  -0.204641952489644402016116098865  -0.279173390065915227732708106314
  97  -0.119566103329782172357501573716  -0.279069026647321357584214085175
  98  -0.034529656412382246103622900761  -0.279033103666817680667395235269
  99   0.050506790505017680150255772193  -0.278997180686314003750576385363
 100   0.135455233591770047118781705020  -0.278811632774524186533463547561
 101   0.220384228432039326462078556671  -0.278659770396602219419613584287
 102   0.305419857085734884714694709298  -0.278625266019429596559635129065
 103   0.390436383275341321461153505757  -0.278623848080609092082388302741
 104   0.475452090050277356168976268112  -0.278623848080609092082388302741
 105  -0.419642419919730909540398805934  -0.259146712690388854221507699230
 106  -0.332890713180600226872058799908  -0.255904904237472064713527898889
 107  -0.247854266263200300618180126953  -0.255868981256968387796709048984
 108  -0.162094696859714081257468865493  -0.254539080378228111312068198488
 109  -0.077058249942314155003590192538  -0.254503157397724434395249348582
 110   0.007978196975085771250288480416  -0.254467234417220757478430498676
 111   0.092927227856031179169245328761  -0.254280667450270641274176612456
 112   0.177875670942783546137771261587  -0.254095119538480824057063774653
 113   0.262892081819507343815989937849  -0.254093901147005296230648847694
 114   0.347927710473202902068606090476  -0.254059396769832673370670392472
 115   0.432944236662809338815064886934  -0.254057978831012168893423566148
 116  -0.462160647364447376802801332087  -0.234598803073516641068574908903
 117  -0.375419306710532135772026091685  -0.231374957968378818441382012202
 118  -0.290382859793132209518147418730  -0.231339034987875141524563162297
 119  -0.204662692632108293562172009465  -0.230077574547225058271597483035
 120  -0.119586843472246063903557484315  -0.229973211128631188123103461895
 121  -0.034550396554846137649678811361  -0.229937288148127511206284611990
 122   0.050398634326099270269278036984  -0.229750721181177395002030725769
 123   0.135347665207044678188234885329  -0.229564154214227278797776839548
 124   0.220383524330251563491682642765  -0.229529250288883900868099038060
 125   0.305399935206975361169901319027  -0.229528031897408373041684111102
 126   0.390435563860670919422517471653  -0.229493527520235750181705655880
 127   0.475452090050277356168976268112  -0.229492109581415245704458829556
 128  -0.419642420304073480175592123628  -0.210050892790943568063857268695
 129  -0.332911453323064118418114710507  -0.206809088718781895252417275610
 130  -0.247875006405664192164236037553  -0.206773165738278218335598425704
 131  -0.162115437002177972803524776092  -0.205443264859537941850957575208
 132  -0.077078990084778046549646103138  -0.205407341879034264934138725303
 133   0.007870040796167361369310745207  -0.205220774912084148729884839082
 134   0.092819071677112769288267593552  -0.205034207945134032525630952861
 135   0.177855518594512695542146266506  -0.204998284964630355608812102955
 136   0.262891377717719580845594023943  -0.204963381039286977679134301467
 137   0.347907788594443378523812700205  -0.204962162647811449852719374509
 138   0.432943417248138936776428852831  -0.204927658270638826992740919287
 139  -0.475452090050277356168976268112  -0.187336375258940032711071145177
 140  -0.375455997276025566493592754759  -0.182279151778835788714324190488
 141  -0.290403599935596101064203329330  -0.182243219469184972063452539017
 142  -0.204683432774572185108227920064  -0.180981759028534888810486859755
 143  -0.119607583614709955449613394915  -0.180877395609941018661992838616
 144  -0.034658552733764547530656546570  -0.180690828642990902457738952395
 145   0.050290478147180860388300301775  -0.180504261676040786253485066174
 146   0.135326925064580786642178974729  -0.180468338695537109336666216268
 147   0.220363371981980712896057647684  -0.180432415715033432419847366363
 148   0.305399231105187598199505405121  -0.180397511789690054490169564875
 149   0.390415641981911395877724081382  -0.180396293398214526663754637916
 150   0.475452090050277356168976268112  -0.180363206959862408281023009019
 151  -0.432933862531060299629420073833  -0.162788464847328149595013820757
 152  -0.332932193465528009964170621107  -0.157713273200091725791306652330
 153  -0.247895746548128083710291948152  -0.157677350219588048874487802425
 154  -0.162136177144641864349580686692  -0.156347449340847772389846951929
 155  -0.077187146263696456430623838347  -0.156160882373897656185593065708
 156   0.007761884617248951488333009998  -0.155974315406947539981339179487
 157   0.092798331534648877742211682952  -0.155938392426443863064520329581
 158   0.177834778452048803996090355907  -0.155902469445940186147701479676
 159   0.262871225369448730249969028862  -0.155866546465436509230882629770
 160   0.432924314784049815270271496663  -0.155831842087438107952036727648
 161   0.347907084492655615553416786299  -0.155831642540093131301204828282
 162  -0.475452090050277356168976268112  -0.138240555359494745049023681402
 163  -0.388699509090246925662928549145  -0.135003270756634339107472533974
 164  -0.290424340078059992610259239929  -0.133147403950494802602341915738
 165  -0.204704172917036076654283830663  -0.131885943509844719349376236476
 166  -0.119715739793628365330591130124  -0.131630936104804409913447179021
 167  -0.034766708912682957411634281779  -0.131444369137854293709193292800
 168   0.050269738004716968842244391175  -0.131408446157350616792374442894
 169   0.135306184922116895096123064130  -0.131372523176846939875555592989
 170   0.220342631839516821350001737085  -0.131336600196343262958736743083
 171   0.305379078756916747603880410040  -0.131300677215839586041917893177
 172   0.475452090050277356168976268112  -0.131267387060417120618975545243
 173   0.390415757294794034945964201579  -0.131267191229316712589486918014
 174  -0.432929100644779065855855210952  -0.113692645178814548736185041037
 175  -0.346175670527104967603832214756  -0.110437382442558104808085791119
 176  -0.247916486690591975256347858751  -0.108581534700897879413377179145
 177  -0.162283735566022577635294274095  -0.107169430273801356872976463568
 178  -0.077295302442614866311601573556  -0.106914422868761047437047406113
 179   0.007741144474785059942277099398  -0.106878499888257370520228556207
 180   0.092777591392184986196155772353  -0.106842576907753693603409706302
 181   0.177814038309584912450034445308  -0.106806653927250016686590856396
 182   0.262850485226984838703913118263  -0.106770730946746339769772006490
 183   0.347887982028566494047259430130  -0.106735826356892412260500636643
 184   0.432933980204428715607028398898  -0.106719273757453962211577453269
 185  -0.475452090050277356168976268112  -0.089144735460049457386976217626
 186  -0.388704264057036876503799506533  -0.085907436173464858535939904432
 187  -0.303643088776112648230170095509  -0.085864592967469490109679036615
 188  -0.204899082596917202454487751218  -0.082790510506199089694061487826
 189  -0.119823895972546775211568865334  -0.082384476599667801164901519427
 190  -0.034787449055146848957690192379  -0.082348553619164124248082669521
 191   0.050248997862253077296188480576  -0.082312630638660447331263819615
 192   0.135285444779653003550067153531  -0.082276707658156770414444969709
 193   0.220321891697052929803945826486  -0.082240784677653093497626119804
 194   0.305359976292827626097723053872  -0.082204861032638867001213701538
 195   0.390415748608974360557283281365  -0.082171371329872193256225596482
 196   0.475452090050277356168976268112  -0.082171160454490803804179361296
 197  -0.432933862797732172921324352631  -0.064596825510326813555952485757
 198  -0.346175670527104967603832214756  -0.061341562543112817146038327343
 199  -0.261110516605683289227540367082  -0.061291820108838398575484224191
 200  -0.162478322050443149989205723791  -0.058073995988128226285487293869
 201  -0.077316042585078757857657484156  -0.057818607350070877975936782834
 202   0.007720404332321168396221188799  -0.057782684369567201059117932928
 203   0.092756851249721094650099861754  -0.057746761389063524142299083022
 204   0.177793298167121020903978534709  -0.057710838408559847225480233117
 205   0.262831382762895717197755762095  -0.057674914763545620729067814851
 206   0.347887973342746819658578509916  -0.057640006457447892927239315112
 207   0.432933858454823001119231150579  -0.057623258026909034848827504509
 208  -0.475452090050277356168976268112  -0.040048915560604169724928753850
 209  -0.388704264057036876503799506533  -0.036811616274019570873892440656
 210  -0.303643088776112648230170095509  -0.036768773068024202447631572839
 211  -0.217864373932504471695767960039  -0.035437572348339090012903716967
 212  -0.119964896153599263282243252191  -0.033288859172572426448528531570
 213  -0.034808189197610740503746102978  -0.033252738100473954786972046241
 214   0.050228257719789185750132569977  -0.033216815119970277870153196335
 215   0.135264704637189112004011242932  -0.033180892139466600953334346430
 216   0.220302789232963808297788470318  -0.033144968494452374456921928164
 217   0.305359967607007951709042133657  -0.033109041133194347667952380007
 218   0.390415513796553861704358474492  -0.033075551430988428682434658605
 219   0.475452090050277356168976268110  -0.033075340555045516142131897520
 220  -0.432933862797732172921324352631  -0.015501005610881525893905021982
 221  -0.346175670527104967603832214756  -0.012245742643667529483990863568
 222  -0.261110516605683289227540367082  -0.012196000209393110913436760416
 223  -0.175213626745248747801387304278  -0.010658686794480333390964592728
 224  -0.077336782727542649403713394755  -0.008722791831380708514826159554
 225   0.007699664189857276850165278200  -0.008686868850877031598007309649
 226   0.092736111107257203104043951155  -0.008650945870373354681188459743
 227   0.177774195703031899397821178541  -0.008615022225359128184776041477
 228   0.262831374077076042809074841880  -0.008579094864101101395806493320
 229   0.347887738530326320805653703043  -0.008544186558564128353448377234
 230   0.432933858454823001119231150570  -0.008527438127463747186780040733
 231  -0.475452090050277356168976268112   0.009046904338841117937118709925
 232  -0.388704264057036876503799506533   0.012284203625425716788155023119
 233  -0.303643088776112648230170095509   0.012327046831421085214415890937
 234  -0.217864373932504471695767960039   0.013658247551106197649143746808
 235  -0.119864557993770190302418166207   0.015808573041043591814160121811
 236  -0.034828929340074632049802013577   0.015843077418216214674138577038
 237   0.050207517577325294204076659378   0.015879000398719891590957426944
 238   0.135245602173099990497853886764   0.015914924043734118087369845210
 239   0.220302780547144133909107550103   0.015950851404992144876339393367
 240   0.305359732794587452856117326785   0.015986778765689416905838557871
 241   0.390415513796553861704358474478   0.016020268468456858979612805171
 242   0.475452087635800375851466692966   0.016020479344399712149289916015
 243  -0.432933862797732172921324352631   0.033594814288563761768142441794
 244  -0.346175670527104967603832214756   0.036850077255777758178056600208
 245  -0.261110516605683289227540367082   0.036899819690052176748610703360
 246  -0.164075866164817713001835039185   0.037157103702506793536405460525
 247  -0.077356704606302172948506785029   0.040374442290640515003124858404
 248   0.007678924047393385304109367601   0.040408946667813137863103313631
 249   0.092717008643168081597886594987   0.040444870312827364359515731897
 250   0.177774187017212225009140258326   0.040480797674085391148485280054
 251   0.262831139264655543956150035008   0.040516725034782663177984444558
 252   0.347887738530326320805653703008   0.040551633340881159308599086542
 253   0.432933813621227836426888575165   0.040568381771961069778785433398
 254  -0.475452090050277356168976268112   0.058142724238286405599166173701
 255  -0.388704264057036876503799506533   0.061380023524871004450202486895
 256  -0.303643088776112648230170095509   0.061422866730866372876463354712
 257  -0.206726613352073436896215694946   0.061474038048093324576513800061
 258  -0.119885298136234081848474076806   0.064904388559733761275270745091
 259  -0.034848851218834155594595403851   0.064940311540237438192089594996
 260   0.050188415113236172697919303210   0.064974816581920610631661618583
 261   0.135245593487280316109172966549   0.065010743943178637420631166741
 262   0.220302545734723635056182743231   0.065046671303875909450130331245
 263   0.305359732794587452856117326744   0.065082598665134704567886021647
 264   0.390403070065275915943254943317   0.065116086790920125343880872422
 265   0.475452090050277356168976268112   0.065116299243844940440711729551
 266  -0.432933862797732172921324352631   0.082690634188009049430189905570
 267  -0.249972756025252254427988101989   0.084715610187039303675980756613
 268  -0.346175670527104967603832214756   0.085945897155223045840104063984
 269  -0.164096606307281604547890949784   0.086252919221196962997516083804
 270  -0.077377444748766064494562695628   0.089470257809330684464235481683
 271   0.007659821583304263797952011433   0.089504762851013856903807505270
 272   0.092716999957348407209205674772   0.089540690212271883692777053428
 273   0.177773952204791726156215451454   0.089576617572969155722276217932
 274   0.262831139264655543956150034948   0.089612544934227950840031908333
 275   0.347874148048376557266981737907   0.089647451359298657401121921015
 276   0.432933858454799432172331580861   0.089664201671385886765873724506
 277  -0.475452090050277356168976268112   0.107238544137731693261213637477
 278  -0.292505328195681613430617830416   0.109238657227853499803833407965
 279  -0.388704264057036876503799506533   0.110475843424316292112249950670
 280  -0.206747353494537328442271605545   0.110569853566783494037624423340
 281  -0.119905220014993605393267467077   0.114001622681754984793221763054
 282  -0.034867953682923277100752760019   0.114036127723438157232793786636
 283   0.050188406427416498309238382995   0.114070636481365129964922940115
 284   0.135245358674859817256248159677   0.114106563842062401994422104618
 285   0.220290913560045472583539647134   0.114142489825327205777689003796
 286   0.305345346165563842228878273261   0.114178416456711139749019009175
 287   0.390415511975898611128672152323   0.114211905113844817712829719756
 288   0.475452088403126650515980834594   0.114212119143290200472041825840
 289  -0.432933862797732172921324352631   0.131786454087454337092237369345
 290  -0.335037909946673932804279949663   0.133761687652210172767474117236
 291  -0.249993496167716145974044012588   0.133811425705729473137091379892
 292  -0.164117213138801870701007045779   0.135348734796022304636723292859
 293  -0.077396547212855186000720051796   0.138566073992531403504939673323
 294   0.007659812897484589409271091218   0.138600582750458376237068826802
 295   0.092716765144927908356280867900   0.138636510111155648266567991305
 296   0.177762287040903331515250954149   0.138672436086593300746230340134
 297   0.262799165547032397203205078969   0.138708354422209195971042135968
 298   0.347887736358985176965711815053   0.138743269378317168297825030462
 299   0.432933814907337859711030657939   0.138760021570811861364066776584
 300  -0.475452090050277356168976268111   0.156334364037176980923261101252
 301  -0.377566503476605841704247241440   0.158291633921303419039620003923
 302  -0.292526068338145504976673741016   0.158334472746543669264944031244
 303  -0.206767960326057594595387701540   0.159665669141608835676831632395
 304  -0.119921207276455085878794767569   0.163102838613687951885580128865
 305  -0.034867962368742951489433680234   0.163131947622882676566055108167
 306   0.050188171614995999456313576123   0.163166456380248894538713877992
 307   0.135233641424538058845602543850   0.163202382343283183588789334574
 308   0.220270574797580621843633079776   0.163238305511936480141153748236
 309   0.305359730361618329103149722435   0.163274234249000451629513245727
 310   0.390409294808272224040566362079   0.163307724619639754604454636518
 311   0.475452090050277356168976268112   0.163307939042735460503371922129
 312  -0.432564522846127397001705694120   0.180880884724736571263938810670
 313  -0.335058650089137824350335860262   0.182857503170900342228584740516
 314  -0.250014102999236412127160108583   0.182907241280554814776298588946
 315  -0.164135807088879001779735658463   0.184444551174444900585357150720
 316  -0.077396555898674860389400972011   0.187661893891975922838200994854
 317   0.007659578085064090556346284346   0.187696402649342140810859764679
 318   0.092705024765471663157716406994   0.187732328606850962616777080569
 319   0.177741981271011086670532571165   0.187768251786859214335299937808
 320   0.262831127256975185258051691965   0.187804163918008992071613718052
 321   0.347880382457165144553649020548   0.187839088727004037088636945394
 322   0.432933858454777163292807780369   0.187855841470237835982012079044
 323  -0.475452090050277356168976268112   0.205430183936622268585308565028
 324  -0.390220816625722502518894129579   0.205728622551726209345404489185
 325  -0.292546675169665771129789837010   0.207430288321369010904151240299
 326  -0.206786554276134725674116314224   0.208761485520031431625465490256
 327  -0.119921215962274760267475687784   0.212198658513132471218841450396
 328  -0.034868197181163450342358487106   0.212227767521766441139846046045
 329   0.050176381400431869088844419494   0.212262274864001748943449545005
 330   0.135213387746335928819292503147   0.212298198065066309701591417312
 331   0.220249834665637930663728658465   0.212334121030631094199768902651
 332   0.305338971055703759862178930199   0.212370049759591431538359216976
 333   0.390415511521388707433084818054   0.212403544125492245499616800724
 334   0.475452088896012919400474346486   0.212403758942180734596785714879
 335  -0.432932265658041115612851685659   0.229975327351403122383774366999
 336  -0.347712963238254485164982748401   0.230294491801323132534369225778
 337  -0.250032696949313543205888721267   0.232003057658977410724932446808
 338  -0.164135815774698676168416578678   0.233540371073889419918618472251
 339  -0.077396790711095359242325778883   0.236757713790859687411991932732
 340   0.007647753444704502724571245620   0.236792221124815673365617572106
 341   0.092684794218717850824034130188   0.236828144338171141362190518280
 342   0.177721241139068395490628149855   0.236864067305553828393915092223
 343   0.262757723500091575578424416522   0.236899928943999199853980888981
 344   0.347887735723247210085533870498   0.236934908075786126869185598135
 345   0.432933817526662204436423989970   0.236951661369666064039010513166
 346  -0.475452090050277356168976268112   0.254526003836067556247356028803
 347  -0.390241556768186394064950040178   0.254824438070416378806515112465
 348  -0.305176644223399031206959133751   0.254873764303852715034917300617
 349  -0.206786562961954400062797234439   0.257857305419475950958726811788
 350  -0.119921450774695259120400494657   0.261294478412016235792632388274
 351  -0.034881065724362571708582655642   0.261323585734719811047213227972
 352   0.050156200693728696540527543181   0.261358090615833847984829417112
 353   0.135192647613764784941717392906   0.261394013583760658275420766640
 354   0.220229165365399181218320984575   0.261429936579196895943024785318
 355   0.305359725299287098025879095694   0.261465865272322668574477198410
 356   0.390409548091894166321583135170   0.261499363662763202023394508370
 357   0.475452090050277356168976268112   0.261499578841626008690199507628
 358  -0.432932265658041115612851685659   0.279071147250848410045821830774
 359  -0.347712963238254485164982748401   0.279390311700768420196416689553
 360  -0.262640707328692700878858246932   0.279452373838162072653663042562
 361  -0.164136050587119175021341385550   0.282636190972773184492409410129
 362  -0.077409659254294480608549947419   0.285853532003813057319359114659
 363   0.007627607167177123057243866067   0.285888036890787723111642492840
 364   0.092664054086146706946459019948   0.285923959856865489936019867608
 365   0.177700501006497251613053039615   0.285959882824248176967744441551
 366   0.262831064010401340124952066978   0.285995694064509496258538231071
 367   0.347880584412569163868073188573   0.286030727454400468129413749816
 368   0.432933858454757480242897193250   0.286047481269094292112417471222
 369  -0.475452090050277356168976268112   0.303621823735512843909403492579
 370  -0.390241556768186394064950040178   0.303920257969861666468562576240
 371  -0.305176644223399031206959133751   0.303969584203298002696964764393
 372  -0.215447569191037234117860606609   0.306183142222355590726665634338
 373  -0.123610281493723519906542315708   0.310350114792809051701852131436
 374  -0.034901805866826463254638566241   0.310419401253409980508323851252
 375   0.050135460558030426173107324501   0.310453906134526875529113368859
 376   0.135171907478148571683217715296   0.310489829102453720484075860264
 377   0.220208354397391613303602783669   0.310525752067916283176514593256
 378   0.305338849539368283054828302884   0.310561680733534998945212422947
 379   0.390415511103219868568941772464   0.310595183200084949693512022349
 380   0.475452089795887660149688753718   0.310595398741071295693187630167
 381  -0.432932265658041115612851685659   0.328166967150293697707869294550
 382  -0.259214494398676776890639924437   0.328428496556860003418210702053
 383  -0.347712963238254485164982748401   0.328486131600213707858464153329
 384  -0.173037961218250564985901018322   0.330918232341320536275722054401
 385  -0.080037605578975852252406970096   0.334878968561924006656369157388
 386   0.007606867024713231511187955468   0.334983852409477892572753116119
 387   0.092643313950448436579038801266   0.335019775375558517480303819355
 388   0.177679760870881038354553362015   0.335055698342941239176399535175
 389   0.262716347278805451468772098812   0.335091379940869955275996621650
 390   0.347887735122063294134663101316   0.335126546833102374324924914674
 391   0.432933686939944261626522318280   0.335143301168239988778594439404
 392  -0.475452090050277356168976268112   0.352717643634958131571450956355
 393  -0.301939089359476170756455094620   0.352958539796389159394568184691
 394  -0.390241556768186394064950040178   0.353016077869306954130610040016
 395  -0.215663981612564995084375057183   0.355278485150810387157179586848
 396  -0.034920908152233450136050709607   0.359515217436680221829371549239
 397   0.050114720415566534627051413902   0.359549721653217044990223992139
 398   0.135151167340233673336448812622   0.359585644621145811631498790515
 399   0.220187926905819065794250977761   0.359621626416951772834016227763
 400   0.305359720180046569944884381592   0.359657496196923786350277700644
 401   0.475452090050277356168976268095   0.359691218640516582696175752706
 402   0.390851204979779367666386663859   0.360430931418446593697889778497
 403  -0.121941829489436781526883938559   0.360460906527229184856058325084
 404  -0.432932265658041115612851685659   0.377262787049738985369916758326
 405  -0.344475408374331624714478709271   0.377475087193304864556067573627
 406  -0.259430906820204537857154375010   0.377523839485314799848724654564
 407  -0.167129239437695912111524147321   0.379657195589616728860182756451
 408  -0.077526863331399092456797159712   0.383910547212473298312098915888
 409   0.007586945238619852979812748827   0.384081086680419374246842425259
 410   0.092622573807984545032982890667   0.384115590894248686941414442635
 411   0.177659020732966140007784459332   0.384151513861633330323822465423
 412   0.262830909614095477672152760805   0.384187066177749268210176036527
 413   0.347868152979073988731844418406   0.384222362827323754027457269940
 414   0.430030670810287154385048453131   0.390032318269445934518937530623
 415  -0.475452090050277356168976268112   0.401813463534403419233498420130
 416  -0.390241556768186394064950040178   0.402111897768752241792657503791
 417  -0.215919869894333214223040413611   0.404373638198601383980473304906
 418  -0.303613759588063655518470192170   0.404691354205267642104412886881
 419   0.475420656829572849436623949390   0.408787028477522062503123916242
 420  -0.127911060477149370865867403308   0.409192496004837030281683197628
 421  -0.036722470722808305020959895246   0.420676169051316675067239326587
 422   0.210026035578518832316580749935   0.421067308334819729858689960101
 423   0.306485654516327614224910367800   0.421744975904472261001887817476
 424   0.061658261089137068425793224365   0.426201484443731967277703624468
 425  -0.432932265658041115612851685659   0.426358606949184273031964222101
 426  -0.347614562609737802028603793376   0.426470446588711888697639669391
 427  -0.259686795101972756995819731438   0.426618992533105796672018372621
 428  -0.173098470425408501450507612071   0.428388785067224574285807628995
 429   0.113024966897561738607823249264   0.428771406728439205888606707209
 430   0.162046240322275896270360185272   0.431475899919072411394369083695
 431   0.405268004204660896155100984270   0.432428893959829684501919736505
 432  -0.084690160895692994121478378701   0.432480977513265867589227687932
 433   0.355575196447697383921727328991   0.432709484958581630541700559316
 434   0.012750478867641370950199336862   0.432904620473670470388366190650
 435   0.257647538324568123235724010970   0.433008497882213563105981245498
 436  -0.475447232332461516211477101231   0.451133270316305360632648044843
 437  -0.388360729408036290770355442332   0.453859302403513750898447570776
 438  -0.299441353460422466264082631710   0.455428272658152035894590237051
 439   0.475452090050277356168976268112   0.457882838314527542310072079777
 440  -0.206866408447861144841141141764   0.464027610711605239757899477521
 441   0.086013419048134232553110152966   0.469768672666265549781239329331
 442  -0.110031125406355883254676703146   0.474531364542020928214416186923
 443   0.380513824290528411116900638169   0.474999724647137912866695168017
 444  -0.011848134965943579745143945387   0.475413558500383696448660043182
 445  -0.432453257723393088210606299882   0.475452090050277356168976268112
 446  -0.344268201092679493330104584782   0.475452090050277356168976268112
 447  -0.254614505828165439198060678637   0.475452090050277356168976268112
 448  -0.159118311067556850484221604890   0.475452090050277356168976268112
 449  -0.060943939745154916025131801402   0.475452090050277356168976268112
 450   0.037247669813267756534843910627   0.475452090050277356168976268112
 451   0.134779168283000708571376395305   0.475452090050277356168976268112
 452   0.183874988182445996233423859081   0.475452090050277356168976268112
 453   0.232970808081891283895471322856   0.475452090050277356168976268112
 454   0.282324268567244962575976699083   0.475452090050277356168976268112
 455   0.331420088466690250238024162859   0.475452090050277356168976268112
 456   0.429607560114366571995777113480   0.475452090050277356168976268112
