   1  -0.476179637997804962620600846403  -0.476179637997804962620600846403
   2  -0.392420556640838299434972474991  -0.476179637997804962620600846403
   3  -0.307919374279112227169511261917  -0.476179637997804962620600846403
   4  -0.225204639646169885437412033213  -0.476179637997804962620600846403
   5  -0.142688014353914064503557949735  -0.476179637997804962620600846403
   6  -0.060172729113820356875456345570  -0.476179637997804962620600846403
   7   0.022342545729504570271338330844  -0.476179637997804962620600846402
   8   0.104857821792318958545502620066  -0.476179637997804962620600846403
   9   0.187373097301185133146167592253  -0.476179637997804962620600846403
  10   0.269889251785748573713738892195  -0.476179637997804962620600846403
  11   0.352405406270350224402645053279  -0.476179637997804962620600846403
  12   0.434921560755320047514411820019  -0.476179637997804962620600846403
  13  -0.350169965459975263302241868454  -0.454167683779016315643565750367
  14  -0.434300097319321631027786660660  -0.453469669785107513537076393455
  15  -0.266562006874494403646162160050  -0.452532084788044917013328032167
  16  -0.183946312821294605405218858103  -0.452359659172478245097745942203
  17   0.476179637997804962620600846403  -0.452359275995609928315856570855
  18   0.393663483512835135958528436649  -0.452359275995609922166546814756
  19   0.311147329028049399058191972737  -0.452359275995291075495379508982
  20   0.228631174543466853429953242224  -0.452359275995257984559622454703
  21  -0.101430371733867210689507147653  -0.452358523223324695664673507053
  22   0.063600183795052905432887194902  -0.452358515216772640720970279063
  23   0.146115459546752045845835106166  -0.452358514796191521541527706401
  24  -0.018915091692157893302059007363  -0.452358514219840460704298951146
  25  -0.390358172590817797118730315977  -0.428583575600872485806548216730
  26  -0.474907277049896371616640554418  -0.428555907765065887190473321318
  27  -0.307720082655050657446285286775  -0.428539330835581002188178074585
  28  -0.225204168835482153579821891100  -0.428538913995741287263998134711
  29   0.434921560755320051064717463033  -0.428538913993414887861802539208
  30   0.352405406270534310614075356107  -0.428538913993096035041325477336
  31   0.269889251785767678774406322766  -0.428538913992744097434401117283
  32  -0.142688644855218388417563365665  -0.428538500496499693200070257360
  33   0.187373536789043189984485722187  -0.428538152793628221580570953933
  34  -0.060172734318508933463049048077  -0.428537399434441488279835631957
  35   0.104857821574738004025032511161  -0.428537391971423295634265294159
  36   0.022342546339249299882447644386  -0.428537391497939810018450071557
  37  -0.433027736373339889825423797373  -0.405845939548815126896498134437
  38  -0.349051824427012292003933704039  -0.404847017614657419248279307101
  39  -0.266462246077967057465507412661  -0.404718551993546233524771702305
  40   0.476179637997804962620600846403  -0.404718551991219847407748507562
  41   0.393663483513019225720264382491  -0.404718551990901000736581201788
  42   0.311147329028252590330289706136  -0.404718551990549056980347085636
  43  -0.183946526215947797402384714945  -0.404717799220373385764739072695
  44   0.228631614031902597915953735606  -0.404717790790146882256085132252
  45  -0.101431002351225109365881947170  -0.404717367807453691836616579899
  46   0.146115898846474213723220499577  -0.404717029917861818042463844637
  47  -0.018915096280797554119856202831  -0.404716276723459543388572832375
  48   0.063600184093682386550920455645  -0.404716268296326367845010500750
  49  -0.392387526770535556280546246888  -0.380986093469191079599227996580
  50  -0.476179637997804962620600846403  -0.380932177532326811760345796234
  51  -0.307720563981641830847338307187  -0.380898606833622411125504638195
  52   0.434921560755504137276147765861  -0.380898189988705960282527170141
  53   0.352405406270737505436478732520  -0.380898189988354022675602810089
  54  -0.225204603458432701288070236506  -0.380897437218178332025512640288
  55   0.269889691286228793183182773526  -0.380897428767443010649612470139
  56  -0.142688888825576165727359335536  -0.380896675388213884185099414627
  57   0.187373976119601152713065592124  -0.380896667861957809874762278366
  58  -0.060173283994471278096477696971  -0.380896106064000966602127543632
  59   0.104858261335964106175898065913  -0.380895906293779388642943111872
  60   0.022342541473635532548616608425  -0.380895153521846101215133261572
  61  -0.434740947827972077183977961838  -0.357328496134810652162425887681
  62  -0.349052305753603465404986724451  -0.357206293612698828185605870711
  63   0.476179637997804962620600846403  -0.357077827986192073157305832721
  64   0.393663483513222416992362115890  -0.357077827986158982221548778442
  65  -0.266462921362107474669901131032  -0.357077492058254509626245576178
  66   0.311147768556079603337703262306  -0.357077066717850875363607412585
  67  -0.183946966068152591423054993478  -0.357076313385860316780552363738
  68   0.228632053404356621595212692837  -0.357076305786551135185852586749
  69  -0.101431250764146527947391115669  -0.357075552718311418815735037782
  70   0.146116338578264930925105609798  -0.357075544291265500486726261995
  71  -0.018915615606713231998474328839  -0.357074929803422804497926932106
  72   0.063600618715917252173594218693  -0.357074791519299122013065872695
  73  -0.390313052818943841973128172673  -0.333390556477928588564051878964
  74  -0.476177315832383192051635094792  -0.333291453584531723349498083711
  75  -0.307721433213808097166572780610  -0.333257882837162154549835696050
  76   0.434921560755523242336815196432  -0.333257465983645095096327441022
  77   0.352405845818408674736557036302  -0.333256704681286206430307825469
  78  -0.225205283979584488988025358203  -0.333256368212501334106235425949
  79   0.269890130700120670531242935987  -0.333255943692077865559174163911
  80  -0.142689328006631431836054005182  -0.333255190716116365081665557942
  81   0.187374415820749841880989364002  -0.333255182289070458993442388109
  82   0.022342541473229145136502421360  -0.333254429517456026456336687671
  83   0.104858695958218076922801762576  -0.333254429516785233856849022820
  84  -0.060173613009996052387141928169  -0.333254429516208500699888196886
  85  -0.434796575156419506200520059505  -0.309684825600613453544362009200
  86  -0.349053174985769731724221197877  -0.309565569616238571609936928566
  87   0.476179637997804962620600846403  -0.309437103981098117035349049322
  88  -0.266463795841990085288838548287  -0.309436758972868211178931708396
  89   0.393663923085005837420656057271  -0.309436342636691621881195960051
  90   0.311148207996396833649192855529  -0.309435581596717613706064742379
  91  -0.183947645910306205473186127439  -0.309435245556192543124603509175
  92   0.228632493103285359696335998474  -0.309434820217508700788478192066
  93   0.063600618715553191534272028453  -0.309434067514901917224974088485
  94   0.146116773200702987878685516779  -0.309434067514590192363565148936
  95  -0.101431690252480956275804817682  -0.309434067514013446965818717046
  96  -0.018915535768023323959636032860  -0.309434067513126333044726809070
  97  -0.393541453256038873015198425562  -0.285859345528908645754448788858
  98  -0.476179637997804962620600846403  -0.285650729636736634938650371188
  99  -0.307722312941073381014449741763  -0.285617158840894543056692793522
 100   0.434922000351719429399002280443  -0.285615980591829204111035720138
 101  -0.225206157762006828331754418523  -0.285615636335100188675043412094
 102   0.352406285291149270307585520943  -0.285615219503358741650370658066
 103   0.269890570399766377194630750195  -0.285614458121793645863493073242
 104  -0.142690008156155729912936939939  -0.285614122354089625008756668279
 105   0.187374850443187912254997794780  -0.285613705512395174115145337614
 106   0.104858695958218072172496861229  -0.285613705512395159098050715626
 107  -0.060173613010508227848298922372  -0.285613705510931279310657329230
 108   0.022342541474277500789569921098  -0.285613705510612444888507205364
 109  -0.434800680684735782435285789861  -0.262040975818755658540171544198
 110  -0.352280670732430457704648672685  -0.262034297227759893279473739813
 111  -0.266464916137541859006607709392  -0.261795618322732926263845845792
 112   0.393664362611278048716925095354  -0.261794857365982448845011416865
 113   0.476179637996486722000628708455  -0.261794857200277128762477229965
 114  -0.183948520007856352771505231031  -0.261794513132997270559196571183
 115   0.311148647695005482035496975824  -0.261794096027591875716826585910
 116   0.228632927685672836631310072112  -0.261793343510200155866725525133
 117   0.146116773200703009969237663027  -0.261793343510200117604766841741
 118  -0.101431742355556050447735771854  -0.261793343509651863907041798798
 119   0.063600618716762411745443125909  -0.261793343508417403395205059395
 120  -0.018915535768207403099092968415  -0.261793343508417391154437725523
 121  -0.393541453256038873015198425562  -0.238218621524518570995650481664
 122  -0.310628999558983476311332817047  -0.238065189832579744867499274428
 123  -0.476179637997804962620600846403  -0.238010005632346560179852063994
 124  -0.225207037227075547118738940039  -0.237974912338827736216560718987
 125   0.434922000251561312538382735506  -0.237973733966664138818103968029
 126   0.352406725023267755500326022455  -0.237973733876128556680379385035
 127  -0.142690060285839436932871444372  -0.237973398349728071058365306538
 128   0.187374850443187934345549940359  -0.237972981508005099356347029260
 129   0.269891004927973674785461522103  -0.237972981507686290928552592834
 130  -0.060173613010876405011956960068  -0.237972981506541204551860444709
 131   0.104858695959247336121755403240  -0.237972981506222385146785246913
 132   0.022342541474277507856780236396  -0.237972981506222349661135579554
 133  -0.434800680684735782435285789861  -0.214400251814365583781373237004
 134  -0.351973166432750201809536863638  -0.214394565650344946269886212137
 135  -0.266465140607973461699035890919  -0.214154595609749410413720551402
 136  -0.183948572389406272399359787336  -0.214153789128635992872958815876
 137   0.228632927685488772499701390350  -0.214152619505491234418174096961
 138  -0.101431690253906401727794595143  -0.214152619505290279289323931762
 139   0.311149082170255416283993113191  -0.214152619505139349612592040093
 140   0.146116773201732260498067680571  -0.214152619504027366898365434432
 141   0.063600618716762433835995270818  -0.214152619504027328636406752200
 142  -0.018915535768207407849418968547  -0.214152619504027316395639418329
 143   0.476179637993971045475001434528  -0.214152610680838574823744582205
 144   0.393664362662082753384747226811  -0.214152610474267243833242121362
 145  -0.393233948956358617120086616515  -0.190578889947103623986062953988
 146  -0.307822596069240493385868201671  -0.190507196991047554244109795750
 147  -0.476179637997804962620600846402  -0.190369281627956485421053756799
 148  -0.225207089503951228466475982260  -0.190334188334466343554730040538
 149  -0.142690008157581208975130078109  -0.190332674345366515548200070643
 150   0.269891004927770568219998282635  -0.190332257502944199187361166472
 151  -0.060173613010876409762282960200  -0.190332257502151129793062137515
 152   0.104858695959247358212307548149  -0.190332257501832310387986939719
 153   0.022342541474277529947332381305  -0.190332257501832274902337272360
 154   0.187374850444033098652219130562  -0.190332257501513501960192502133
 155   0.352406719809065293327466377117  -0.190331496103269167586756866168
 156   0.434922000420279174439245759364  -0.190331487161901168617103687357
 157  -0.434800680684735782435285789854  -0.166759527809975509022574929810
 158  -0.351978577527255598507296518531  -0.166753841953254397837232699178
 159  -0.266664688450040602370159626270  -0.166514172503253685475314236821
 160  -0.183948520009282150818070501100  -0.166513065124274713619060269046
 161  -0.101431690253906406478120595276  -0.166511895500900204530525624567
 162   0.063600618716762455926547415727  -0.166511895499637253877608445006
 163  -0.018915535768207385758866823638  -0.166511895499637241636841111135
 164   0.146116773201548196366458998140  -0.166511895499318445449814007420
 165   0.228632927686314840150750718946  -0.166511895498966560644231944707
 166   0.311148642563575615783640115934  -0.166511134095869721640454601323
 167   0.393664357533412282893334507934  -0.166510372849547296965675580057
 168   0.476179637997185826860250648940  -0.166510363590161054518716484943
 169  -0.310708675505816057550853360810  -0.142953972819092143561550109464
 170  -0.393542603442250858245111687516  -0.142939165807780490451754341012
 171  -0.476179637997804962620600846403  -0.142728557623566410662255449605
 172  -0.225207036726062968758292065602  -0.142693464330105503295903841390
 173  -0.142690008157581213725456078241  -0.142691950340976440789401763449
 174  -0.060173613010876387671730815291  -0.142691533497761055034263830320
 175   0.022342541474277552037884526214  -0.142691533497442200143538965165
 176   0.104858695959063294080698865717  -0.142691533497123388939435512707
 177   0.187374850443829937864990586523  -0.142691533496771504133853449994
 178   0.269890565315556822540795060428  -0.142690772080525005231220249212
 179   0.352406280287396487112382539734  -0.142690010841236626330438485955
 180   0.434921995092231236624148839244  -0.142689249309134676787148809559
 181  -0.434800680684735782435285789861  -0.119118803805585434263776622615
 182  -0.352281800964609412985935160512  -0.119114082936131861418450926757
 183  -0.266465553200251401647253806374  -0.118873863115736057763869347355
 184  -0.183948520009282155568396501232  -0.118872341119884638860261961851
 185  -0.101431690253906384387568450367  -0.118871171496510129771727317373
 186  -0.018915535768207363668314678729  -0.118871171495247166878042803940
 187   0.063600618716578390192035976204  -0.118871171494928335205366032867
 188   0.146116773201345035579230454101  -0.118871171494576447623474955280
 189   0.228632488063480266950108107114  -0.118870410061717425911374111828
 190   0.311148203039193116115263873158  -0.118869648825572225495065756295
 191   0.393663917825275315747931100551  -0.118868887264556178556716916682
 192   0.476179637997804962620600846403  -0.118868135029180628502665483616
 193  -0.307918919707945640282538728933  -0.095395000518897124824613995625
 194  -0.393542603442250858245111687523  -0.095298441803390415692956033818
 195  -0.476179637997804962620600846403  -0.095087833619176335903457142411
 196  -0.225207036726062973508618065734  -0.095052740325715428537105534196
 197  -0.142690008157581191634903933332  -0.095051226336586366030603456254
 198  -0.060173613010876365581178670382  -0.095050809493370980275465523126
 199   0.022342541474093474485836771262  -0.095050809492733301939869871642
 200   0.104858695958860131690567564588  -0.095050809492381393889405475440
 201   0.187374410786331486934524663547  -0.095050047999485330956311717620
 202   0.269890125761270254736485141483  -0.095049286761999438928255537371
 203   0.352405840537870319914649415484  -0.095048525180995479330589130571
 204   0.434921560755320155914745951553  -0.095047773026985406443034934809
 205  -0.349176996950501038033942146494  -0.071574638516824170042433314107
 206  -0.434800680684735782435285789859  -0.071478079801195359504978315421
 207  -0.266465553200251406397579806503  -0.071233139111345983005071040154
 208  -0.183948520009282133477844356323  -0.071231617115494564101463654657
 209  -0.101431690253906362297016305458  -0.071230447492120055012929010179
 210  -0.018915535768575313357026183225  -0.071230447490856744557174411518
 211   0.063600618716375215984368359645  -0.071230447490186360623909314215
 212   0.146116333517647410445358948541  -0.071229685951913913381632689885
 213   0.228632048492332129375041424364  -0.071228924713988009004594138701
 214   0.311147763252255211746498727695  -0.071228163104099898499193878756
 215   0.476179637997804923316512642762  -0.071227411024788195143733228456
 216   0.393663483513864368069479371834  -0.071227411023007871435007712681
 217  -0.390437799428142483293118673505  -0.047758997384082724316938421168
 218  -0.307918919707945645032864729065  -0.047754276514507050065815688430
 219  -0.476179637997804962620600846403  -0.047447109614786261144658835217
 220  -0.225207036726062951418065920825  -0.047412016321325353778307227001
 221  -0.142690008157581169544351788423  -0.047410502332196291271805149060
 222  -0.060173613011244515934945716366  -0.047410085488980905516668638398
 223   0.022342541473707823578148243404  -0.047410085488307386274049671983
 224   0.104858256241152577710429301861  -0.047409323890814486900641267039
 225   0.187373971215677600879149023775  -0.047408562652611951859464982650
 226   0.269889685967699109966697030851  -0.047407801029038493176497447940
 227   0.352405406271379454610454899424  -0.047407049020812834277290741223
 228   0.434921560756348580879260324445  -0.047407049020811620717202680274
 229  -0.431695876670627412419756950969  -0.023938635381887667806559926455
 230  -0.349176996950501042784268146626  -0.023933914512434095283635006912
 231  -0.266465553200251384307027661594  -0.023592415106955908246272732960
 232  -0.183948520009282111387292211414  -0.023590893111104489342665347463
 233  -0.101431690254274512650783351441  -0.023589723487729980254132125451
 234  -0.018915535768942244280930771699  -0.023589723486398404928323014773
 235   0.063600178971690602206154100268  -0.023588961842527911706948001947
 236   0.146115893946237961286180600962  -0.023588200603731957643816740589
 237   0.228631608690314634911655811881  -0.023587438966398185406125307330
 238   0.311147329028894541105670788412  -0.023586687018617797198831788761
 239   0.393663483513863085206597590191  -0.023586687018615575135883379871
 240   0.476179637997804962620600846403  -0.023586687016835114367349839181
 241  -0.390437799428142488043444673637  -0.000118273379692649558140113974
 242  -0.307918919707945622942312584156  -0.000113552510116975307017381236
 243  -0.473074833983696569659469959200   0.000092334804521429055180884690
 244  -0.225207036726062929327513775916   0.000228707683064720980491080193
 245  -0.142690008157949319898118834407   0.000230221672193783486991735668
 246  -0.060173613011650859599951871931   0.000230638515409169242127935875
 247   0.022342101692197441797979175864   0.000231400223192457236772739027
 248   0.104857816669069127419599143301   0.000232161457902718989327918935
 249   0.187373531415845280688319623814   0.000232923091193158681321600150
 250   0.269889251786409627948381898593   0.000233674983577240481506542196
 251   0.352405406271374780286984740433   0.000233674983585336045373181604
 252   0.434921560755320049161576402985   0.000233674985359922790367182492
 253  -0.431695876670627390329204806060   0.023702088622502406952238380740
 254  -0.349176996950501020693716001717   0.023706809491955979475163300282
 255  -0.266465553200251362216475516685   0.024048308897434166512525574235
 256  -0.183948520009650261741059257398   0.024049830893285585416131537265
 257  -0.101431690254680856315789507006   0.024051000516660094504664448823
 258  -0.018915975561250606096168210814   0.024051762243600481196830537626
 259   0.063599739400824348217026715610   0.024052523504141150374403130505
 260   0.146115454146329171100148615380   0.024053285139573499118380150088
 261   0.228631174543924703534682831875   0.024054036985772258665170535928
 262   0.311147329028881241231467602190   0.024054036985795314219699051476
 263   0.393663483512835135656793884322   0.024054036987554959868828892983
 264   0.476179637997804962620600846402   0.024054036987554960391448468013
 265  -0.390437799428142465952892528728   0.047522450624697425200658193221
 266  -0.307918919707945600851760439247   0.047527171494273099451780925958
 267  -0.476179637997804962620600846403   0.047631779223829119255020604596
 268  -0.225207036726431079681280821900   0.047869431687454795739287964921
 269  -0.142690008158355663563124989972   0.047870945676583858245788309942
 270  -0.060174052804806996119126306895   0.047872124245763107538994834064
 271   0.022341662121859241665498874229   0.047872885568744133059006001215
 272   0.104857376868371828401772236648   0.047873647202633860770954674549
 273   0.187373097301257523637347392346   0.047874398987651601091215504528
 274   0.269889251786343519652900990225   0.047874398988081779775408872144
 275   0.434921560755320049161576402984   0.047874398989749997549165489686
 276   0.352405406270350222499503993232   0.047874398989749997549165489688
 277  -0.431695876670627368238652661151   0.071342812626892481711036687934
 278  -0.349176996950500998603163856808   0.071347533496346054233961607476
 279  -0.266465553200619512570242562668   0.071689032901824241271322458962
 280  -0.183948520010056605406065412963   0.071690554897675660174928111539
 281  -0.101432370716331504546894946034   0.071692069419282372858965718089
 282  -0.018916415134767781861954250572   0.071693247593544795975470227333
 283   0.063599299601610468507585846215   0.071694009246100235375893747819
 284   0.146115020058617281768196903572   0.071694760989577601550733293822
 285   0.228631174543554311218386731687   0.071694760990172523385838161300
 286   0.311147329027865298085807357484   0.071694760991945015732833693984
 287   0.393663483512835135830540198109   0.071694760991945034928564643285
 288   0.476179637997804962620600846403   0.071694760991945035150246775207
 289  -0.472953953932531884962046054975   0.095163174595451779320372513130
 290  -0.390437799428142443862340383820   0.095163174629087499959456500415
 291  -0.307918919708201248751468640428   0.095167895498861804167282704653
 292  -0.225207036726837423346286977464   0.095510155691844870498084539195
 293  -0.142690882568102545637537518727   0.095511678640495585069916031911
 294  -0.060174733168819115069984620554   0.095513192979277702013247586331
 295   0.022341222333132290132962887525   0.095514371291426825479614668188
 296   0.104856942815898604426706510426   0.095515122991367747787040143011
 297   0.187373097300899663821404995870   0.095515122992134570192804710470
 298   0.269889251785198151974113195655   0.095515122993824416677325922891
 299   0.352405406270350203321700870895   0.095515122994140072307963796882
 300   0.434921560755320049161576402986   0.095515122994140072307963796882
 301  -0.431695876670997695197332145150   0.118983536631282556469833555792
 302  -0.349176996950871325561843340797   0.118988257500736128992758475334
 303  -0.266465553201025856235248718233   0.119329756906214316030119033236
 304  -0.183949399284883363577759083228   0.119331279434664795393072459567
 305  -0.101433245128866261918817508945   0.119332802388022635460208329825
 306  -0.018917095677723178221234160685   0.119334316636985027917873067549
 307   0.063598865572868600742057664047   0.119335484992618660979241569001
 308   0.146115020058048535221958701338   0.119335484994142991938056046703
 309   0.228631174542567293465275244583   0.119335484995766669593650990221
 310   0.311147329027596239521152965544   0.119335484996335090491631241402
 311   0.393663483512835116865565722115   0.119335484996335109687362950480
 312   0.476179637997804962556880362916   0.119335484996335109909045082402
 313  -0.476179637997804962620600846403   0.142694569967074439385724421664
 314  -0.390437799428512770821019867808   0.142803898633477574718253368273
 315  -0.307918919708589756599665623951   0.142808619503283369150450085058
 316  -0.225207915759071796466720823997   0.143150880649034240925106953609
 317  -0.142691761855595993880094588731   0.143152403199423135614496499108
 318  -0.060175605772379462336744048806   0.143153929250096240935744875884
 319   0.022340547667521242732663102660   0.143155430155439143747016321401
 320   0.104856942814808423719459622680   0.143155846995757822545825976697
 321   0.187373097299839198977839263614   0.143155846997540504854717412931
 322   0.269889251784928776122023271057   0.143155846998214503757177390366
 323   0.352405406270087721857660198990   0.143155846998530147066761380992
 324   0.434921560755320042755465112965   0.143155846998530147066762104076
 325  -0.434921560735885344240578234889   0.166514932002931373371796433837
 326  -0.349177877897981656312917771369   0.166628981496981199372583372653
 327  -0.266466433166519229169289074440   0.166970480902477527839460883261
 328  -0.183950278331843400317824322732   0.166972004417358675885888331811
 329  -0.101434124346836753403446007221   0.166973526826538026457262955033
 330  -0.018917961017715363629330094647   0.166975046490080853166364205962
 331   0.146115020056809195293191936432   0.166976208998791418046921470239
 332   0.228631174542030656211551136638   0.166976209000243823104465956072
 333   0.311147329027318510999485961080   0.166976209000725165250428739067
 334   0.393663483512578812216968641097   0.166976209000725184446160568223
 335   0.476179637997804960562374590269   0.166976209000725184667843389596
 336   0.063598441445146099537837962507   0.166976209021100690399495996647
 337  -0.476179637997804962620600846403   0.190335293971464514144522728858
 338  -0.393663483493400419864265957557   0.190335294005126391620216246317
 339  -0.307919799674083129533705980158   0.190449343499546580959791935082
 340  -0.225208795724565169400761180205   0.190791604645297452734448803634
 341  -0.142692641002690667086302631460   0.190793128355547898133667537643
 342  -0.060176466831509903102842706868   0.190794666663414520637307347227
 343   0.022340104319614997161906396520   0.190796154157766305209634722496
 344   0.104856520469478035614888107642   0.190796570998275805918190854681
 345   0.187373097298749018270595414258   0.190796571001930579613503246616
 346   0.269889251784419892192139843960   0.190796571002604578515972979694
 347   0.352405406269804866639216080198   0.190796571002920221825558848494
 348   0.434921560755114323051973739319   0.190796571002920221825559967106
 349  -0.434921560735885344240578234888   0.214155656007321448130594741032
 350  -0.352402645111567616239998767661   0.214160439081202722210182583790
 351  -0.266467314077709442402918830980   0.214611205007673373381787334392
 352  -0.183951158311462415070831180540   0.214612728438087173794357239299
 353  -0.101434997050278624820152155122   0.214614250822934821165909972233
 354  -0.018918580578399759199642098308   0.214615770600504983154994734708
 355   0.146114598872539841211889413214   0.214616933001319680328452947231
 356   0.311147329026722579856079719966   0.214616933005115240009223319052
 357   0.476179637997718747852567959652   0.214616933005115259426641618783
 358   0.393663483512206249713638101213   0.214616933005260087902989950927
 359   0.063597979146706757197314485543   0.214616933130583190115453090603
 360   0.228631133576830067509976480375   0.214617003956413517005796660935
 361  -0.476179637997804962620600846403   0.237976017975854588903321036053
 362  -0.393663483493400419864265957555   0.237976018009516466379014553511
 363  -0.311144567832295250278838027266   0.237980801019680022439545839396
 364  -0.225209675737458728268920653172   0.238432328641559788997663487931
 365  -0.142693521076602119925926535855   0.238433852539588723612099401567
 366  -0.060177250065244877163737341257   0.238435391431995149742764294210
 367   0.022339308608365819588030269984   0.238436878155511262735815537114
 368   0.104856060037325576676871703783   0.238437295000440916935848434348
 369   0.187372686873530561927672308013   0.238437295004552746101926193727
 370   0.269889251783167022393109552811   0.238437295006994653274754812718
 371   0.352405406269207513742750443250   0.238437295007310296584353410673
 372   0.434921560755008917005564498165   0.238437295007310296584358157694
 373  -0.434921560699381794224101230933   0.261796380074937488863758098257
 374  -0.352402645038086701174595938823   0.261801163085592796912312515435
 375  -0.269691115579932847743691955051   0.262142728150877186583264156496
 376  -0.183952037022741771691828710639   0.262253455130209632063394082119
 377  -0.101435882793440702304416282221   0.262254974825456828195390701676
 378  -0.018919461578051033166299618704   0.262256494664928582482274266060
 379   0.146114137895171736470415437230   0.262257657003479518893840691772
 380   0.311147329025469710057049428818   0.262257657009505314768005152077
 381   0.476179637997718747852569299633   0.262257657009505334185439925978
 382   0.393663483511326437754388909119   0.262257657010139536970757485505
 383   0.063597200119780485859092675680   0.262257657275466242214622855916
 384   0.228630707918249684979470085007   0.262257756231264604071998664234
 385  -0.476179637997804942727917198073   0.285616741980244663662119343247
 386  -0.393663483419919504798863128721   0.285616742013906541081144485154
 387  -0.311144522227651330816369056240   0.285621525024048269407200273648
 388  -0.228432612089390352909988126307   0.285963910404992261062841074855
 389  -0.142694391856112376698633436125   0.286074589249984506185665499606
 390  -0.060178255997628095831789384119   0.286076117007138929029895114238
 391   0.022338474030121505650339097743   0.286077602154268310661792124661
 392   0.104855283994742736845201412766   0.286078018998510326937692466228
 393   0.187372233328763244168404867874   0.286078019006783923611943964005
 394   0.269888845536872365360291236200   0.286078019009652637942831987531
 395   0.352405406267954612305425209820   0.286078019011700371343135242866
 396   0.434921560754406014538761120471   0.286078019011700371343152649966
 397  -0.434921560504693923026757236722   0.309437104289264166777680601596
 398  -0.352402643974000944095704857963   0.309441887089982859787596013811
 399  -0.269691162815201396458941562295   0.309783452291205830957378556378
 400  -0.183952914900943836593925795923   0.309894179183435689483519476809
 401  -0.101436763642151123441482562984   0.309895734483892737648756118628
 402  -0.018920605888031018951702518911   0.309897218809879561076632855238
 403   0.146113368399523263702551938508   0.309898381001655125197010772294
 404   0.311146924283494156828455364170   0.309898381012176103451694791227
 405   0.476179637997804962350021119087   0.309898381013895408944238155162
 406   0.063596355611702436200719072213   0.309898381354266686202380615784
 407   0.393663472569482950509845438716   0.309898399964178029649094578999
 408   0.228630206975156646103293131469   0.309898563717124441191804363068
 409  -0.476179637944120641634649686233   0.333257465984634738390670375194
 410  -0.393663482358171363030030709516   0.333257466018296604008582752085
 411  -0.311144566674429277307786558182   0.333262249028417610685230707723
 412  -0.225332044421748493338555992968   0.333503631310786844817696092548
 413  -0.142695288249555531573491478253   0.333715321737986090760862926873
 414  -0.060179131384944634515662333891   0.333716867333898168164579678106
 415   0.022337040998601938587830737353   0.333718326194725768212242327115
 416   0.104854463082218800303772152707   0.333718742995827698813724062716
 417   0.187371862192134513565729484585   0.333718743009728361260200939293
 418   0.269888440390065955871090680999   0.333718743012319985579224995989
 419   0.352405002840029618836949973200   0.333718743014382305702425183630
 420   0.434921560752912833540219453072   0.333718743016090446101927557122
 421  -0.434921560018111012104585814046   0.357077828293654239051599279553
 422  -0.352402643988348849304177911925   0.357082611094372934544233749477
 423  -0.269691162461047969183721213238   0.357424176299588698108753118528
 424  -0.101437782632701783500993004408   0.357536801727932497152994632370
 425  -0.018921466363452355560561867753   0.357537943427328397644451363731
 426   0.146112547419018612378329226895   0.357539104998971325627141519595
 427   0.311146539295107823014353310798   0.357539105015010617703051231927
 428   0.476179637995397746743286585600   0.357539105018285483702975645827
 429   0.063594877352957162472674054731   0.357539105422528395423465511692
 430   0.393663074797012958756099219559   0.357539130711575872635882894532
 431   0.228629899792730920761515509677   0.357539359585720134375906280220
 432  -0.185644565224921743599447627509   0.359858567224012124786166174720
 433  -0.476179637963715132803060736054   0.380898189989024813145439103785
 434  -0.393663482377173908145478437717   0.380898190022686678763591268838
 435  -0.311144566466370012450004114069   0.380902973032807684989704919327
 436  -0.228321640866737311752137078079   0.381050459772405385234431822225
 437  -0.143128899356086347176887223178   0.381354072466221263518617843210
 438  -0.060179954059412203651676184757   0.381357594594415548280056874663
 439   0.022336557004930274330701389510   0.381359050260532766378105226490
 440   0.104852954854314202375181682074   0.381359466976343751290994807057
 441   0.187371005192286816490919718757   0.381359467006410233064899025020
 442   0.269888301995251371112011342069   0.381359467016509044032076469771
 443   0.352404843605794978323532587775   0.381359467018506268410960732484
 444   0.434921174056501265394969871590   0.381359467018911127050627975546
 445  -0.434921560578174866232486974446   0.404718552298044310518345175122
 446  -0.352402644796146649299201768098   0.404723335098763002454508033226
 447  -0.269678970138093328410001897649   0.405067860221855726788061101448
 448  -0.101438274343479337194418524200   0.405177535738528002144272143943
 449  -0.018921951621632876904479829824   0.405178667429247104611407402936
 450   0.146111032096381429662137143972   0.405179828979262242120339613101
 451   0.311146612018074894742168877145   0.405179829019345187113744089007
 452   0.476179637997804962620600846402   0.405179829022675558461713136478
 453   0.393662910926795402444698478934   0.405179872673744232556037496432
 454   0.063594563666959214224341888479   0.405179911448148163519154255803
 455   0.228628494714351099180622692385   0.405180874077594288314680804846
 456  -0.185541138930349387144383366369   0.407515161716900958176626557310
 457  -0.476179637997804962620600846402   0.428538913993414887892040739736
 458  -0.393663483177979452826169143864   0.428538914027076746791913352243
 459  -0.311144567516849714476326260091   0.428543697037197748166945353181
 460  -0.228216887909002265226648198416   0.428691068610667669132429872908
 461  -0.142699260217616140709812306536   0.428992859139549970745352277975
 462  -0.060180439217014066646076508530   0.428998318665238054178614264510
 463   0.022335695586573552431411652196   0.428999774257134949570753849039
 464   0.187369109343704157036504758758   0.429000190973077939777153463792
 465   0.104852954853478830287032881750   0.429000190980733826049785790197
 466   0.269888534774891500966826297138   0.429000191020330420875470354494
 467   0.434921560753507866495828792994   0.429000191021731803169483958410
 468   0.352404689259921204013857252485   0.429000191022646319169819173114
 469  -0.434920928381586601729828809145   0.452360370805504216158637291325
 470  -0.352267221796167534897335090520   0.452597093651687493258595360323
 471   0.145116285341788882631438329663   0.454620926533942712534936408266
 472  -0.267440935700461211792913845475   0.455730163612457451965101862746
 473   0.474637626132567265949262122478   0.456136121493825173558797572040
 474  -0.180248775935761276833719202009   0.458313030574847548861899423848
 475  -0.089414474806903526814231430245   0.466614934068862267202525788800
 476   0.240653548481426170209853441972   0.466616067456794890437627447592
 477   0.051568206959774841192908735771   0.466617574066242950919551351546
 478   0.381636637538118157987411873412   0.466618428401918714019131853594
 479  -0.042743766406842398219287072467   0.476179637989995021754401120886
 480  -0.476179637944128715253387006126   0.476179637997804962620600846403
 481  -0.393661692270203939211265410104   0.476179637997804962620600846403
 482  -0.310469502734763954549461434317   0.476179637997804962620600846403
 483  -0.224412368666158469036366256633   0.476179637997804962620600846402
 484  -0.136085183205364084631072147385   0.476179637997804962620600846402
 485   0.004896957597547676538871076780   0.476179637997804962620600846402
 486   0.098239456322002005846946394762   0.476179637997804962620600846402
 487   0.193982607820565337340587794372   0.476179637997804962620600846403
 488   0.287324489142287003079119089572   0.476179637997804962620600846403
 489   0.334965213146677077837917396766   0.476179637997804962620600846402
 490   0.428308061929559238136906350059   0.476179637997804962620600846402
