   1  -0.474243081926013504927237429219  -0.474243081926013504927237429219
   2  -0.385018500424946064244402353853  -0.474243081926013504927237429219
   3  -0.295793918923878623561567278486  -0.474243081926013504927237429219
   4  -0.206569337422811182878732203120  -0.474243081926013504927237429219
   5  -0.117344755921743650585726230436  -0.474243081926013504927237429219
   6  -0.028120169459673688451616827343  -0.474243081926013504927237429219
   7   0.061119765062214301941572857947  -0.474243081926013504927237429219
   8   0.151584360660020529562583983664  -0.474243081926013504927237429219
   9   0.243695651258161070566959008349  -0.474243081926013504927237429219
  10   0.335828668435432775037885171253  -0.474243081926013504927237429219
  11   0.428098623386434125937972867106  -0.474243081926013504927237429219
  12   0.474243081926013504927237429219  -0.451344080620951128005487868026
  13   0.381963645910933450487929019180  -0.451324984971526772530747935834
  14   0.289762159846796922802422089801  -0.451187668220479006824476225931
  15   0.197640005959090800064771496005  -0.451165975288342585471484732936
  16   0.106329058816940750881696349473  -0.449549052832342686627092834237
  17   0.016499797739046272649419156961  -0.448499464184297438254343551516
  18  -0.072732463328444954802645097745  -0.448486167043789818164264447545
  19  -0.161957046672277433653441898977  -0.448486163852027059882810009301
  20  -0.429630791175479784585819891536  -0.448486163852027009854474858438
  21  -0.340406209674412343902984816169  -0.448486163852027009854474858438
  22  -0.251181628173344903220149740803  -0.448486163852027009854474858438
  23   0.332761988104867643497747415073  -0.422820608371833581064992522650
  24   0.425031943055868994397835110926  -0.422820608371833581064992522650
  25   0.240653189202691442620990731350  -0.422819169790497830588152416810
  26   0.150320028340743764381684820015  -0.422744763715933663996822800796
  27   0.061104408401927214056911264677  -0.422729248067008276132126540131
  28  -0.028120174420676163593975493971  -0.422729245778040753664577540326
  29  -0.474243081926013504927237429219  -0.422729245778040514781712287656
  30  -0.385018500424946064244402353853  -0.422729245778040514781712287656
  31  -0.295793918923878623561567278486  -0.422729245778040514781712287656
  32  -0.206569337422811182878732203120  -0.422729245778040514781712287656
  33  -0.117344755921743742195897127754  -0.422729245778040514781712287656
  34   0.471176401595448373387099673039  -0.399921607066771204143242961456
  35   0.378896965580368318947791263000  -0.399902511417346848668503029265
  36   0.286707949117403851934810051954  -0.399740296250430764562385767655
  37   0.195507013123541368042683786760  -0.398009935620322679561858259004
  38   0.016492117651393493715493726994  -0.396972329993021781059363969350
  39   0.105716699152460934398328802361  -0.396972329993021781059363969351
  40  -0.072732465171209883935393031654  -0.396972327704054258591814969544
  41  -0.429630791175479784585819891536  -0.396972327704054019708949716875
  42  -0.340406209674412343902984816169  -0.396972327704054019708949716875
  43  -0.251181628173344903220149740803  -0.396972327704054019708949716875
  44  -0.161957046672277462537314665437  -0.396972327704054019708949716875
  45   0.335828668435432775037885171254  -0.371398134817653657202747616080
  46   0.428098623386434125937972867106  -0.371398134817653657202747616080
  47   0.243617483351666717215187905579  -0.371390692514978971726083974657
  48   0.151153335042981240703814959300  -0.371230316349002457197152594415
  49   0.061104408401927214056911264678  -0.371215411919035285986601398569
  50  -0.028120174420676163593975493971  -0.371215409630067763519052398763
  51  -0.474243081926013504927237429219  -0.371215409630067524636187146094
  52  -0.385018500424946064244402353853  -0.371215409630067524636187146094
  53  -0.295793918923878623561567278486  -0.371215409630067524636187146094
  54  -0.206569337422811182878732203120  -0.371215409630067524636187146094
  55  -0.117344755921743742195897127754  -0.371215409630067524636187146094
  56   0.474243081926013504927237429219  -0.348499133512591280280998054887
  57   0.381963645910933450487929019180  -0.348480037863166924806258122696
  58   0.289672243266379126529007226183  -0.348311818974911905700317325502
  59   0.196440942253771700372873856347  -0.346504566084128534026091909707
  60   0.016492117651393493715493726995  -0.345458493845048790913838827788
  61   0.105716699152460934398328802361  -0.345458493845048790913838827788
  62  -0.072732465171209883935393031654  -0.345458491556081268446289827982
  63  -0.429630791175479784585819891536  -0.345458491556081029563424575313
  64  -0.340406209674412343902984816169  -0.345458491556081029563424575313
  65  -0.251181628173344903220149740803  -0.345458491556081029563424575313
  66  -0.161957046672277462537314665437  -0.345458491556081029563424575313
  67   0.332695097804163056587538786719  -0.319979694061646162205517939329
  68   0.424965052755164407487626482571  -0.319979694061646162205517939329
  69   0.240592570702476562961372471495  -0.319965745085302603429288940452
  70   0.061104408401927214056911264678  -0.319701575771062295841076257007
  71   0.150328989902994654739746340044  -0.319701575771062295841076257007
  72  -0.028120174420676163593975493971  -0.319701573482094773373527257201
  73  -0.474243081926013504927237429219  -0.319701573482094534490662004532
  74  -0.385018500424946064244402353853  -0.319701573482094534490662004532
  75  -0.295793918923878623561567278486  -0.319701573482094534490662004532
  76  -0.206569337422811182878732203120  -0.319701573482094534490662004532
  77  -0.117344755921743742195897127754  -0.319701573482094534490662004532
  78   0.471109511294743786476891044684  -0.297080692756583785283768378136
  79   0.378830075279663732037582634645  -0.297061597107159429809028445944
  80   0.286647330617188972275191792098  -0.296886871545235537403522291296
  81   0.195533463306652965764153148851  -0.294998723729685431603709544196
  82   0.016492117651393493715493726995  -0.293944657697075800768313686225
  83   0.105716699152460934398328802361  -0.293944657697075800768313686226
  84  -0.072732465171209883935393031654  -0.293944655408108278300764686420
  85  -0.429630791175479784585819891536  -0.293944655408108039417899433750
  86  -0.340406209674412343902984816169  -0.293944655408108039417899433750
  87  -0.251181628173344903220149740803  -0.293944655408108039417899433750
  88  -0.161957046672277462537314665437  -0.293944655408108039417899433750
  89   0.335828668435432775037885171254  -0.268561253305638667208288262578
  90   0.428098623386434125937972867106  -0.268561253305638667208288262578
  91   0.243515256841741488856638246950  -0.268534886445653611101447667629
  92   0.150992712586354224867170571684  -0.268191545140253694654977910450
  93   0.061104408401927214056911264678  -0.268187739623089305695551115444
  94  -0.028120174420676163593975493971  -0.268187737334121783228002115639
  95  -0.474243081926013504927237429219  -0.268187737334121544345136862969
  96  -0.385018500424946064244402353853  -0.268187737334121544345136862969
  97  -0.295793918923878623561567278486  -0.268187737334121544345136862969
  98  -0.206569337422811182878732203120  -0.268187737334121544345136862969
  99  -0.117344755921743742195897127754  -0.268187737334121544345136862969
 100   0.474243081926013504927237429219  -0.245662252000576290286538701384
 101   0.381963645910933450487929019180  -0.245643156351151934811798769193
 102   0.289570016756453898170457567554  -0.245456012905586545075681018473
 103   0.196262854277852937236658279876  -0.243490051610406908332647628367
 104   0.016492117651393493715493726995  -0.242430821549102810622788544663
 105   0.105716699152460934398328802362  -0.242430821549102810622788544663
 106  -0.072732465171209883935393031654  -0.242430819260135288155239544857
 107  -0.429630791175479784585819891536  -0.242430819260135049272374292188
 108  -0.340406209674412343902984816169  -0.242430819260135049272374292188
 109  -0.251181628173344903220149740803  -0.242430819260135049272374292188
 110  -0.161957046672277462537314665437  -0.242430819260135049272374292188
 111   0.332608833866662723356063594244  -0.217148142331588846627290486815
 112   0.424878788817664074256151290096  -0.217148142331588846627290486815
 113   0.240508845412395480031935074734  -0.217108854078789974129922141780
 114   0.061104408401927214056911264678  -0.216673903475116315550025973882
 115   0.150328989902994654739746340045  -0.216673903475116315550025973882
 116  -0.028120174420676163593975493971  -0.216673901186148793082476974076
 117  -0.474243081926013504927237429219  -0.216673901186148554199611721407
 118  -0.385018500424946064244402353853  -0.216673901186148554199611721407
 119  -0.295793918923878623561567278486  -0.216673901186148554199611721407
 120  -0.206569337422811182878732203120  -0.216673901186148554199611721407
 121  -0.117344755921743742195897127754  -0.216673901186148554199611721407
 122   0.471023247357243453245415852209  -0.194249141026526469705540925622
 123   0.378743811342163398806107442170  -0.194230045377102114230800993431
 124   0.286563605327107889345754395338  -0.194029980538722908104155492625
 125   0.195539062600488617058048792204  -0.191981300506463542976060307572
 126   0.016492117651393493715493726995  -0.190916985401129820477263403100
 127   0.105716699152460934398328802362  -0.190916985401129820477263403101
 128  -0.072732465171209883935393031654  -0.190916983112162298009714403295
 129  -0.429630791175479784585819891536  -0.190916983112162059126849150626
 130  -0.340406209674412343902984816169  -0.190916983112162059126849150626
 131  -0.251181628173344903220149740803  -0.190916983112162059126849150626
 132  -0.161957046672277462537314665437  -0.190916983112162059126849150626
 133   0.335828668435432775037885171254  -0.165735031357539026046292711053
 134   0.428098623386434125937972867106  -0.165735031357539026046292711053
 135   0.243497594156877009060018494681  -0.165681792179216430639425546779
 136   0.150812345713298614578317468765  -0.165160599856328977426405619732
 137   0.061104408401927214056911264678  -0.165160067327143325404500832319
 138  -0.028120174420676163593975493971  -0.165160065038175802936951832514
 139  -0.474243081926013504927237429219  -0.165160065038175564054086579844
 140  -0.385018500424946064244402353853  -0.165160065038175564054086579844
 141  -0.295793918923878623561567278486  -0.165160065038175564054086579844
 142  -0.206569337422811182878732203120  -0.165160065038175564054086579844
 143  -0.117344755921743742195897127754  -0.165160065038175564054086579844
 144   0.474243081926013504927237429219  -0.142836030052476649124543149860
 145   0.381963645910933450487929019180  -0.142816934403052293649803217668
 146   0.289552354071589418373837815284  -0.142602918639149364613658897624
 147   0.196066537949993867934338602028  -0.140470164968253234280355935556
 148   0.016492117651393493715493726995  -0.139403149253156830331738261538
 149   0.105716699152460934398328802362  -0.139403149253156830331738261539
 150  -0.072732465171209883935393031654  -0.139403146964189307864189261732
 151  -0.429630791175479784585819891536  -0.139403146964189068981324009063
 152  -0.340406209674412343902984816169  -0.139403146964189068981324009063
 153  -0.251181628173344903220149740803  -0.139403146964189068981324009063
 154  -0.161957046672277462537314665437  -0.139403146964189068981324009063
 155   0.332608833866662723356063594244  -0.114321920383489205465294935290
 156   0.424878788817664074256151290096  -0.114321920383489205465294935291
 157   0.240414244787239567646301183718  -0.114260315427328362093806504892
 158   0.061104408401927214056911264678  -0.113646231179170335258975690757
 159   0.150328989902994654739746340045  -0.113646231179170335258975690757
 160  -0.028120174420676163593975493971  -0.113646228890202812791426690951
 161  -0.474243081926013504927237429219  -0.113646228890202573908561438282
 162  -0.385018500424946064244402353853  -0.113646228890202573908561438282
 163  -0.295793918923878623561567278486  -0.113646228890202573908561438282
 164  -0.206569337422811182878732203120  -0.113646228890202573908561438282
 165  -0.117344755921743742195897127754  -0.113646228890202573908561438282
 166   0.471023247357243453245415852209  -0.091422919078426828543545374097
 167   0.378743811342163398806107442170  -0.091403823429002473068805441906
 168   0.286588531035340976506647396756  -0.091174414211254401932846036295
 169   0.195541995836807871456476033281  -0.088958999477151180545528511163
 170   0.016492117651393493715493726995  -0.087889313105183840186213119976
 171   0.105716699152460934398328802362  -0.087889313105183840186213119976
 172  -0.072732465171209883935393031654  -0.087889310816216317718664120170
 173  -0.429630791175479784585819891536  -0.087889310816216078835798867501
 174  -0.340406209674412343902984816169  -0.087889310816216078835798867501
 175  -0.251181628173344903220149740803  -0.087889310816216078835798867501
 176  -0.161957046672277462537314665437  -0.087889310816216078835798867501
 177   0.335828668435432775037885171254  -0.062908809409439384884297159528
 178   0.428098623386434125937972867106  -0.062908809409439384884297159528
 179   0.243565247978983260427515731859  -0.062842940022064532385516104961
 180   0.151550178941087457490866258694  -0.062137092781383858524692077321
 181   0.061104408401927214056911264678  -0.062132395031197345113450549195
 182  -0.028120174420676163593975493971  -0.062132392742229822645901549389
 183  -0.474243081926013504927237429219  -0.062132392742229583763036296720
 184  -0.385018500424946064244402353853  -0.062132392742229583763036296720
 185  -0.295793918923878623561567278486  -0.062132392742229583763036296720
 186  -0.206569337422811182878732203120  -0.062132392742229583763036296720
 187  -0.117344755921743742195897127754  -0.062132392742229583763036296720
 188   0.474243081926013504927237429219  -0.040009808104377007962547598335
 189   0.381963645910933450487929019180  -0.039990712454952652487807666143
 190   0.289808365604111028188468973765  -0.039761303237204581351848260532
 191   0.198692999028551564237690581422  -0.037541624071887350837238111231
 192   0.016492117651393493715493726995  -0.036375476957210850040687978413
 193   0.105716699152460934398328802362  -0.036375476957210850040687978414
 194  -0.072732465171209883935393031654  -0.036375474668243327573138978608
 195  -0.429630791175479784585819891536  -0.036375474668243088690273725938
 196  -0.340406209674412343902984816169  -0.036375474668243088690273725938
 197  -0.251181628173344903220149740803  -0.036375474668243088690273725938
 198  -0.161957046672277462537314665437  -0.036375474668243088690273725938
 199   0.335803335412969220446206801657  -0.011394979490492554781223550424
 200   0.428098623386434125937972867106  -0.011394973261466394738772017966
 201   0.243465608167971052662081080115  -0.011329200237534520387152122801
 202   0.061104408401927214056911264678  -0.010618558883224354967925407632
 203   0.150328989902994654739746340045  -0.010618558883224354967925407633
 204  -0.028120174420676163593975493971  -0.010618556594256832500376407827
 205  -0.474243081926013504927237429219  -0.010618556594256593617511155157
 206  -0.385018500424946064244402353853  -0.010618556594256593617511155157
 207  -0.295793918923878623561567278486  -0.010618556594256593617511155157
 208  -0.206569337422811182878732203120  -0.010618556594256593617511155157
 209  -0.117344755921743742195897127754  -0.010618556594256593617511155157
 210   0.474243081926013504927237429219   0.011504028043595982182977543228
 211   0.381938312888469895896250649583   0.011523117463994177615265942961
 212   0.289519341334916047549452999066   0.011751722102528912336546044832
 213   0.195643493724265616396884334681   0.013881870870398909371320572346
 214   0.016492117651393493715493726995   0.015138359190762140104837163149
 215   0.105716699152460934398328802362   0.015138359190762140104837163149
 216  -0.072732465171209883935393031654   0.015138361479729662572386162955
 217  -0.429630791175479784585819891536   0.015138361479729901455251415624
 218  -0.340406209674412343902984816169   0.015138361479729901455251415624
 219  -0.251181628173344903220149740803   0.015138361479729901455251415624
 220  -0.161957046672277462537314665437   0.015138361479729901455251415624
 221   0.424854466841094617508981331771   0.040016608731208558751334935743
 222   0.332585325109363870410584782610   0.040018245698811592960139390880
 223   0.240519072544141892785096417418   0.040100297548247078854005125347
 224   0.061104408401927214056911264678   0.040895277264748635177599733930
 225   0.150328989902994654739746340045   0.040895277264748635177599733930
 226  -0.028120174420676163593975493971   0.040895279553716157645148733736
 227  -0.474243081926013504927237429219   0.040895279553716396528013986405
 228  -0.385018500424946064244402353853   0.040895279553716396528013986405
 229  -0.295793918923878623561567278486   0.040895279553716396528013986405
 230  -0.206569337422811182878732203120   0.040895279553716396528013986405
 231  -0.117344755921743742195897127754   0.040895279553716396528013986405
 232   0.471002486076600556269142060439   0.062915834598325959744233958621
 233   0.378720302584864545860628630536   0.062936342653298325356628884265
 234   0.286572805711086887672468336369   0.063181219888310511577703292979
 235   0.195643493724265616396884334681   0.065395707018371899516845713908
 236   0.016492117651393493715493726995   0.066652195338735130250362304711
 237   0.105716699152460934398328802362   0.066652195338735130250362304711
 238  -0.072732465171209883935393031654   0.066652197627702652717911304517
 239  -0.429630791175479784585819891536   0.066652197627702891600776557186
 240  -0.340406209674412343902984816169   0.066652197627702891600776557186
 241  -0.251181628173344903220149740803   0.066652197627702891600776557186
 242  -0.161957046672277462537314665437   0.066652197627702891600776557186
 243   0.428098853470459552263051004092   0.091428176204680973322729148755
 244   0.335805159678133922092406359620   0.091431356672861413541137166643
 245   0.243441482085217934772119586594   0.091531171905528196665466128544
 246   0.150663325356811998824395620227   0.092409112208557176120959622602
 247   0.061104408401927214056911264678   0.092409113412721625323124875493
 248  -0.028120174420676163593975493971   0.092409115701689147790673875298
 249  -0.474243081926013504927237429219   0.092409115701689386673539127968
 250  -0.385018500424946064244402353853   0.092409115701689386673539127968
 251  -0.295793918923878623561567278486   0.092409115701689386673539127968
 252  -0.206569337422811182878732203120   0.092409115701689386673539127968
 253  -0.117344755921743742195897127754   0.092409115701689386673539127968
 254   0.474243081926013504927237429219   0.114327641153055937305490374014
 255   0.381940137153634597542450207546   0.114349453627348145937626660027
 256   0.289495215252162929659491505546   0.114612094245591629389164296176
 257   0.195981612255666485543350771748   0.116908433509394795430274023321
 258   0.016492117651393493715493726995   0.118166031486708120395887446274
 259   0.105716699152460934398328802362   0.118166031486708120395887446273
 260  -0.072732465171209883935393031654   0.118166033775675642863436446080
 261  -0.429630791175479784585819891536   0.118166033775675881746301698749
 262  -0.340406209674412343902984816169   0.118166033775675881746301698749
 263  -0.251181628173344903220149740803   0.118166033775675881746301698749
 264  -0.161957046672277462537314665437   0.118166033775675881746301698749
 265   0.424858257621046603604955635312   0.142839982759410950883985564148
 266   0.332583662515767346250896504138   0.142844363497137630105160122934
 267   0.240424487345129414086164638627   0.142956584469925644725154017999
 268   0.061104408401927214056911264678   0.143922949560694615468650017055
 269   0.150328989902994654739746340045   0.143922949560694615468650017055
 270  -0.028120174420676163593975493971   0.143922951849662137936199016861
 271  -0.474243081926013504927237429219   0.143922951849662376819064269530
 272  -0.385018500424946064244402353853   0.143922951849662376819064269530
 273  -0.295793918923878623561567278486   0.143922951849662376819064269530
 274  -0.206569337422811182878732203120   0.143922951849662376819064269530
 275  -0.117344755921743742195897127754   0.143922951849662376819064269530
 276   0.471002486076600556269142060439   0.165739447707785914866746789408
 277   0.378718639991268021700940352065   0.165762460451624362501649616318
 278   0.286478220512074408973536557579   0.166037506809989077448852185631
 279   0.195644689346966207670050996655   0.168421167834353722616032084492
 280   0.016492117651393493715493726995   0.169679867634681110541412587836
 281   0.105716699152460934398328802362   0.169679867634681110541412587836
 282  -0.072732465171209883935393031654   0.169679869923648633008961587642
 283  -0.429630791175479784585819891536   0.169679869923648871891826840311
 284  -0.340406209674412343902984816169   0.169679869923648871891826840311
 285  -0.251181628173344903220149740803   0.169679869923648871891826840311
 286  -0.161957046672277462537314665437   0.169679869923648871891826840311
 287   0.428098853470459552263051004092   0.194251789314140928445241979542
 288   0.335803497084537397932718081148   0.194257474471187450686157898696
 289   0.243433792817808204512864905425   0.194382447566740210460492876724
 290   0.061104408401927214056911264678   0.195436785708667605614175158617
 291  -0.028120174420676163593975493971   0.195436787997635128081724158423
 292  -0.474243081926013504927237429219   0.195436787997635366964589411092
 293  -0.385018500424946064244402353853   0.195436787997635366964589411092
 294  -0.295793918923878623561567278486   0.195436787997635366964589411092
 295  -0.206569337422811182878732203120   0.195436787997635366964589411092
 296  -0.117344755921743742195897127754   0.195436787997635366964589411092
 297   0.150456610962984064777952964418   0.195436790720005008840495322826
 298   0.474243081926013504927237429219   0.217151254262515892428003204801
 299   0.381938474560038073382761929074   0.217175571425674183082647392081
 300   0.289487525984753199400236824376   0.217463369906803643184191044356
 301   0.195772399822505663823927777583   0.219934845675434398084249021837
 302   0.016492117651393493715493726995   0.221193703782654100686937729399
 303   0.105716699152460934398328802362   0.221193703782654100686937729398
 304  -0.072732465171209883935393031654   0.221193706071621623154486729204
 305  -0.429630791175479784585819891536   0.221193706071621862037351981874
 306  -0.340406209674412343902984816169   0.221193706071621862037351981874
 307  -0.251181628173344903220149740803   0.221193706071621862037351981874
 308  -0.161957046672277462537314665437   0.221193706071621862037351981874
 309   0.424858257621046603604955635313   0.245663595868870906006498394935
 310   0.332592035743601263122214425610   0.245671109148536234663966483762
 311   0.240320784071679601294111781060   0.245802137289906914309020819168
 312   0.150328989902994654739746340045   0.246950621856640595759700300178
 313   0.061104408401927214056911264678   0.246950621856640595759700300180
 314  -0.028120174420676163593975493971   0.246950624145608118227249299986
 315  -0.474243081926013504927237429219   0.246950624145608357110114552655
 316  -0.385018500424946064244402353853   0.246950624145608357110114552655
 317  -0.295793918923878623561567278486   0.246950624145608357110114552655
 318  -0.206569337422811182878732203120   0.246950624145608357110114552655
 319  -0.117344755921743742195897127754   0.246950624145608357110114552655
 320   0.471002486076600556269142060440   0.268563060817245869989259620195
 321   0.378727013219101938572258273536   0.268589206103022967060455977147
 322   0.286611162097509608507670048924   0.268896839996506609429318570617
 323   0.195644860281859247833538320354   0.271448523940005842067280185995
 324   0.016492117651393493715493726995   0.272707539930627090832462870961
 325   0.105716699152460934398328802362   0.272707539930627090832462870961
 326  -0.072732465171209883935393031654   0.272707542219594613300011870767
 327  -0.429630791175479784585819891536   0.272707542219594852182877123436
 328  -0.340406209674412343902984816169   0.272707542219594852182877123436
 329  -0.251181628173344903220149740803   0.272707542219594852182877123436
 330  -0.161957046672277462537314665437   0.272707542219594852182877123436
 331   0.428098853470459552263051004092   0.297075402423600883567754810328
 332   0.335811870312371314804036002620   0.297084220122586055244964259524
 333   0.243577739156188047987341751760   0.297212910074000554038107082458
 334   0.150328989902994654739746340045   0.298464458004613585905225441741
 335   0.061104408401927214056911264679   0.298464458004613585905225441742
 336  -0.028120174420676163593975493970   0.298464460293581108372774441548
 337  -0.474243081926013504927237429219   0.298464460293581347255639694217
 338  -0.385018500424946064244402353853   0.298464460293581347255639694217
 339  -0.295793918923878623561567278486   0.298464460293581347255639694217
 340  -0.206569337422811182878732203120   0.298464460293581347255639694217
 341  -0.117344755921743742195897127754   0.298464460293581347255639694217
 342   0.474243081926013504927237429219   0.319974867371975847550516035588
 343   0.381967609068514887230353642315   0.320001012657752944621712392540
 344   0.289773580525510057171519641259   0.320313514571652480939463090987
 345   0.195644860281859247833538320354   0.322962360087978832212805327557
 346   0.016492117651393493715493726995   0.324221376078600080977988012523
 347   0.105716699152460934398328802363   0.324221376078600080977988012523
 348  -0.072732465171209883935393031654   0.324221378367567603445537012329
 349  -0.429630791175479784585819891536   0.324221378367567842328402264998
 350  -0.340406209674412343902984816169   0.324221378367567842328402264998
 351  -0.251181628173344903220149740803   0.324221378367567842328402264998
 352  -0.161957046672277462537314665437   0.324221378367567842328402264998
 353   0.425149808782489104495229620715   0.348504756396877292980916999592
 354   0.332882383736225753565464101855   0.348514691859489185388156933464
 355   0.240312508198008677789277365131   0.348623157899409407511980393597
 356   0.150328989902994654739746340047   0.349978294152586576050750583303
 357   0.061104408401927214056911264680   0.349978294152586576050750583305
 358  -0.474243081926013504927237429219   0.349978296441554337401164835780
 359  -0.385018500424946064244402353853   0.349978296441554337401164835780
 360  -0.295793918923878623561567278486   0.349978296441554337401164835780
 361  -0.206569337422811182878732203120   0.349978296441554337401164835780
 362  -0.028122211343090777490821553954   0.349981824817297946668683004051
 363  -0.117559990348477776629618425406   0.350347547326325784085352103375
 364   0.471294037238043057159416045842   0.371404221345252256963678224852
 365   0.379018564380544439462532258938   0.371430366631029354034874581804
 366   0.286905046182972583051305424558   0.371747421922794799306018875918
 367   0.195644860281859247833538320355   0.374476196235951822358330469119
 368   0.016492117651393493715493726997   0.375735212226573071123513154086
 369   0.105716699152460934398328802364   0.375735212226573071123513154085
 370  -0.072736540263125944322845762305   0.375735214354356964181099022102
 371  -0.429630791175479784585819891536   0.375735214515540832473927406561
 372  -0.340406209674412343902984816169   0.375735214515540832473927406561
 373  -0.251181628173344903220149740803   0.375735214515540832473927406561
 374  -0.162172281099011496971035963089   0.376104465400312279158114674156
 375   0.428098853470459552263051004092   0.399934110370153702394079188855
 376   0.335831428424196201333285485232   0.399944045832765594801319122728
 377   0.243840441485878280408059881715   0.400016046526110964917095218816
 378  -0.474243081926013504927237429219   0.401492132589527327546689977342
 379   0.152512354284871493164047978348   0.402652715540915537987731710147
 380   0.056119165194978814142250744441   0.408649835384960246221562792548
 381  -0.203033955159927273085721867292   0.410988359053686262096898759825
 382  -0.304808728304204627054278090600   0.412970877995300706967026623047
 383  -0.103375121774955567256060842106   0.417147200996187862132653461706
 384  -0.042967267997491915462924806205   0.417776452959502285585911499050
 385  -0.361958376669335486682833663794   0.422523882080488161979647772273
 386   0.474243081926013504927237429219   0.422833575318528666376840414115
 387   0.381967609068514887230353642315   0.422859720604305763448036771067
 388   0.289854090870943030819126807935   0.423176775896071208719181065182
 389  -0.413428941889269401212308409307   0.424634860673638263089864114747
 390   0.199279471276030733750811225216   0.425861650574716371986231784579
 391   0.007800741612031265335449093515   0.426510553655485283410336140471
 392  -0.153946239000049745374677298039   0.426957268135916908323980271734
 393  -0.255266671426629856579995657828   0.427086823412429348559443116135
 394   0.104167173911703355705317340403   0.427225738405749604017655501320
 395   0.424634864505523104046534121952   0.451724589011303594009092262774
 396  -0.474243081926013504927237429219   0.453005968737500317692215118904
 397   0.330691047994523572088328974632   0.454577703391402508256116507764
 398  -0.073605849509321538396139886006   0.459188439601333183537465938654
 399  -0.326360895299127769834126938225   0.459759545560248036472746988759
 400   0.232334354625918355618836284605   0.465371775877042746474469902774
 401  -0.225654833039710802629091537812   0.469239099057134414427211351522
 402   0.130138445395745563863017837168   0.471713583624217813777412168954
 403  -0.427310573596514558772889867358   0.474243081926013504927237429219
 404  -0.375796737448541568627364725796   0.474243081926013504927237429219
 405  -0.276925053149713971040889150654   0.474243081926013504927237429219
 406  -0.174384612929707634217293924969   0.474243081926013504927237429219
 407  -0.122870776781734644071768783407   0.474243081926013504927237429219
 408  -0.024340922236908432720510988604   0.474243081926013504927237429219
 409   0.027172913911064557425014152958   0.474243081926013504927237429219
 410   0.078686750059037547570539294520   0.474243081926013504927237429219
 411   0.181590140732453580155496379815   0.474243081926013504927237429219
 412   0.283078568519383131082176189395   0.474243081926013504927237429219
 413   0.378303527469664013094481759870   0.474243081926013504927237429219
 414   0.470966201541382194998586484035   0.474243081926013504927237429219
