   1  -0.476446175038619736271087493953  -0.476446175038619736271087493953
   2  -0.394853331947230404627517597736  -0.476446175038619736271087493953
   3  -0.313260488855841072983947701519  -0.476446175038619736271087493953
   4  -0.231667645764451740087977790821  -0.476446175038619736271087493953
   5  -0.150074801946732969142689023474  -0.476446175038619736271087493953
   6  -0.068474130334989098590808995730  -0.476446175038619736271087493953
   7   0.013742857661875338586067759938  -0.476446175038619736271087493953
   8   0.101547633864469938788880194925  -0.476446175038619736271087493953
   9   0.195125819765236160937250106300  -0.476446175038619736271087493953
  10   0.242233469687996688395075118393  -0.476446175038619736271087493953
  11   0.289341119610757215852900130486  -0.476446175038619736271087493953
  12   0.336448769533517743310725142580  -0.476446175038619736271087493953
  13   0.383556419456278270768550154673  -0.476446175038619736271087493953
  14   0.430664069379038798226375166766  -0.476446175038619736271087493953
  15   0.148336726814853049863065150613  -0.470977037800830819098322156215
  16   0.476446175038619736271087493953  -0.465349802540351350796910426471
  17   0.057645245763172638687473977432  -0.459366625856968916905299685846
  18  -0.027397985150894447235105821880  -0.453383630121361846862016657110
  19  -0.109274470045215513023458945768  -0.452899124283842075968453342322
  20  -0.190871223913506858319633767206  -0.452892350605948363023527075536
  21  -0.272464067310146406848722928925  -0.452892350077239473085068689031
  22  -0.435649753492925070449302545845  -0.452892350077239472542174987907
  23  -0.354056910401535738805732649628  -0.452892350077239472542174987907
  24   0.265787294649376952123987624440  -0.435649753492925070449302545845
  25   0.360002594494898007039637648626  -0.435649753492925070449302545845
  26   0.407236417369017983563825768849  -0.435409421719668964838530873542
  27   0.176467685074753261837411575749  -0.433191063304662112154989448682
  28   0.312796594743536924058300696759  -0.431758640600325445994498631699
  29   0.094387763290316618232102301351  -0.429885817065267197533183893549
  30   0.013113327260683826809686289008  -0.429342731717357801346477777284
  31  -0.068481959957337078360707795245  -0.429338525766528331937311681144
  32  -0.150074802673062412929655551868  -0.429338525115859214412718852289
  33  -0.476446175038619736271087493953  -0.429338525115859208813262481860
  34  -0.394853331947230404627517597736  -0.429338525115859208813262481860
  35  -0.313260488855841072983947701519  -0.429338525115859208813262481860
  36  -0.231667645764451741340377805302  -0.429338525115859208813262481860
  37   0.221526478326588494747151645602  -0.418584832650667195711588317289
  38   0.472349040429087234097649027190  -0.418420662667168815772500442891
  39   0.136355878746791608067908388656  -0.408489369549912108006007013343
  40  -0.027683102340394099287078701796  -0.405788920708316128722058490279
  41   0.053909749182042479328460036381  -0.405788907406646661133687502682
  42  -0.109278381127367747107870603759  -0.405784700154478950683806346243
  43  -0.435649753492925070449302545845  -0.405784700154478945084349975813
  44  -0.354056910401535738805732649628  -0.405784700154478945084349975813
  45  -0.272464067310146407162162753411  -0.405784700154478945084349975813
  46  -0.190871224218757075518592857194  -0.405784700154478945084349975813
  47   0.431552618883392568275864079081  -0.394866837705788552043587936844
  48   0.340600846864770130943845586573  -0.392723038382842546547018805129
  49   0.258320143318246935255637917788  -0.389137686969888673053280972137
  50   0.177804076218889353681782173006  -0.386102373155590917631062976764
  51   0.095017292153243538443527183815  -0.382782373723446613944153467228
  52   0.013113328012011810581297227866  -0.382235081794597279880182167781
  53  -0.068481959206009094589096856387  -0.382230875843767810471016071640
  54  -0.476446175038619736271087493953  -0.382230875193098681355437469767
  55  -0.394853331947230404627517597736  -0.382230875193098681355437469767
  56  -0.313260488855841072983947701519  -0.382230875193098681355437469767
  57  -0.231667645764451741340377805302  -0.382230875193098681355437469767
  58  -0.150074802673062409696807909085  -0.382230875193098681355437469767
  59   0.386365262301806077235458557931  -0.381553930945283092864182341969
  60   0.476446175038619736271087493953  -0.371491522793986280748090459311
  61   0.300456436714230657772979169326  -0.368074366716591984849378189596
  62   0.218981878901105816683340978514  -0.363221830165753316447307156998
  63   0.136985407609718528279333271119  -0.361385926208091524416976587023
  64  -0.027683101589066115515467762938  -0.358681270785555607255762880776
  65   0.053909749933370463100070975239  -0.358681257483886139667391893179
  66  -0.109278381127367740642175318194  -0.358677050231718423225981334149
  67  -0.435649753492925070449302545845  -0.358677050231718417626524963720
  68  -0.354056910401535738805732649628  -0.358677050231718417626524963720
  69  -0.272464067310146407162162753411  -0.358677050231718417626524963720
  70  -0.190871224218757075518592857194  -0.358677050231718417626524963720
  71   0.435649753492925070449302545845  -0.347937697832606017019177953264
  72   0.353810323804763901353636016523  -0.347505338306244967077558774082
  73   0.261094801462897389881885000282  -0.342111822241787342525434120821
  74   0.178433605081816273893207055470  -0.338998929813770334042032550443
  75   0.095017292904571522215138122673  -0.335674723800686092477857857725
  76   0.013113328012011817046992513433  -0.335127431871836752422357155688
  77  -0.068481959206009088123401570821  -0.335123225921007283013191059547
  78  -0.476446175038619736271087493953  -0.335123225270338153897612457674
  79  -0.394853331947230404627517597736  -0.335123225270338153897612457674
  80  -0.313260488855841072983947701519  -0.335123225270338153897612457674
  81  -0.231667645764451741340377805302  -0.335123225270338153897612457674
  82  -0.150074802673062403322934410743  -0.335123225270338153897612457674
  83   0.394853331947230404627517597736  -0.324383872871225753290265447218
  84   0.476446175038619736271087493953  -0.324383872871225753290265447218
  85   0.312182870239369283713489308147  -0.322449576985286210565386029465
  86   0.219611407764032736894765860978  -0.316118386823932732858276730677
  87   0.136985408361046512050944209977  -0.314278276285331002950680977520
  88  -0.027683101589066109049772477372  -0.311573620862795079797937868683
  89   0.053909749933370469565766260805  -0.311573607561125612209566881086
  90  -0.109278381061283775298358143778  -0.311569400308957895814508565086
  91  -0.435649753492925070449302545845  -0.311569400308957890168699951627
  92  -0.354056910401535738805732649628  -0.311569400308957890168699951627
  93  -0.272464067310146407162162753411  -0.311569400308957890168699951627
  94  -0.190871224218757075518592857194  -0.311569400308957890168699951627
  95   0.435649753492925070449302545845  -0.300830047909845489561352941171
  96   0.353810323804763901353636016523  -0.300397688383484439619733761989
  97   0.269752602163720421726629800575  -0.295806604735871358034438337463
  98   0.178433605833144257664817994328  -0.291891279891009812575736940941
  99   0.095017292904571528680833408239  -0.288567073877925565020032845632
 100   0.013113328078095782391179160345  -0.288019781949076225010884386625
 101  -0.068481959139925122779214923909  -0.288015575998246755601718290484
 102  -0.476446175038619736271087493953  -0.288015575347577626439787445580
 103  -0.394853331947230404627517597736  -0.288015575347577626439787445580
 104  -0.313260488855841072983947701519  -0.288015575347577626439787445580
 105  -0.231667645764451741340377805302  -0.288015575347577626439787445580
 106  -0.150074802673062409696807909085  -0.288015575347577626439787445580
 107   0.394853331947230404627517597736  -0.277276222948465225832440435124
 108   0.476446175038619736271087493953  -0.277276222948465225832440435124
 109   0.312182870239369283713489308147  -0.275341927062525683107561017372
 110   0.227580063385487786864207920988  -0.269689611168828357061515497773
 111   0.136985408361046518516639495543  -0.267170626362570475492855965426
 112   0.054539278796297389777191143269  -0.264470164219305028620536454765
 113  -0.027683101522982143705585830459  -0.264465970940034552386465099620
 114  -0.109278381127367740588652358255  -0.264461750386197368403035795947
 115  -0.435649753492925070449302545845  -0.264461750386197362710874939534
 116  -0.354056910401535738805732649628  -0.264461750386197362710874939534
 117  -0.272464067310146407162162753411  -0.264461750386197362710874939534
 118  -0.190871224218757075518592857194  -0.264461750386197362710874939534
 119   0.435649753492925070449302545845  -0.253722397987084962103527929078
 120   0.353810323804763901353636016523  -0.253290038460723912161908749895
 121   0.269752602163720421726629800575  -0.248698954813110830576613325370
 122   0.186402260624065269727843940449  -0.245462504093359369570933125671
 123   0.097471483533771083168365841382  -0.241523395985982326528568599775
 124   0.013113328012011817100515473371  -0.240912132026315697599411617487
 125  -0.068481959206009088069878610882  -0.240907926075486228190245521346
 126  -0.476446175038619736271087493953  -0.240907925424817098981962433487
 127  -0.394853331947230404627517597736  -0.240907925424817098981962433487
 128  -0.313260488855841072983947701519  -0.240907925424817098981962433487
 129  -0.231667645764451741340377805302  -0.240907925424817098981962433487
 130  -0.150074802673062409696807909085  -0.240907925424817098981962433487
 131   0.394853331947230404627517597736  -0.230168573025704698374615423031
 132   0.476446175038619736271087493953  -0.230168573025704698374615423031
 133   0.312182870239369283713489308147  -0.228234277139765155649736005278
 134   0.227580063385487786864207920988  -0.222581961246067829603690485680
 135   0.144954063151967523453348015903  -0.220741850564920031264949397159
 136   0.053914569092376345228866407752  -0.217366656716878133347239116904
 137  -0.027683101589066108996249517433  -0.217358321017274024974992330482
 138  -0.109278381127367740588652358255  -0.217354100463436840945210783854
 139  -0.435649753492925070449302545845  -0.217354100463436835253049927440
 140  -0.354056910401535738805732649628  -0.217354100463436835253049927440
 141  -0.272464067310146407162162753411  -0.217354100463436835253049927440
 142  -0.190871224218757075518592857194  -0.217354100463436835253049927440
 143   0.435649753492925070449302545845  -0.206614748064324434645702916985
 144   0.353810323804763901353636016523  -0.206182388537963384704083737802
 145   0.269752602163720421726629800575  -0.201591304890350303118788313276
 146   0.186402260624065269727843940449  -0.198354854170598842113108113578
 147   0.095086829390986834260548440871  -0.194476142018671313578512039841
 148   0.013113328012011817100515473372  -0.193804482103555170141586605394
 149  -0.068481959206009088069878610882  -0.193800276152725700732420509253
 150  -0.476446175038619736271087493953  -0.193800275502056571524137421394
 151  -0.394853331947230404627517597736  -0.193800275502056571524137421394
 152  -0.313260488855841072983947701519  -0.193800275502056571524137421394
 153  -0.231667645764451741340377805302  -0.193800275502056571524137421394
 154  -0.150074802673062409696807909085  -0.193800275502056571524137421394
 155   0.394853331947230404627517597736  -0.183060923102944170916790410938
 156   0.476446175038619736271087493953  -0.183060923102944170916790410938
 157   0.312182870239369283713489308147  -0.181126627217004628191910993185
 158   0.227580063385487786864207920988  -0.175474311323307302145865473587
 159   0.137612207222529526420942949613  -0.174209841874592294100124215342
 160   0.053914569092376345228866407753  -0.170259006794117605889414104810
 161  -0.027683101589066108996249517432  -0.170250671094513497517167318389
 162  -0.109278381127367740588652358255  -0.170246450540676313487385771761
 163  -0.435649753492925070449302545845  -0.170246450540676307795224915347
 164  -0.354056910401535738805732649628  -0.170246450540676307795224915347
 165  -0.272464067310146407162162753411  -0.170246450540676307795224915347
 166  -0.190871224218757075518592857194  -0.170246450540676307795224915347
 167   0.435649753492925070449302545845  -0.159507098141563907187877904891
 168   0.353810323804763901353636016523  -0.159074738615202857246258725709
 169   0.269752602163720421726629800575  -0.154483654967589775660963301183
 170   0.179060404694627272695438874159  -0.151822845480271104948282931761
 171   0.095086829390986834260548440872  -0.147368492095910786120687027748
 172   0.013113328012011817100515473372  -0.146696832180794642683761593301
 173  -0.068481959206009088069878610882  -0.146692626229965173274595497159
 174  -0.476446175038619736271087493953  -0.146692625579296044066312409301
 175  -0.394853331947230404627517597736  -0.146692625579296044066312409301
 176  -0.313260488855841072983947701519  -0.146692625579296044066312409301
 177  -0.231667645764451741340377805302  -0.146692625579296044066312409301
 178  -0.150074802673062403183954706284  -0.146692625579296044066312409301
 179   0.394853331947230404627517597736  -0.135953273180183643458965398845
 180   0.476446175038619736271087493953  -0.135953273180183643458965398845
 181   0.312182870239369283713489308147  -0.134018977294244100734085981092
 182   0.220238207456049789831802854698  -0.128942302632979564981040291770
 183   0.137612207222529526420942949614  -0.127102191951831766642299203249
 184   0.053914569092376345228866407753  -0.123151356871357078431589092717
 185  -0.027683101589066108996249517433  -0.123143021171752970059342306295
 186  -0.109278380394202431861808055835  -0.123138800617915791734911916028
 187  -0.435649753492925070449302545845  -0.123138800617915780337399903254
 188  -0.354056910401535738805732649628  -0.123138800617915780337399903254
 189  -0.272464067310146407162162753411  -0.123138800617915780337399903254
 190  -0.190871224218757075518592857194  -0.123138800617915780337399903254
 191   0.435649753492925070449302545845  -0.112399448218803379730052892798
 192   0.353810323804763901353636016523  -0.111967088692442329788433713616
 193   0.262410746234282424694224734285  -0.107951646277262038496138119366
 194   0.179115182871501668858080081707  -0.104715227406368257212795863204
 195   0.095086829390986834260548440871  -0.100260842173150258662862015654
 196   0.013122968790041884090720998085  -0.099589183244546944359053808496
 197  -0.068481954862024937651799954939  -0.099584976307204846104816375954
 198  -0.476446175038619736271087493953  -0.099584975656535516608487397207
 199  -0.394853331947230404627517597736  -0.099584975656535516608487397207
 200  -0.313260488855841072983947701519  -0.099584975656535516608487397207
 201  -0.231667645764451741340377805302  -0.099584975656535516608487397207
 202  -0.150074802673062409696807909085  -0.099584975656535516608487397207
 203   0.394853331947230404627517597736  -0.088845623257423116001140386751
 204   0.476446175038619736271087493953  -0.088845623257423116001140386751
 205   0.306515576155671694902876284117  -0.087253472282384705270960792000
 206   0.223146035199005442968401815758  -0.081924484531086987254321000343
 207   0.139002436292237893597136871556  -0.080015060542293791512740325973
 208   0.054676932007333400903560717809  -0.076049876172431507290690264806
 209  -0.027683097047172279006827190441  -0.076035371248992661555334739137
 210  -0.109278381127367734000680365560  -0.076031150695155269982437957763
 211  -0.435649753492925070449302545845  -0.076031150695155252879574891161
 212  -0.354056910401535738805732649628  -0.076031150695155252879574891161
 213  -0.272464067310146407162162753411  -0.076031150695155252879574891161
 214  -0.190871224218757075518592857194  -0.076031150695155252879574891161
 215   0.435649753492925070449302545845  -0.065291798296042852272227880705
 216   0.349623102254807799291222378975  -0.065045900973705465456111949815
 217   0.267333598717719605716999394158  -0.061101926911275689955168374093
 218   0.182717008086499146357908520793  -0.057745476115074747708181991242
 219   0.100118311455209434959009332677  -0.053422664694913915509352563125
 220   0.013113326872751644308952987423  -0.052481534308532414185364174973
 221  -0.068481959206008856797184778473  -0.052477326384444518935015928173
 222  -0.476446175038619736271087493953  -0.052477325733774989150662385114
 223  -0.394853331947230404627517597736  -0.052477325733774989150662385114
 224  -0.313260488855841072983947701519  -0.052477325733774989150662385114
 225  -0.231667645764451741340377805302  -0.052477325733774989150662385114
 226  -0.150074802673062409696807909085  -0.052477325733774989150662385114
 227   0.394808438128929646350336371957  -0.041737976278475410278973199108
 228   0.476446175038619736271087493953  -0.041737973334662588543315374658
 229   0.309572490076297402717423004763  -0.040245111765054974722219737612
 230   0.228068887682442623991176475630  -0.035074765165100638713351255071
 231   0.142604261507235371096965310642  -0.033045309251000282008126454010
 232   0.053921619069541543972301999394  -0.028948281893560604479463920228
 233  -0.027683101589065856175329191628  -0.028927721326232353051302796198
 234  -0.109278381127367734000680365560  -0.028923500772394742524612945670
 235  -0.435649753492925070449302545845  -0.028923500772394725421749879067
 236  -0.354056910401535738805732649628  -0.028923500772394725421749879067
 237  -0.272464067310146407162162753411  -0.028923500772394725421749879067
 238  -0.190871224218757075518592857194  -0.028923500772394725421749879067
 239   0.435649753492925070449302545845  -0.018184148373282324814402868611
 240   0.354034481080411538905560831624  -0.018145256861898483795732417520
 241   0.270241426460675258853598355217  -0.014084108809383112228449082667
 242   0.186876752082240567620550025039  -0.010821844423407348345548062682
 243   0.095366572792646132892388306074  -0.006555280930423059838406779752
 244   0.013113326872751644308952987423  -0.005373884385771886727539162880
 245  -0.068481959206008856797184778472  -0.005369676461683991477190916080
 246  -0.476446175038619736271087493953  -0.005369675811014461692837373021
 247  -0.394853331947230404627517597736  -0.005369675811014461692837373021
 248  -0.313260488855841072983947701519  -0.005369675811014461692837373021
 249  -0.231667645764451741340377805302  -0.005369675811014461692837373021
 250  -0.150074802673062409696807909085  -0.005369675811014461692837373021
 251   0.394853331947230404627517597736   0.005369676588097938914509637435
 252   0.476446175038619736271087493953   0.005369676588097938914509637435
 253   0.312480317819253055854021965823   0.006772706336837603004499553814
 254   0.228068887682442623991176475630   0.012032884757659888744473757023
 255   0.137839482083744048233505886857   0.013820750518206192487793859812
 256   0.053921619069541543972301999394   0.018159368029199922978361091865
 257  -0.027683101589065856175329191628   0.018179928596528174406522215895
 258  -0.109278381127367734000680365560   0.018184149150365784933212066423
 259  -0.435649753492925070449302545845   0.018184149150365802036075133026
 260  -0.354056910401535738805732649628   0.018184149150365802036075133026
 261  -0.272464067310146407162162753411   0.018184149150365802036075133026
 262  -0.190871224218757075518592857194   0.018184149150365802036075133026
 263   0.435649753492925070449302545845   0.028923501549478202643422143482
 264   0.354034481080411538905560831624   0.028962393060862043662092594573
 265   0.270241426460675258853598355217   0.033023541113377415229375929426
 266   0.179551248041132644114437557370   0.035712741335886474025434133700
 267   0.095366572792646132892388306074   0.040552368992337467619418232341
 268   0.013113326872751644308952987424   0.041733765536988640730285849213
 269  -0.068481959206008856797184778472   0.041737973461076535980634096014
 270  -0.476446175038619736271087493953   0.041737974111746065764987639073
 271  -0.394853331947230404627517597736   0.041737974111746065764987639073
 272  -0.313260488855841072983947701519   0.041737974111746065764987639073
 273  -0.231667645764451741340377805302   0.041737974111746065764987639073
 274  -0.150074802673062409696807909085   0.041737974111746065764987639073
 275   0.394853331947230404627517597736   0.052477326510858466372334649528
 276   0.476446175038619736271087493953   0.052477326510858466372334649528
 277   0.312480317819253055854021965823   0.053880356259598130462324565908
 278   0.220743383641334700485064007962   0.058567470516953711115455953404
 279   0.137839482083744048233505886857   0.060928400440966719945618871905
 280   0.053921619069541543972301999394   0.065267017951960450436186103959
 281  -0.027683101589065856175329191628   0.065287578519288701864347227988
 282  -0.109278381127367734000680365560   0.065291799073126312391037078516
 283  -0.435649753492925070449302545845   0.065291799073126329493900145119
 284  -0.354056910401535738805732649628   0.065291799073126329493900145119
 285  -0.272464067310146407162162753411   0.065291799073126329493900145119
 286  -0.190871224218757075518592857194   0.065291799073126329493900145119
 287   0.435649753492925070449302545845   0.076031151472238730101247155575
 288   0.354034481080411538905560831624   0.076070042983622571119917606666
 289   0.263133987219943750180757723602   0.079591931558878855644210893755
 290   0.179842280486049132429037046228   0.082819492246571938745565651124
 291   0.097547263661969293150370575581   0.087609517955888271842873178966
 292   0.013137078546109516728086307098   0.088841409471952875253105841755
 293  -0.068481959206008856797184778473   0.088845623383837063438459108107
 294  -0.476446175038619736271087493953   0.088845624034506593222812651166
 295  -0.394853331947230404627517597736   0.088845624034506593222812651166
 296  -0.313260488855841072983947701519   0.088845624034506593222812651166
 297  -0.231667645764451741340377805302   0.088845624034506593222812651166
 298  -0.150074802673062409696807909085   0.088845624034506593222812651166
 299   0.394853331947230404627517597736   0.099584976433618993830159661622
 300   0.476446175038619736271087493953   0.099584976433618993830159661622
 301   0.307284555106665191584606223845   0.100700594736989950845791714864
 302   0.223838960424877355796542028635   0.105573300853440180175612455871
 303   0.140020172953067208491488156364   0.107985549404517524169073818530
 304   0.057395615076370370985939261908   0.112246396757878023925060874215
 305  -0.027683101589065856175329191628   0.112395228442049229322172240081
 306  -0.109278381127367734000680365560   0.112399448995886839848862090610
 307  -0.435649753492925070449302545845   0.112399448995886856951725157212
 308  -0.354056910401535738805732649628   0.112399448995886856951725157212
 309  -0.272464067310146407162162753411   0.112399448995886856951725157212
 310  -0.190871224218757075518592857194   0.112399448995886856951725157212
 311   0.435649753492925070449302545845   0.123138801394999257559072167668
 312   0.353162520738841114201431016483   0.123169622242975709388719601168
 313   0.267845848552404943412801702265   0.126463341224356348697229144907
 314   0.183432574268774521520231443686   0.129790126389609472842844419793
 315   0.101137557444694682241564973039   0.134580152098925805940151947634
 316   0.013113319956628809646455756481   0.135949053403429493051084746127
 317  -0.068481959206008856797184778473   0.135953273306597590896284120200
 318  -0.476446175038619736271087493953   0.135953273957267120680637663259
 319  -0.394853331947230404627517597736   0.135953273957267120680637663259
 320  -0.313260488855841072983947701519   0.135953273957267120680637663259
 321  -0.231667645764451741340377805302   0.135953273957267120680637663259
 322  -0.150074802673062409696807909085   0.135953273957267120680637663259
 323   0.394827265990333745741624521217   0.146692623421893761605812024816
 324   0.476446175038619736271087493953   0.146692626356379521287984673715
 325   0.312813922286331896719945952552   0.147482608159220770811320032960
 326   0.228550821757338549028586007298   0.152444710518917673228630707022
 327   0.143610466735792597582682553823   0.154956183547555058266352587198
 328   0.054062668296153161363108518159   0.159235992914959430192764730635
 329  -0.027683101589065856175329191628   0.159502878364809756779997252175
 330  -0.109278381127367734000680365560   0.159507098918647367306687102703
 331  -0.435649753492925070449302545845   0.159507098918647384409550169306
 332  -0.354056910401535738805732649628   0.159507098918647384409550169306
 333  -0.272464067310146407162162753411   0.159507098918647384409550169306
 334  -0.190871224218757075518592857194   0.159507098918647384409550169306
 335   0.435649753492925070449302545845   0.170246451317759785016897179762
 336   0.354043884957908004796880512849   0.170269026468068711499536750003
 337   0.270698860989066833176708913085   0.173484517318554721214943384386
 338   0.187337620315421570561809293267   0.176735640516296020207034464477
 339   0.095648179623570588311708406907   0.181366874706758798109689327104
 340   0.013113319956628809646455756481   0.183056703326190020508909758221
 341  -0.068481959206008856797184778473   0.183060923229358118354109132293
 342  -0.476446175038619736271087493953   0.183060923880027648138462675352
 343  -0.394853331947230404627517597736   0.183060923880027648138462675352
 344  -0.313260488855841072983947701519   0.183060923880027648138462675352
 345  -0.231667645764451741340377805302   0.183060923880027648138462675352
 346  -0.150074802673062409696807909085   0.183060923880027648138462675352
 347   0.394853331947230404627517597736   0.193800276279140048745809685808
 348   0.476446175038619736271087493953   0.193800276279140048745809685808
 349   0.312813922286331896719945952552   0.194590258081981298269145045054
 350   0.228550821757338549028586007298   0.199552360441678200686455719116
 351   0.138121088914668503652825987691   0.201742906155388050435889966668
 352   0.054062668296153161363108518159   0.206343642837719957650589742728
 353  -0.027683101589065856175329191627   0.206610528287570284237822264268
 354  -0.109278381127367734000680365560   0.206614748841407894764512114796
 355  -0.435649753492925070449302545845   0.206614748841407911867375181399
 356  -0.354056910401535738805732649628   0.206614748841407911867375181399
 357  -0.272464067310146407162162753411   0.206614748841407911867375181399
 358  -0.190871224218757075518592857194   0.206614748841407911867375181399
 359   0.435649753492925070449302545845   0.217354101240520312474722191855
 360   0.354043884957908004796880512849   0.217376676390829238957361762097
 361   0.270698860989066833176708913085   0.220592167241315248672768396480
 362   0.180021468644815308289800678360   0.223271697568629591607984474987
 363   0.095648179623570588311708406908   0.228474524629519325567514339197
 364   0.013113319956628809646455756481   0.230164353248950547966734770314
 365  -0.068481959206008856797184778473   0.230168573152118645811934144387
 366  -0.476446175038619736271087493953   0.230168573802788175596287687446
 367  -0.394853331947230404627517597736   0.230168573802788175596287687446
 368  -0.313260488855841072983947701519   0.230168573802788175596287687446
 369  -0.231667645764451741340377805302   0.230168573802788175596287687446
 370  -0.150074802673062409696807909085   0.230168573802788175596287687446
 371   0.394853331947230404627517597736   0.240907926201900576203634697902
 372   0.476446175038619736271087493953   0.240907926201900576203634697901
 373   0.312813922286331896719945952552   0.241697908004741825726970057147
 374   0.221234670086732286756577392391   0.246088417494011772087405729626
 375   0.138121088914668503652825987691   0.248850556078148577893714978761
 376   0.054062668296153161363108518159   0.253451292760480485108414754822
 377  -0.027683101589065856175329191627   0.253718178210330811695647276361
 378  -0.109278381127367734000680365560   0.253722398764168422222337126890
 379  -0.435649753492925070449302545845   0.253722398764168439325200193492
 380  -0.354056910401535738805732649628   0.253722398764168439325200193492
 381  -0.272464067310146407162162753411   0.253722398764168439325200193492
 382  -0.190871224218757075518592857194   0.253722398764168439325200193492
 383   0.435649753492925070449302545845   0.264461751163280839932547203948
 384   0.354043884957908004796880512849   0.264484326313589766415186774190
 385   0.269224953450011753322204836227   0.267676753655678883038368757689
 386   0.180021468644815308289800678360   0.270379347491390119065809487080
 387   0.095648179623570588311708406908   0.275582174552279853025339351290
 388   0.013113319956628809646455756481   0.277272003171711075424559782407
 389  -0.068481959206008856797184778473   0.277276223074879173269759156480
 390  -0.476446175038619736271087493953   0.277276223725548703054112699539
 391  -0.394853331947230404627517597736   0.277276223725548703054112699539
 392  -0.313260488855841072983947701519   0.277276223725548703054112699539
 393  -0.231667645764451741340377805302   0.277276223725548703054112699540
 394  -0.150074802673062409696807909085   0.277276223725548703054112699539
 395   0.394853331947230404627517597736   0.288015576124661103661459709995
 396   0.476446175038619736271087493953   0.288015576124661103661459709995
 397   0.311340014747276816865441875695   0.288782494419105460092570418357
 398   0.229199345217860836564016270528   0.292517876152291887194075981598
 399   0.138121088914668503652825987691   0.295958206000909105351539990854
 400   0.054062668296153161363108518159   0.300558942683241012566239766915
 401  -0.027683101589065856175329191627   0.300825828133091339153472288454
 402  -0.109278381127367734000680365560   0.300830048686928949680162138983
 403  -0.435649753492925070449302545845   0.300830048686928966783025205585
 404  -0.354056910401535738805732649628   0.300830048686928966783025205585
 405  -0.272464067310146407162162753411   0.300830048686928966783025205586
 406  -0.190871224218757075518592857193   0.300830048686928966783025205586
 407   0.435649753492925070449302545845   0.311569401086041367390372216041
 408   0.353207690721593194398311618359   0.311584554130921115492921488135
 409   0.270725192474524274517432562116   0.314760508434951634316075479043
 410   0.187995810133484775023589401869   0.316807146912291437094697898716
 411   0.095648179623570588311708406908   0.322689824475040380483164363384
 412   0.013113319956628809646455756481   0.324379653094471602882384794501
 413  -0.068481959206008856797184778473   0.324383872997639700727584168573
 414  -0.476446175038619736271087493953   0.324383873648309230511937711632
 415  -0.394853331947230404627517597736   0.324383873648309230511937711632
 416  -0.313260488855841072983947701519   0.324383873648309230511937711632
 417  -0.231667645764451741340377805302   0.324383873648309230511937711633
 418  -0.150074802310738882756121455200   0.324383874275871971661387100656
 419   0.394844583890525132061149456287   0.335123225597234126344719433740
 420   0.476446175038619736271087493953   0.335123226047421631119284722088
 421   0.312840253771789338060669601583   0.335866249198378211370277139710
 422   0.229208093383751846854652393088   0.339625525262759642226004658550
 423   0.147023616025050477557191734924   0.342216996433585508292216608104
 424   0.054062668296153161363108518159   0.347666592606001540024064779008
 425  -0.027683101589065856175329191627   0.347933478055851866611297300547
 426  -0.109278380376039300859613333539   0.347937698609689471146450581413
 427  -0.435649753492925070449302545845   0.347937698609689494240850217679
 428  -0.354056910401535738805732649628   0.347937698609689494240850217679
 429  -0.272464067310146407162162753411   0.347937698609689494240850217679
 430  -0.190871224218757075518592857193   0.347937698609689494240850217680
 431   0.435649753492925070449302545845   0.358677051008801894848197228135
 432   0.354052537022056409891732592802   0.358684627548846416501583899545
 433   0.270733940640415284808068684677   0.361868157545419389348004155995
 434   0.188840656433947990517010376312   0.363907220330216738103360310125
 435   0.106902298527673780838827789408   0.368433408603720842740429485138
 436  -0.476446175038619736271087493953   0.371491523571069757969762723725
 437  -0.395799271577437376954954971261   0.373058800742134802616315535114
 438  -0.309260007497587541811075552341   0.377444886656085645772735537348
 439   0.020970109850534069768934247038   0.381204081297714878077853912245
 440   0.394853331947230404627517597736   0.382230875970182158577109734181
 441   0.476446175038619736271087493953   0.382230875970182158577109734181
 442   0.312849001937680348351305724143   0.382973898308845966402205816662
 443   0.230052939684215062348073367531   0.386725598680684943234667069960
 444  -0.071245024974211582979068417670   0.387488699575285061891987109938
 445  -0.165602902288984231519657472661   0.387694994645747086088764367871
 446  -0.214526195938940653630022829849   0.388689881656248549005783358524
 447   0.149147851321244293016044144741   0.389276727687086779234532614941
 448   0.066731335283154262800155789325   0.393038781863495258220169710410
 449  -0.261577299086404990027362225164   0.393770099363827325874186787264
 450  -0.118925464968369264381608070761   0.394046964924756660145011082853
 451  -0.024105218222958092667281422689   0.394905059164687124852192152392
 452  -0.354137233596054927274804195430   0.395045280052911371466184791525
 453  -0.436595693123132042776739919370   0.396612625703515066345228041161
 454   0.435649753492925070449302545845   0.405784700931562422306022240228
 455   0.354061285187947420182368715362   0.405792276659314171533512576497
 456   0.271578786940878500301489659120   0.408968230963344690356666567405
 457   0.185589860344469362018625305522   0.420867653701524953826606303734
 458  -0.476446175038619736271087493953   0.421733727835960374720693358597
 459  -0.389451082638896299212852228940   0.427214016890199754330701715364
 460  -0.189246095079802787033295389551   0.428439688973985031685874761324
 461   0.476446175038619736271087493953   0.429338525892942686034934746275
 462   0.394857706733642086004153663471   0.429346101620694435262425082544
 463   0.313693848238143563844726698586   0.430073971726771267410868228072
 464   0.093620090807786835298661628639   0.432101819009378749336477414109
 465  -0.236092995163557163948783129577   0.433389298432123530283759181483
 466   0.231553178708727583543301093421   0.433809353459957694512373791313
 467  -0.094750817881767756106484970688   0.434478600057207451698243643325
 468  -0.142568657759187819895245987651   0.434791659252994605742121476306
 469  -0.330254029918478880296064835678   0.435649753492925070449302545845
 470  -0.283146379995718352838239823585   0.435649753492925070449302545845
 471  -0.000462025432139537153643505798   0.435649753492925070449302545845
 472   0.046645624490620990304181506296   0.435649753492925070449302545845
 473   0.140860924336142045219831530482   0.435649753492925070449302545845
 474  -0.047659043184338356396193928736   0.435701480710381790673977100501
 475  -0.434765421463114818600603401672   0.443684706461602420339610925498
 476   0.435227559703163081312595526629   0.453623779690572057016868194519
 477   0.349707590194699088563381717414   0.460440747511039049548010739577
 478   0.258462359588251071511299897208   0.472474928143886128929590248347
 479  -0.212539170202176900219870623534   0.474185719977818196105544129594
 480  -0.474777004174855653928029622826   0.474777119577227542776801221085
 481  -0.118394010672586311620122887579   0.475223294385445397295354036779
 482  -0.400915504802619671482802353818   0.476446175038619736271087493953
 483  -0.353807854879859144024977341725   0.476446175038619736271087493953
 484  -0.306700204957098616567152329632   0.476446175038619736271087493953
 485  -0.259592555034338089109327317538   0.476446175038619736271087493953
 486  -0.165485785370015711330413929530   0.476446175038619736271087493953
 487  -0.071302235975156911909831845628   0.476446175038619736271087493953
 488  -0.024015850393519800882556011845   0.476446175038619736271087493953
 489   0.023091799529240726575269000249   0.476446175038619736271087493953
 490   0.070199449452001254033094012342   0.476446175038619736271087493953
 491   0.117307099374761781490919024436   0.476446175038619736271087493953
 492   0.164414749297522308948744036529   0.476446175038619736271087493953
 493   0.211522399220282836406569048622   0.476446175038619736271087493953
 494   0.305402319956219306616030745794   0.476446175038619736271087493953
 495   0.394012860433178870510732689030   0.476446175038619736271087493953
 496   0.476437618570177231428159995258   0.476446175038619736271087493953
