   1  -0.476147749109760120695824233475  -0.476147749109760120727898482618
   2   0.102238596725096252792532273364  -0.476147749109760120727898482618
   3  -0.310894507442658299629849274584  -0.476147749109760120727898482617
   4  -0.228267886609107389134484658478  -0.476147749109760120727898482617
   5  -0.145641265775556478638900425929  -0.476147749109760120727898482617
   6  -0.063014644942005568150126539114  -0.476147749109760120727898482617
   7   0.019611975891545342321202867126  -0.476147749109760120727898482617
   8   0.184865217558647163263861679602  -0.476147749109760120727898482618
   9   0.268590991352956967835413897993  -0.476147749109760120727898482618
  10   0.351217612186507878331020479748  -0.476147749109760120727898482618
  11   0.433844233020058788826627061504  -0.476147749109760120727898482618
  12  -0.393521128276209210125026613740  -0.476147749109760120727898476626
  13   0.476147749109760120727898482618  -0.454099347431357738483434932112
  14   0.226728104455802065549637788797  -0.453273785947251249302889694662
  15  -0.434834438692984665386222467859  -0.452295498219520241478608840989
  16   0.309904301769732423083217188871  -0.452295498219520241455796965235
  17   0.392530922603283333578823770626  -0.452295498219520241455796965235
  18  -0.186954576192331933886692542204  -0.452295498219520241455777610251
  19  -0.269581197025882844382166966531  -0.452295498219520241455587416832
  20  -0.352207817859433754877437949261  -0.452295498219520241455425215413
  21  -0.104327955358781023394513482522  -0.452295498219520241449879677837
  22   0.060925286308320797556867570245  -0.452295498219520241434772314505
  23  -0.021701334525230112914461835994  -0.452295498219520241434772314504
  24   0.143551907141871708028196976483  -0.452295498219520241434772314505
  25  -0.476147749109760120695156713404  -0.428443247329280362183695447853
  26   0.184865217558647163288138855120  -0.428443247329280362183695447853
  27   0.268590991352956967835413897993  -0.428443247329280362183695447853
  28   0.351217612186507878331020479749  -0.428443247329280362183695447853
  29   0.433844233020058788826627061504  -0.428443247329280362183695447853
  30  -0.228267886609107389134374850257  -0.428443247329280362183466544466
  31  -0.310894507442658299629854028597  -0.428443247329280362182943737672
  32  -0.393521128276209210125587276941  -0.428443247329280362182134424058
  33  -0.145641265775556478642546522788  -0.428443247329280362177341512876
  34  -0.063014644942005568158848779402  -0.428443247329280362156753509724
  35   0.019611975891545342321202867126  -0.428443247329280362141646146391
  36   0.102238596725096252792532273364  -0.428443247329280362141646146392
  37   0.476147749109760120727898482618  -0.406394845650877979939231897347
  38   0.226728104455802065561776376556  -0.405569284166771490736471168737
  39   0.309904301769732423083217188871  -0.404590996439040482911593930470
  40   0.392530922603283333578823770626  -0.404590996439040482911593930470
  41  -0.269581197025882844382205030060  -0.404590996439040482910574978113
  42  -0.352207817859433754878021912833  -0.404590996439040482909620805419
  43  -0.434834438692984665373726834846  -0.404590996439040482908773564449
  44  -0.186954576192331933890799217147  -0.404590996439040482904042509030
  45   0.143551907141871708052474152001  -0.404590996439040482890569279740
  46  -0.104327955358781023406864451040  -0.404590996439040482884245428110
  47  -0.021701334525230112923184076282  -0.404590996439040482863627341612
  48   0.060925286308320797556867570245  -0.404590996439040482848519978279
  49  -0.476147749109760120695498537306  -0.380738745548800603639492413088
  50   0.268590991352956967835413897993  -0.380738745548800603639492413088
  51   0.351217612186507878331020479749  -0.380738745548800603639492413088
  52   0.433844233020058788826627061504  -0.380738745548800603639492413088
  53   0.184865217558647163312416030637  -0.380738745548800603639492413087
  54  -0.310894507442658299630372950200  -0.380738745548800603637251983672
  55  -0.228267886609107389138951219045  -0.380738745548800603630593530458
  56  -0.393521128276209210129943171114  -0.380738745548800603629709848619
  57  -0.145641265775556478655117662430  -0.380738745548800603610945528740
  58   0.102238596725096252816809448881  -0.380738745548800603597443111626
  59  -0.063014644942005568171222986047  -0.380738745548800603591079010380
  60   0.019611975891545342312480626838  -0.380738745548800603570501173499
  61   0.476147749109760120727898482618  -0.358690343870398221395028862582
  62   0.226728104455802065573914964315  -0.357864782386291732170052642811
  63   0.309904301769732423083217188871  -0.356886494658560724367390895705
  64   0.392530922603283333578823770627  -0.356886494658560724367390895705
  65  -0.352207817859433754885338066627  -0.356886494658560724352068909914
  66   0.143551907141871708076751327518  -0.356886494658560724346366244974
  67  -0.434834438692984665386415889099  -0.356886494658560724342371142645
  68  -0.269581197025882844396586533728  -0.356886494658560724340872527653
  69  -0.186954576192331933912264139132  -0.356886494658560724321917662820
  70  -0.104327955358781023419672851582  -0.356886494658560724317438496040
  71   0.060925286308320797563700265187  -0.356886494658560724304316943513
  72  -0.021701334525230112935647105866  -0.356886494658560724297798996424
  73  -0.476147749109760120695156713404  -0.333034243768320845095289378323
  74   0.268590991352956967835413897993  -0.333034243768320845095289378323
  75   0.351217612186507878331020479749  -0.333034243768320845095289378323
  76   0.433844233020058788826627061504  -0.333034243768320845095289378323
  77   0.184865217558647163336693206154  -0.333034243768320845095289378321
  78  -0.393521128276209210144197986653  -0.333034243768320845060595448714
  79   0.102238596725096252823642143823  -0.333034243768320845053240076861
  80  -0.310894507442658299653970332308  -0.333034243768320845051500173517
  81  -0.145641265775556478669602228712  -0.333034243768320845040911013261
  82  -0.228267886609107389170454185020  -0.333034243768320845031235837383
  83   0.019611975891545342312463057995  -0.333034243768320845026228998640
  84  -0.063014644942005568186063691226  -0.333034243768320845020752023423
  85   0.476147749109760120727898482618  -0.310985842089918462850825827817
  86   0.226728104455802065586053552074  -0.310160280605811973603634116886
  87   0.309904301769732423083217188871  -0.309181992878080965823187860941
  88   0.392530922603283333578823770627  -0.309181992878080965823187860941
  89   0.143551907141871708083584022460  -0.309181992878080965802163210208
  90  -0.434834438692984665396730274149  -0.309181992878080965780243215881
  91  -0.352207817859433754910938507982  -0.309181992878080965763303309650
  92   0.060925286308320797563722614396  -0.309181992878080965760113908748
  93  -0.186954576192331933924746285034  -0.309181992878080965755504996512
  94  -0.021701334525230112936456923390  -0.309181992878080965751774219761
  95  -0.269581197025882844423075436188  -0.309181992878080965750112457339
  96  -0.104327955358781023436719702640  -0.309181992878080965742965973144
  97  -0.476147749109760120712794281699  -0.285329741987841086551086343558
  98   0.268590991352956967835413897993  -0.285329741987841086551086343558
  99   0.351217612186507878331020479749  -0.285329741987841086551086343558
 100   0.433844233020058788826627061504  -0.285329741987841086551086343558
 101   0.184865217558647163343525901096  -0.285329741987841086551086343555
 102   0.102238596725096252823664493032  -0.285329741987841086509037042095
 103  -0.393521128276209210163670689038  -0.285329741987841086482604851016
 104   0.019611975891545342312083399531  -0.285329741987841086480949279324
 105  -0.228267886609107389177913550132  -0.285329741987841086473435892599
 106  -0.063014644942005568187592797963  -0.285329741987841086473157022111
 107  -0.310894507442658299675650105428  -0.285329741987841086469525369839
 108  -0.145641265775556478687313309870  -0.285329741987841086465441565420
 109   0.476147749109760120727898482618  -0.263281340309438704306622793052
 110   0.226728104455802065589469899545  -0.262455778825332215053178638381
 111   0.309904301769732423083217188871  -0.261477491097601207278984826176
 112   0.392530922603283333578823770627  -0.261477491097601207278984826176
 113   0.143551907141871708083606371669  -0.261477491097601207257960175443
 114   0.060925286308320797563964580047  -0.261477491097601207215910873982
 115  -0.434834438692984665414216358373  -0.261477491097601207205693394249
 116  -0.021701334525230112937986472061  -0.261477491097601207204178452998
 117  -0.104327955358781023438476702810  -0.261477491097601207195129804164
 118  -0.269581197025882844430492062385  -0.261477491097601207192842148805
 119  -0.352207817859433754928133382322  -0.261477491097601207189258025857
 120  -0.186954576192331933937514258684  -0.261477491097601207188510272023
 121  -0.476147749109760120721226518639  -0.237625240207361328006883308793
 122   0.268590991352956967835413897993  -0.237625240207361328006883308793
 123   0.351217612186507878331020479749  -0.237625240207361328006883308793
 124   0.433844233020058788826627061504  -0.237625240207361328006883308793
 125   0.184865217558647163343131318996  -0.237625240207361328006161162579
 126   0.102238596725096252823906458683  -0.237625240207361327964834007330
 127   0.019611975891545342310156053478  -0.237625240207361327932664507284
 128  -0.063014644942005568190125480453  -0.237625240207361327923977331943
 129  -0.145641265775556478690142113911  -0.237625240207361327915661987680
 130  -0.228267886609107389186077797512  -0.237625240207361327914870666193
 131  -0.310894507442658299682044164805  -0.237625240207361327914187646323
 132  -0.393521128276209210177815181187  -0.237625240207361327913842836635
 133   0.476147749109760120727898482618  -0.215576838528958945762419758287
 134   0.226728104455802065589469899545  -0.214751277044852456508975603617
 135   0.309904301769732423083217188871  -0.213772989317121448734781791411
 136   0.392530922603283333578823770627  -0.213772989317121448734781791411
 137   0.143551907141871708083848337319  -0.213772989317121448713757140677
 138   0.060925286308320797564393826107  -0.213772989317121448671707839216
 139  -0.104327955358781023442444413098  -0.213772989317121448643377582940
 140  -0.186954576192331933938384373132  -0.213772989317121448642578854451
 141  -0.269581197025882844434360865674  -0.213772989317121448641878297137
 142  -0.434834438692984665425600494758  -0.213772989317121448641710181642
 143  -0.352207817859433754930312358521  -0.213772989317121448641220893042
 144  -0.021701334525230112950159046259  -0.213772989317121448638301980612
 145  -0.476147749109760120727138704591  -0.189920738426881569462680274028
 146   0.268590991352956967835413897993  -0.189920738426881569462680274029
 147   0.433844233020058788826627061505  -0.189920738426881569462680274029
 148   0.351217612186507878331020479749  -0.189920738426881569462680274028
 149   0.184865217558647163338859341674  -0.189920738426881569454139749242
 150   0.102238596725096252824335704744  -0.189920738426881569420630972564
 151   0.019611975891545342305574394144  -0.189920738426881569379935885119
 152  -0.145641265775556478690686394474  -0.189920738426881569370294930951
 153  -0.228267886609107389186667181814  -0.189920738426881569369586934829
 154  -0.310894507442658299682588482337  -0.189920738426881569368981825373
 155  -0.393521128276209210178177092893  -0.189920738426881569368950677187
 156  -0.063014644942005568209006352888  -0.189920738426881569346394756178
 157   0.476147749109760120727898482618  -0.167872336748479187218216723522
 158   0.226728104455802065589469899545  -0.167046775264372697964772568852
 159   0.309904301769732423083217188871  -0.166068487536641690190578756646
 160   0.392530922603283333578823770627  -0.166068487536641690190578756646
 161   0.143551907141871708084277581566  -0.166068487536641690169554102769
 162   0.060925286308320797564403843622  -0.166068487536641690126932234644
 163  -0.186954576192331933938970090882  -0.166068487536641690097301473742
 164  -0.269581197025882844434785195305  -0.166068487536641690096880301328
 165  -0.352207817859433754930373802014  -0.166068487536641690096849159804
 166  -0.434834438692984665425965174333  -0.166068487536641690096822816285
 167  -0.021701334525230112962859073879  -0.166068487536641690071424942100
 168  -0.104327955358781023467922937982  -0.166068487536641690054823148200
 169  -0.476147749109760120727898482617  -0.142216236646401810918477239263
 170   0.268590991352956967835413897993  -0.142216236646401810918477239264
 171   0.433844233020058788826627061505  -0.142216236646401810918477239264
 172   0.351217612186507878331020479749  -0.142216236646401810918477239263
 173   0.184865217558647163331280871638  -0.142216236646401810896066943345
 174   0.102238596725096252824326099225  -0.142216236646401810875821379900
 175   0.019611975891545342300942255818  -0.142216236646401810827032840774
 176  -0.228267886609107389186981906686  -0.142216236646401810824778780031
 177  -0.310894507442658299682570511135  -0.142216236646401810824747642421
 178  -0.393521128276209210178161883454  -0.142216236646401810824721298902
 179  -0.145641265775556478726836268248  -0.142216236646401810763418625082
 180  -0.063014644942005568258315340933  -0.142216236646401810716564748476
 181   0.476147749109760120727898482618  -0.120167834967999428674013688758
 182   0.226728104455802065589469899545  -0.119342273483892939420569534087
 183   0.309904301769732423083217188871  -0.118363985756161931646375721881
 184   0.392530922603283333578823770626  -0.118363985756161931646375721881
 185   0.143551907141871708083647876184  -0.118363985756161931623670465637
 186   0.060925286308320797562481383458  -0.118363985756161931578722490549
 187  -0.269581197025882844434767220257  -0.118363985756161931552646125038
 188  -0.352207817859433754930358592576  -0.118363985756161931552619781519
 189  -0.434834438692984665425965173779  -0.118363985756161931552619780561
 190  -0.021701334525230112975418690653  -0.118363985756161931505246712586
 191  -0.186954576192331933982475853839  -0.118363985756161931477684246549
 192  -0.104327955358781023530312790881  -0.118363985756161931402497865296
 193  -0.476147749109760120727898482617  -0.094511734865922052374274204499
 194   0.268590991352956967835413897993  -0.094511734865922052374274204499
 195   0.351217612186507878331020479749  -0.094511734865922052374274204499
 196   0.433844233020058788826627061505  -0.094511734865922052374274204499
 197   0.184865217558647163325267636429  -0.094511734865922052340858759029
 198   0.102238596725096252824215344895  -0.094511734865922052330749602357
 199  -0.310894507442658299682555301697  -0.094511734865922052280518264136
 200  -0.393521128276209210178161882900  -0.094511734865922052280518263177
 201   0.019611975891545342291721229257  -0.094511734865922052266637219135
 202  -0.228267886609107389234958559879  -0.094511734865922052197415469139
 203  -0.145641265775556478795097165558  -0.094511734865922052100924247442
 204  -0.063014644942005568301700515017  -0.094511734865922052097156534861
 205   0.476147749109760120727898482618  -0.072463333187519670129810653993
 206   0.226728104455802065589469899545  -0.071637771703413180876366499322
 207   0.309904301769732423083217188871  -0.070659483975682173102172687116
 208   0.392530922603283333578823770626  -0.070659483975682173102172687116
 209   0.143551907141871708077659752825  -0.070659483975682173068418786321
 210   0.060925286308320797557491266583  -0.070659483975682173025655019446
 211  -0.434834438692984665425965173779  -0.070659483975682173008416745795
 212  -0.352207817859433754930358592022  -0.070659483975682173008416745794
 213  -0.021701334525230112988480924959  -0.070659483975682172938359371301
 214  -0.269581197025882844487169427262  -0.070659483975682172917627118273
 215  -0.186954576192331934052883143901  -0.070659483975682172811469932954
 216  -0.104327955358781023584018375145  -0.070659483975682172765214029372
 217  -0.476147749109760120727898482617  -0.046807233085442293830071169734
 218   0.268590991352956967835413897993  -0.046807233085442293830071169734
 219   0.351217612186507878331020479749  -0.046807233085442293830071169734
 220   0.433844233020058788826627061505  -0.046807233085442293830071169734
 221   0.184865217558647163318367686494  -0.046807233085442293784027749755
 222   0.102238596725096252822848954905  -0.046807233085442293783958610333
 223  -0.393521128276209210178161882901  -0.046807233085442293736315228412
 224   0.019611975891545342278901495752  -0.046807233085442293700169901558
 225  -0.310894507442658299739033670002  -0.046807233085442293638491824020
 226  -0.228267886609107389310097208297  -0.046807233085442293523015790661
 227  -0.063014644942005568329073768145  -0.046807233085442293505481634346
 228  -0.145641265775556478847599639429  -0.046807233085442293465721985190
 229   0.476147749109760120727898482618  -0.024758831407039911585607619228
 230   0.226728104455802065589469899545  -0.023933269922933422332163464557
 231   0.309904301769732423083217188871  -0.022954982195202414557969652351
 232   0.392530922603283333578823770627  -0.022954982195202414557969652351
 233   0.143551907141871708070628279531  -0.022954982195202414511815582185
 234   0.060925286308320797552243389407  -0.022954982195202414472302541741
 235  -0.434834438692984665425965173779  -0.022954982195202414464213711029
 236  -0.352207817859433754990891648725  -0.022954982195202414359367381283
 237  -0.021701334525230113008672933314  -0.022954982195202414359122751595
 238  -0.269581197025882844562840284495  -0.022954982195202414242358312210
 239  -0.186954576192331934104810293615  -0.022954982195202414177273749553
 240  -0.104327955358781023690961167915  -0.022954982195202414035718368806
 241  -0.476147749109760120727898482618   0.000897268695037464714131865031
 242   0.268590991352956967835413897993   0.000897268695037464714131865031
 243   0.351217612186507878331020479749   0.000897268695037464714131865031
 244   0.433844233020058788826627061505   0.000897268695037464714131865031
 245   0.184865217558647163316111906513   0.000897268695037464764303710922
 246   0.102238596725096252818644328160   0.000897268695037464767586904621
 247   0.019611975891545342265660528588   0.000897268695037464867027161640
 248  -0.393521128276209210242064022327   0.000897268695037464918569558553
 249  -0.310894507442658299814702954813   0.000897268695037465036774256609
 250  -0.063014644942005568348294135320   0.000897268695037465072074328126
 251  -0.228267886609107389361954579738   0.000897268695037465111006848104
 252  -0.145641265775556478965455974433   0.000897268695037465282666896834
 253   0.476147749109760120727898482618   0.022945670373439846958595415537
 254   0.226728104455802065589469899545   0.023771231857546336212039570208
 255   0.309904301769732423083217188871   0.024749519585277343986233382414
 256   0.392530922603283333578823770626   0.024749519585277343986233382414
 257   0.143551907141871708065505070314   0.024749519585277344041320964282
 258   0.060925286308320797544676818066   0.024749519585277344085066179590
 259  -0.021701334525230113028110101913   0.024749519585277344218808721958
 260  -0.434834438692984665614945349754   0.024749519585277344219800707503
 261  -0.352207817859433755066970235128   0.024749519585277344316607630501
 262  -0.269581197025882844613905818922   0.024749519585277344390292822700
 263  -0.104327955358781023710801676384   0.024749519585277344542902121714
 264  -0.186954576192331934234355795978   0.024749519585277344591308679113
 265   0.268590991352956967835413897993   0.048601770475517223258334899796
 266   0.351217612186507878331020479749   0.048601770475517223258334899796
 267   0.433844233020058788826627061505   0.048601770475517223258334899796
 268   0.184865217558647163315501806809   0.048601770475517223309623322412
 269   0.102238596725096252813326065050   0.048601770475517223321061441864
 270   0.019611975891545342251723483469   0.048601770475517223435432141879
 271  -0.393521128276209210397691459880   0.048601770475517223544815339566
 272  -0.063014644942005568368365503214   0.048601770475517223651094678899
 273  -0.310894507442658299866250471902   0.048601770475517223670260209977
 274  -0.476147749109760120722061421157   0.048601770475517223841397643705
 275  -0.228267886609107389499980909652   0.048601770475517223894278499063
 276  -0.145641265775556479123866093770   0.048601770475517224101244308642
 277   0.476147749109760120727898482618   0.070650172153919605502798450302
 278   0.226728104455802065589469899545   0.071475733638026094756242604973
 279   0.309904301769732423083217188871   0.072454021365757102530436417178
 280   0.392530922603283333578823770626   0.072454021365757102530436417178
 281   0.143551907141871708059201783198   0.072454021365757102596501613150
 282   0.060925286308320797537271359755   0.072454021365757102642158119622
 283  -0.021701334525230113048540761596   0.072454021365757102798451384366
 284  -0.352207817859433755258835636948   0.072454021365757103005619406786
 285  -0.104327955358781023730791323847   0.072454021365757103121728243429
 286  -0.434834438692984665495663129737   0.072454021365757103174949021040
 287  -0.269581197025882844762219395947   0.072454021365757103191382508326
 288  -0.186954576192331934473373041504   0.072454021365757103549501727016
 289   0.268590991352956967835413897992   0.096306272255996981802537934560
 290   0.433844233020058788826627061505   0.096306272255996981802537934560
 291   0.351217612186507878331020479749   0.096306272255996981802537934561
 292   0.184865217558647163314890203366   0.096306272255996981854945685978
 293   0.102238596725096252806687312255   0.096306272255996981876825408989
 294   0.019611975891545342237201437058   0.096306272255996982004840785896
 295  -0.063014644942005568388703786905   0.096306272255996982230524656274
 296  -0.310894507442658300084085614914   0.096306272255996982404252897465
 297  -0.476147749109760120722061421157   0.096306272255996982507473330861
 298  -0.393521128276209210353047258068   0.096306272255996982674795380792
 299  -0.145641265775556479179032244247   0.096306272255996982740997918892
 300  -0.228267886609107389805495313596   0.096306272255996982967648003903
 301   0.476147749109760120727898482618   0.118354673934399364047001485067
 302   0.226728104455802065589469899545   0.119180235418505853300445639738
 303   0.309904301769732423083217188871   0.120158523146236861074639451943
 304   0.392530922603283333578823770626   0.120158523146236861074639451943
 305   0.143551907141871708049473267829   0.120158523146236861157617206037
 306   0.060925286308320797528923167505   0.120158523146236861200873334556
 307  -0.021701334525230113069382369416   0.120158523146236861378753144704
 308  -0.104327955358781023750872529992   0.120158523146236861700712947513
 309  -0.434834438692984665585856054897   0.120158523146236861996216369542
 310  -0.352207817859433755161875667993   0.120158523146236862128984241451
 311  -0.186954576192331934541178344294   0.120158523146236862211146991235
 312  -0.269581197025882845468734790885   0.120158523146236862771794220802
 313   0.268590991352956967835413897992   0.144010774036476740346740969325
 314   0.433844233020058788826627061505   0.144010774036476740346740969325
 315   0.351217612186507878331020479749   0.144010774036476740346740969326
 316   0.184865217558647163314255413679   0.144010774036476740400310483953
 317   0.102238596725096252797145967716   0.144010774036476740437607224307
 318   0.019611975891545342222631346721   0.144010774036476740574279959314
 319  -0.063014644942005568409284517143   0.144010774036476740810374561469
 320  -0.145641265775556479201583701820   0.144010774036476741324261223958
 321  -0.393521128276209210415567991746   0.144010774036476741435686016617
 322  -0.476147749109760120719253627845   0.144010774036476741495599763697
 323  -0.228267886609107390191250884930   0.144010774036476741992487404871
 324  -0.310894507442658300575451635742   0.144010774036476742606812245707
 325   0.476147749109760120727898482618   0.166059175714879122591204519832
 326   0.226728104455802065589469899545   0.166884737198985611844648674502
 327   0.309904301769732423083217188871   0.167863024926716619618842486708
 328   0.392530922603283333578823770626   0.167863024926716619618842486708
 329   0.143551907141871708040903792265   0.167863024926716619716715694911
 330   0.060925286308320797520014986792   0.167863024926716619760505792836
 331  -0.021701334525230113090546256859   0.167863024926716619959613107806
 332  -0.104327955358781023770967195001   0.167863024926716620279720963036
 333  -0.434834438692984665548383210929   0.167863024926716620961808072527
 334  -0.186954576192331934898742443799   0.167863024926716621187157330654
 335  -0.269581197025882845275917412310   0.167863024926716621843705772355
 336  -0.352207817859433755833620335788   0.167863024926716621916106550258
 337   0.268590991352956967835413897992   0.191715275816956498890944004090
 338   0.433844233020058788826627061505   0.191715275816956498890944004090
 339   0.351217612186507878331020479749   0.191715275816956498890944004091
 340   0.184865217558647163313718359148   0.191715275816956498945496411491
 341   0.102238596725096252788927530884   0.191715275816956498996045011142
 342   0.019611975891545342207735483674   0.191715275816956499144283385699
 343  -0.063014644942005568429815514263   0.191715275816956499390138326375
 344  -0.145641265775556479585143353626   0.191715275816956500345297180733
 345  -0.476147749109760120714259435653   0.191715275816956500430984946483
 346  -0.228267886609107389987383386342   0.191715275816956501082229584970
 347  -0.310894507442658300555812228715   0.191715275816956501189510759506
 348  -0.393521128276209210966769993283   0.191715275816956501442331853493
 349   0.476147749109760120727898482618   0.213763677495358881135407554597
 350   0.226728104455802065589469899545   0.214589238979465370388851709267
 351   0.309904301769732423083217188871   0.215567526707196378163045521473
 352   0.392530922603283333578823770626   0.215567526707196378163045521473
 353   0.143551907141871708032664166542   0.215567526707196378275190181981
 354   0.060925286308320797511356340787   0.215567526707196378319706042407
 355  -0.021701334525230113111603699072   0.215567526707196378540288702361
 356  -0.104327955358781024149094480360   0.215567526707196379291347785119
 357  -0.186954576192331934697649833505   0.215567526707196380305050978492
 358  -0.269581197025882845262282633143   0.215567526707196380408470481922
 359  -0.352207817859433755688306715907   0.215567526707196380716320182254
 360  -0.434834438692984666132446226816   0.215567526707196380911669541902
 361   0.268590991352956967835413897992   0.239419777597436257435147038855
 362   0.433844233020058788826627061505   0.239419777597436257435147038855
 363   0.351217612186507878331020479749   0.239419777597436257435147038856
 364   0.184865217558647163313718339598   0.239419777597436257489699482035
 365   0.102238596725096252780758496485   0.239419777597436257554397228536
 366   0.019611975891545342191523854210   0.239419777597436257716565786368
 367  -0.063014644942005568814174805493   0.239419777597436258412559299260
 368  -0.145641265775556479242335765771   0.239419777597436259241081533083
 369  -0.228267886609107389983781430203   0.239419777597436259641414850012
 370  -0.310894507442658300382554814842   0.239419777597436259942546339217
 371  -0.393521128276209210854134506098   0.239419777597436260185607852859
 372  -0.476147749109760120695456665631   0.239419777597436261479705415320
 373   0.476147749109760120727898482618   0.261468179275838639679610589361
 374   0.226728104455802065589469899545   0.262293740759945128933054744032
 375   0.309904301769732423083217188871   0.263272028487676136707248556238
 376   0.392530922603283333578823770626   0.263272028487676136707248556238
 377   0.143551907141871708023006130632   0.263272028487676136836121425645
 378   0.060925286308320797501616802643   0.263272028487676136880778452079
 379  -0.021701334525230113501232668729   0.263272028487676137571837026021
 380  -0.104327955358781023909258778712   0.263272028487676138383104143657
 381  -0.186954576192331934714420135988   0.263272028487676138878548795075
 382  -0.269581197025882845086431837897   0.263272028487676139185870212270
 383  -0.352207817859433755548166073388   0.263272028487676139411973225796
 384  -0.434834438692984665391271830618   0.263272028487676140785429215487
 385   0.268590991352956967835413897992   0.287124279377916015979350073620
 386   0.351217612186507878331020479749   0.287124279377916015979350073620
 387   0.433844233020058788826627061505   0.287124279377916015979350073620
 388   0.184865217558647163313718339598   0.287124279377916016033902516801
 389   0.102238596725096252770609023778   0.287124279377916016116179665698
 390   0.019611975891545341798991360051   0.287124279377916016753143161987
 391  -0.063014644942005568573916298787   0.287124279377916017506988768600
 392  -0.145641265775556479257795172198   0.287124279377916017789721715880
 393  -0.228267886609107389799402330386   0.287124279377916018440866628597
 394  -0.310894507442658300252177258433   0.287124279377916018655265030943
 395  -0.393521128276209210060591820034   0.287124279377916020012871955241
 396  -0.476147749109760120695359983909   0.287124279377916020091173609594
 397   0.476147749109760120727898482618   0.309172681056318398223813624126
 398   0.226728104455802065589469899545   0.309998242540424887477257778797
 399   0.309904301769732423083217188871   0.310976530268155895251451591003
 400   0.392530922603283333578823770626   0.310976530268155895251451591003
 401   0.143551907141871708012084958241   0.310976530268155895399240485869
 402   0.060925286308320797252399889022   0.310976530268155895669125960690
 403  -0.021701334525230113273858981026   0.310976530268155896689376216420
 404  -0.104327955358781023932439290228   0.310976530268155896927498205234
 405  -0.186954576192331934568410772060   0.310976530268155897780162956293
 406  -0.269581197025882844961760072960   0.310976530268155897908518193042
 407  -0.434834438692984665390840446893   0.310976530268155899395723783355
 408  -0.352207817859433753542152943886   0.310976530268155901373402492354
 409   0.268590991352956967835413897992   0.334828781158395774523553108385
 410   0.351217612186507878331020479749   0.334828781158395774523553108385
 411   0.433844233020058788826627061505   0.334828781158395774523553108385
 412   0.184865217558647163313718339597   0.334828781158395774578105551568
 413   0.102238596725096252515254289237   0.334828781158395774915158191991
 414   0.019611975891545342279923369374   0.334828781158395775431506456660
 415  -0.063014644942005568598952647220   0.334828781158395776051191803366
 416  -0.145641265775556479003707499759   0.334828781158395776505749406104
 417  -0.393521128276209210032346925194   0.334828781158395778607082864056
 418  -0.476147749109760120695156713404   0.334828781158395778700712471832
 419  -0.228267886609107390725215052331   0.334828781158395778986882698724
 420  -0.310894507442658297176572248508   0.334828781158395782488973741117
 421   0.476147749109760120727898482618   0.356877182836798156768016658891
 422   0.226728104455802065589469899545   0.357702744320904646021460813562
 423   0.309904301769732423083217188871   0.358681032048635653795654625768
 424   0.392530922603283333578823770626   0.358681032048635653795654625768
 425   0.143551907141871707771587997051   0.358681032048635654172484593831
 426   0.060925286308320797515330368330   0.358681032048635654726293754027
 427  -0.021701334525230113299352914129   0.358681032048635655233579251186
 428  -0.104327955358781023669953228967   0.358681032048635655629524595881
 429  -0.186954576192331934362896159053   0.358681032048635656383403221017
 430  -0.434834438692984665378622252027   0.358681032048635658026605036326
 431  -0.352207817859433753509369838017   0.358681032048635659978775153705
 432  -0.269581197025283866914776141337   0.358681032049673120475494597840
 433   0.268590991352956967835413897992   0.382533282938875533067756143149
 434   0.351217612186507878331020479749   0.382533282938875533067756143150
 435   0.433844233020058788826627061505   0.382533282938875533067756143150
 436   0.184865217558647163205458303667   0.382533282938875533122308586342
 437   0.102238596725096252803330116550   0.382533282938875533928772965009
 438   0.019611975891545342254429436270   0.382533282938875533975709491425
 439  -0.063014644942005568370353495876   0.382533282938875534811912043700
 440  -0.145641265775556478790663685426   0.382533282938875535123067074646
 441  -0.393521128276209210007431952250   0.382533282938875537215710278569
 442  -0.476147749109760120695165064814   0.382533282938875537310389611803
 443  -0.310894507442658299247920249558   0.382533282938875541090106764656
 444  -0.228267886608508410533531613754   0.382533282939912997904795269189
 445   0.476147749109760120727898482618   0.404581684617277915312219693656
 446   0.226728104455802065481209863620   0.405407246101384404565663848327
 447   0.309921624225613784037526910612   0.406529167180436265948049913338
 448   0.143895924466173279647637686850   0.406975300286569339007765338910
 449   0.393597999008868200357724363978   0.408145001702759427642377902084
 450   0.059858209902735924377303494707   0.408145001702759438522475486563
 451  -0.266272923527370431376150869285   0.411366192243688280472022060886
 452  -0.354173874323926682333280585095   0.411824999516648104256966004768
 453  -0.027423758402440571084632710919   0.414298173706067030790114146114
 454  -0.179119225326615098371576838370   0.416517775202575455060080763378
 455  -0.444525895817232705189130918980   0.418251315981999139730062372453
 456  -0.119786375652667006401375069259   0.422623732510526747231725735338
 457  -0.072598625201616326091483623647   0.429626281867236971092849576758
 458  -0.398290447720354237798791955731   0.429998776533312081560493544760
 459   0.435901515098569536921932213804   0.430193403381161817214175959867
 460   0.017554693813034591027105765357   0.430193403381161817986933561509
 461   0.267468981088341637245083885109   0.430224588048820828932395245684
 462   0.185987227823262493751205438458   0.430224588048820828987996568682
 463  -0.310088893280386132717350451833   0.430230981792649849503347938739
 464   0.351317589151112989230028779214   0.430237679955611262912265599963
 465   0.102138619760491140741518009727   0.430237679955611263770845464176
 466  -0.223831300316996666237282737843   0.433147562939593975733411085259
 467  -0.476147749109760120714147936613   0.453969349025122742089938529723
 468  -0.153264335203725623231376919975   0.456608224774226665393867516639
 469   0.230685334659748948514788994582   0.460616811086477107835736478588
 470   0.475826274330460501511886000000   0.460642825012845626226018000000
 471  -0.015841421580461890721754030383   0.464258326201389427964707455960
 472  -0.339200172300956606726813981582   0.468023215438073479645238865785
 473   0.327888701932083484466807795880   0.471792544096909960840694141893
 474   0.125567506979520646293840290139   0.471792544096909961254373856011
 475  -0.244488102589967760424617411992   0.476147749108603432675705618897
 476  -0.433912242011945453036837838279   0.476147749109760120714147936613
 477  -0.386207740231465694486626869688   0.476147749109760120717862697769
 478  -0.292192604370447518968806423687   0.476147749109760120726953445150
 479  -0.196783600809488001880428400298   0.476147749109760120727898482617
 480  -0.109745069597963244582325439652   0.476147749109760120727898482618
 481  -0.062040567817483486038122404888   0.476147749109760120727898482618
 482   0.030357724656559704594614344121   0.476147749109760120727898482618
 483   0.078062226437039463138817378886   0.476147749109760120727898482618
 484   0.173072787522001829448863201391   0.476147749109760120727898482618
 485   0.280383421389602301349710351946   0.476147749109760120727898482618
 486   0.375393982474564667583905239814   0.476147749109760120727898482618
 487   0.423098484255044426128108274579   0.476147749109760120727898482618
