   1  -0.043404868247622460987643185689  -0.475046846569334778719678801634
   2   0.043186837757642461444912399433  -0.475046846569334778719678801634
   3   0.129630581896503689329581707701  -0.475046846569334778719678801634
   4   0.216071546107401446173928877458  -0.475046846569334778719678801634
   5   0.302510408265257968402261474567  -0.475046846569334778719678801634
   6   0.388936167416549047133160789527  -0.475046846569334778719678801634
   7  -0.328555908069067431340800441787  -0.475046830797453661991078997609
   8  -0.473902021845951516325063485480  -0.475046829064462968863245264336
   9  -0.228764773733913315784946010318  -0.475046827907255083350316660840
  10  -0.378462260773257419968899664169  -0.475046819138220818867333980148
  11  -0.132966650805875293614994714630  -0.475046801404823768876502455446
  12   0.475043406807610750646290278497  -0.475043406810262727582516076283
  13  -0.278660340812484032838671836670  -0.474008804158635799403322371320
  14  -0.180865707209241335343342974868  -0.461035237529655594481958789270
  15  -0.426235959778618104483717531485  -0.460262108177811798268930452345
  16  -0.088082536082468647145589351363  -0.452808425197066038649814801865
  17  -0.000107676645492809249920232022  -0.450222977267108934852575169688
  18   0.086409389605862431074894207167  -0.450095533948298372166580685753
  19   0.172851137787903520996707635128  -0.450094175986145640960685998354
  20   0.259290977186329707288095176013  -0.450092483388699454552565426868
  21   0.345723289575003231656086138035  -0.450081137022259681166025330034
  22   0.431969965387373486830877758061  -0.449773704763387019876578376878
  23  -0.304510760375824852477345830097  -0.431314937572737622239486263300
  24  -0.216950124778826389435326262378  -0.426559043480842872666495003110
  25  -0.389580273340575798145468739031  -0.426394655553302629224827272869
  26  -0.129683680624880607730639938779  -0.425240529004599109283613175669
  27  -0.475045837233217816350755463268  -0.425151533172264860299189167764
  28  -0.043253039968035518110974469344  -0.425140770659574094770637538671
  29   0.043190322828831276807147322229  -0.425140539829689569647323699018
  30   0.129631287009770270388451009188  -0.425140539712985517396458961055
  31   0.216070539158038635161346020707  -0.425139761229066946216440121458
  32   0.302503856762500869563057185226  -0.425126776844068933328098385090
  33   0.388708042028968503172010334407  -0.424724668005288793437887645309
  34   0.475046846569334778719678801634  -0.424574066429227000799901727220
  35  -0.262053948908151587454548540356  -0.405084000415618178942960319180
  36  -0.345544941382988628780484873029  -0.402909958728733724913264912380
  37  -0.173682722520404411898169206150  -0.401687828682840490097851333356
  38  -0.086494433114877933567195541527  -0.400224483150045557549615547644
  39  -0.000030962642451975664637088885  -0.400189388618831236883540982974
  40   0.086410864451691959751644865832  -0.400187893792393578936564251681
  41   0.172850688296348447892541562948  -0.400186124933892768973788782054
  42   0.259283291626009143161805890716  -0.400173834675478217473689625222
  43  -0.431936477983135615264311105696  -0.400001572532693152402955086087
  44   0.345459344454789096904079056323  -0.399720762956507731923625313252
  45   0.431833765646152079374346289015  -0.399608708397271170788476638377
  46  -0.216885502715395058728558938917  -0.376652721496261864087199069286
  47  -0.303105803385856352651859622173  -0.376650423573604271127545761802
  48  -0.387915587849078195794786625801  -0.376424639821742809334834475751
  49  -0.129699040904751369737571716689  -0.375244464529946700503159371364
  50  -0.043250069483620057988571239200  -0.375234463886647084814458959787
  51   0.043191027845512436108881495809  -0.375234232973338943787191450746
  52   0.129630248028419968925275541213  -0.375233447892082365420647459456
  53   0.216063440812468301609366380605  -0.375220198463644258271890644295
  54  -0.475046820062788445846651632788  -0.374859140957465738426236326913
  55   0.302220750489651719136148293388  -0.374737363008395937225649760412
  56   0.388614109281010351882632191603  -0.374654735402648808073906800578
  57   0.475046844181474536097764767851  -0.374643333785274804916399725663
  58  -0.173684801590607194019300626423  -0.351665211154320844468787209991
  59  -0.259995368702767828261137661616  -0.351508189649557376741141557226
  60  -0.086474335126541518215663168523  -0.350288475748923667434026681116
  61  -0.000029512855306622277089678478  -0.350281791688644549653183449388
  62   0.086410411201554638741659162379  -0.350279787139765715693475321283
  63   0.172843006989760285340102399155  -0.350267530808246333075480773134
  64  -0.345434272845136932232249174147  -0.350212884077192618030762547913
  65  -0.431717643595556250979789222256  -0.350095692088325003918551529328
  66   0.259000855684266736985406059028  -0.349783652537274055435714780694
  67   0.345393525640550583464879631295  -0.349702368494571742033944136208
  68   0.431827180334340645402451546353  -0.349689360286758690820238661295
  69  -0.216794674910961165495542374962  -0.326521315641301013693952077993
  70  -0.129696101593774747848707387945  -0.325338157755173945418650880891
  71  -0.043249364461283920198515626328  -0.325328156849315438586460729363
  72   0.043189826273493989087636150629  -0.325327268749888702277811101458
  73   0.129623169743031703242397300853  -0.325313871098625166064687715518
  74  -0.388541890571711158547759278007  -0.325065769297648208031941988838
  75  -0.475046830786305356582605889776  -0.324952798185772900281798338496
  76  -0.302227620956334410377510302741  -0.324917244237411963413943019782
  77   0.215780303182267749273339477707  -0.324830784549847597975217988618
  78   0.302173674362763226566046576935  -0.324748733086815609192973984794
  79   0.388606578476664125696034489275  -0.324736938942582807855465760322
  80   0.475046846569334778719678801634  -0.324735404386481355315661816824
  81  -0.173576465975956937115331950971  -0.301564793021327054027840305290
  82  -0.086473627385296195949610462578  -0.300382164000500305515487615714
  83  -0.000030025538228202908383330568  -0.300373634061024754061218906342
  84   0.086402423996086798587058614893  -0.300361065463355754125508992313
  85  -0.431761816966785516346697178422  -0.300112195924726433860485850899
  86  -0.345427857723024506131225741075  -0.299929595132602164727721364170
  87  -0.258999775282009028444424000464  -0.299887270022647178626158360030
  88   0.172560344696083798093497542231  -0.299876920188811430189472772312
  89   0.258953251219339999719619723860  -0.299796088180098327015936628696
  90   0.345386720656846247883947133150  -0.299783314726696635139740066080
  91   0.431826269610606722989224933478  -0.299783025904822667999995800147
  92  -0.129695396676539857985084665535  -0.275431850898821914799511830728
  93  -0.043251047097106090483729583731  -0.275421693740088002997208505293
  94   0.043182569619021921665873375824  -0.275407435225141044581288584429
  95  -0.475046820158198868662539793326  -0.275046413919109829658332989066
  96  -0.388647830256060293091519229477  -0.274976026649157258170827731732
  97  -0.302226060289011537677599444332  -0.274944638429807522707450869555
  98  -0.215779086618926066506987276065  -0.274926831597329635788229779340
  99   0.129339776308027808163018754617  -0.274924410465285023696360650561
 100   0.215733412690937614948185767982  -0.274842430690341383722158318779
 101   0.302166288442003391162626561161  -0.274830633919345181753086135263
 102   0.388606411797286042694446844584  -0.274829401816654205079468570294
 103   0.475046846569334778719678801634  -0.274829097525150912755019420093
 104  -0.086475232340516003417251766877  -0.250475550146469985161884100530
 105  -0.000038560294535290500286300314  -0.250455071818057736406872235667
 106  -0.431867666934693437722484677290  -0.250022301387646684527382340668
 107  -0.345445989750519031999687533813  -0.249991073782116701669022274142
 108  -0.259003428646266716439589344601  -0.249980928821853773614191802780
 109   0.086119919802724268978251197774  -0.249970780104245254708854077340
 110  -0.172588905946328581812901336062  -0.249921336849516149604955858707
 111   0.172512878390929758313067074826  -0.249889978318698183187599859198
 112   0.258946443806014445123386068433  -0.249876986444650906999773608278
 113   0.345385994535924012749627589986  -0.249876746721634014096149970343
 114   0.431826541363576149821314414524  -0.249876248339970644609742169446
 115  -0.043262554165219886026618052225  -0.225508612782669597249249863352
 116  -0.388665891634807492647453883851  -0.225037354551703539789190802151
 117  -0.302227258103082175853655183483  -0.225034123734506296074965580540
 118   0.042898940817768784793344310898  -0.225018671468004973763848930271
 119  -0.475046730672307934120378643382  -0.224997255175140661299208277107
 120  -0.215813222326667507051050641697  -0.224975436625438404746542215154
 121  -0.129369681400129405427477484796  -0.224966615970241771212961138048
 122   0.129293022629963319439670179054  -0.224936350675837633883583734229
 123   0.215725905065169125483080589241  -0.224924448307777711741675389019
 124   0.302166149966626647117001520935  -0.224923099694735220111153275594
 125   0.388606411801724631866676371170  -0.224923094928146187916498610714
 126   0.475046846569334778719615091651  -0.224922790663820470194377023362
 127  -0.345447549179577448179632291552  -0.200081106036356961345261954044
 128  -0.000325202140393769188536416575  -0.200071960769610988489392678372
 129  -0.259037024501194085569522972998  -0.200028645446718255943764408609
 130  -0.172590451461884041852850260908  -0.200014402301726820723982416810
 131  -0.431844200709792864957076274488  -0.200011289892892415926724371394
 132  -0.086157261652507375647009257624  -0.200000113530120054375539336730
 133   0.086072063365897115044145072312  -0.199984276049270149414147768923
 134   0.172506025559929688461601510288  -0.199970857066132950946363075842
 135   0.258945638145654251931519906120  -0.199970608025449331381913818169
 136   0.345386279726424416386307659377  -0.199969945869743088281201788371
 137   0.431826541301764065587670637283  -0.199969941409260061007307516841
 138  -0.302257451730949147344284205540  -0.175076007617928987725907089837
 139  -0.215814840524788617533181090988  -0.175068581185199377879941426122
 140  -0.388624156660570621711992169944  -0.175052721530569890249704715482
 141  -0.129377901603579692269022163688  -0.175047844159238182917988427349
 142   0.042847862756735254378314106944  -0.175037465928980317143187021034
 143  -0.475046748096822753395388852157  -0.175027523425323880274095490248
 144   0.129285079609533957196579483202  -0.175018795818634234191807874620
 145   0.215725759974826158416840118899  -0.175017019195493066748259712742
 146   0.302166149947785873374162704187  -0.175016792833404777554067290643
 147   0.388606411731163718066398727865  -0.175016788012332138715301241452
 148   0.475046846553335860001763921067  -0.175016483802490027636299086077
 149  -0.043219949267328428386978360758  -0.174563394605014234196040671487
 150  -0.259038080938779009126798356801  -0.150120804593088672564819848390
 151  -0.172602274854609575913532531229  -0.150102042476531525587450037473
 152   0.086061075319790072770861995184  -0.150072314769207508303987889476
 153  -0.431827557892495549572222732771  -0.150070602391842793059832141775
 154   0.172505249925152454231613993487  -0.150064524794790248121638145077
 155   0.258945889730900468330577412932  -0.150063865724105741059869159946
 156   0.345386279656351978881440825045  -0.150063638953082973120416776065
 157   0.431826541298223555690196592083  -0.150063634526484437249186669695
 158  -0.345433910372844092861562799382  -0.150047366350732454472611917489
 159  -0.086440658330714775608545298839  -0.149611008572552199290763894799
 160  -0.000046854707292934077199921052  -0.149528950919413557021982625221
 161  -0.215825377088592749389266345060  -0.125154038592294277710144848479
 162  -0.475046846569334778719678801634  -0.125115947878237894689438460746
 163   0.129284560201823629682096706583  -0.125112341623866884736964797352
 164   0.215725760156415752769426248655  -0.125110712334162624517984185961
 165   0.302166149845768835159531447998  -0.125110485972074335097695042723
 166   0.388606411737518461764128578304  -0.125110481112674315889548343296
 167   0.475046846569334778719678801634  -0.125110176941159585078221148792
 168  -0.302214752316910218681606648037  -0.125092530316939643467122354969
 169  -0.388637315352857788603214646486  -0.125065267506355791426423891093
 170  -0.129665135806501834945671981455  -0.124665030959831308375130905861
 171  -0.043267610066234164517544113692  -0.124576485048224725012299106350
 172   0.043166356841180285393024784383  -0.124563818990978274136092431269
 173   0.172505250871622494168985374921  -0.100158216633323845795811132365
 174   0.258945889628791088595297413304  -0.100157558640435193283025219400
 175   0.345386279685536382037118403418  -0.100157332013883010999529225568
 176   0.431826541512265548930747062912  -0.100157327498437538097960925145
 177  -0.259002267014578704516414055696  -0.100126141340296247514816295607
 178  -0.431856731913516056017272843407  -0.100110879180981516522089335058
 179  -0.345418164744888314728635692460  -0.100110418573474433153348264288
 180  -0.172888329852679216090768621751  -0.099716872099184082654932446154
 181  -0.086492233276992600130238045059  -0.099630256111337601120198597619
 182  -0.000054312550955874951898543114  -0.099611501923990068038301456721
 183   0.086386146162874013676217826994  -0.099610076275191393853763764882
 184   0.215725760032719971258992872273  -0.075204405279069654806832192599
 185   0.302166149829995251407719333394  -0.075204179110743892539545376470
 186   0.388606411862384814503701306962  -0.075204174239084157659998735531
 187   0.475046846548298432697372620186  -0.075203870079829142522012338533
 188  -0.388637571896014847661956237287  -0.075155817399301385598079197033
 189  -0.302205671084194161787562235169  -0.075144040921500141933479605077
 190  -0.475046846569334778719678801634  -0.075105810483725138354740209371
 191  -0.129715415468392743210794974352  -0.074682117694470059751144086159
 192  -0.043278702368656720204163625908  -0.074665676984671403918519537972
 193   0.043165794123925521683725222534  -0.074657307687283491253897900032
 194   0.129606267616504025592958001113  -0.074656908819520584873447981176
 195  -0.216098808057348775620807832159  -0.074632364177181226059640895205
 196   0.258945889660135486900858328609  -0.050251251650063532718550120925
 197   0.345386279931816296930295311792  -0.050251024929998346897293104091
 198   0.431826541448004072458178810284  -0.050251020460406153063067705538
 199  -0.345424977287318065128998011737  -0.050189461464857445409806048280
 200  -0.431827789792543989553069477959  -0.050150799045903432338656355023
 201  -0.086501818376458469325547779054  -0.049717653131550876721127762287
 202  -0.000054813212395591298875054533  -0.049704981501278809788030959658
 203   0.086386129333717216460768910242  -0.049703769409772505544764000424
 204   0.172826391507925754059597538690  -0.049703745586226199277455109593
 205  -0.172892746361617461321179824060  -0.049654860353101100128840253209
 206  -0.259321429210740783547956921766  -0.049617951062760987665716567485
 207   0.302166149947783430890185614240  -0.025297872249413450117904000836
 208   0.388606411719036957869837721314  -0.025297867306140918096051569173
 209   0.475046846558656880245155719065  -0.025297563218498699962444930539
 210  -0.475046840845984719515638965568  -0.025195705636933406971087489530
 211  -0.388615203329655374676632414914  -0.025184585161442423876763473932
 212  -0.043279186889246914984652667165  -0.024759180410385442814679182716
 213   0.043165791167133908823142444005  -0.024750977302961608299953070135
 214   0.129606256110117347179661007336  -0.024750601958191468767744045896
 215   0.216046521036760964249815504616  -0.024750592117215820087704381061
 216  -0.129679131503560677577709278766  -0.024690426543442768781356068020
 217  -0.216097369652043094989939878232  -0.024671605843402040655009082316
 218  -0.302542430111490275675435898719  -0.024660524701839247049038653476
 219   0.345386279766793486464976495841  -0.000344717989946350820567374932
 220   0.431826541524787920407938414568  -0.000344713456930437964893517558
 221  -0.431834714480720249377294069654  -0.000228672578857893399857421866
 222  -0.000054825096330701249702650227   0.000201333366522164711441844922
 223   0.086386118298055102066642248821   0.000202537457751274310469263453
 224   0.172826391240667722263808868101   0.000202561275104242567577777526
 225   0.259266648823010163492697089105   0.000202564370041817052958651308
 226  -0.086459274676967763204607091406   0.000263199253745259622685528199
 227  -0.259319834068248324618711343662   0.000288356151217132993985449833
 228  -0.172882827866066359759098362053   0.000291223378570149327825906393
 229  -0.345732700772872234321856112006   0.000344426550818696070274386011
 230   0.388606411739360026461818371552   0.024608439593713982026413302983
 231   0.475046846556196323941013241842   0.024608743642831742598136809156
 232  -0.475046846569334778719678801634   0.024804203455773911253272606061
 233   0.043165781736877138631677619970   0.025155332378163208511598745122
 234   0.129606256030144054776769984265   0.025155704903138973728821003703
 235   0.216046519149509705878149552856   0.025155717588484636450253493318
 236   0.302486778253764963597118876395   0.025155718008932448619403063100
 237  -0.043239161180627465192328654817   0.025216380491830740044134221360
 238  -0.129662956150165251083295786857   0.025244823387353037667423089237
 239  -0.216102192478361072620977781059   0.025245818360851462847740834300
 240  -0.302510129438020309454185002373   0.025293350209784721747266984685
 241  -0.388951694304333533742201514981   0.025299547521569055622518973245
 242   0.431826543570650395590012718528   0.049561596983876939354715796723
 243   0.086386118441403494167279919711   0.050108844531262083863037232476
 244   0.172826387996772023673203879578   0.050108868244813221975919869306
 245   0.259266648619551183158462200532   0.050108871394692656814528549665
 246   0.345706907777236061381975680841   0.050108871487233743011407315927
 247  -0.000019035446467688899372497781   0.050169549170458166121944841168
 248  -0.086442841561189275730442459270   0.050198003493051359646658212862
 249  -0.172882287634985520632548002630   0.050199360992446691152706015578
 250  -0.259292441941312379323432310384   0.050250732924608266574101613618
 251  -0.345730775101998658897767777699   0.050251342059663745887306705313
 252  -0.432144533711096749503000591626   0.050299909289328350680623422127
 253   0.475046846569334778719678801634   0.074515050504162185157049775231
 254   0.129606252723675948480009649533   0.075062011764469306756901029756
 255   0.216046518864725523285413849754   0.075062024510711190207140132602
 256   0.302486778214123307304215208096   0.075062024954850032245392324803
 257   0.388927037290747429259825986637   0.075062024982785795580150084309
 258   0.043201098575634267680771999464   0.075122711241221900131954583906
 259  -0.043222714386715677276641395183   0.075151174479558389124210493433
 260  -0.129662172779893477758167162647   0.075152539877108463455370409061
 261  -0.216072516240259256359083910736   0.075204239430362637736434896889
 262  -0.302511430342016364524340709896   0.075205862781154643450133037594
 263  -0.388923702469973354470359926630   0.075251847317537901705147921292
 264  -0.475046846569334778719678801634   0.075795615122882790107974238193
 265   0.172826387691645526645644458420   0.100015175191288053560761992198
 266   0.259266648615851600210827783644   0.100015178370562829713262862352
 267   0.432147164427405702117356946657   0.100015182595167703774981910111
 268   0.345706910213928527907899055710   0.100015182794320936574265178671
 269   0.086421701444692694370579767049   0.100076687364407511845654783636
 270  -0.000002572614188950962415352373   0.100104349838398567038997168799
 271  -0.086442049426804665388258433902   0.100105704254202759905827507375
 272  -0.172852400744747636008060190059   0.100157417205786639484879548969
 273  -0.259291504232408366437866886714   0.100159370409367309320355435941
 274  -0.345704274632265869235802928739   0.100206216111768568367004605418
 275  -0.431826038347701324862236997097   0.100747593099023534332542927649
 276   0.216046518807579430998420172774   0.124968331401561761669232389836
 277   0.302486781223106890775768885361   0.124968337382394803701228608659
 278   0.388927037542870086331564191226   0.124968340644238761087116294842
 279   0.129642320575119126817270079380   0.125030686684965370273709517562
 280   0.043217622285177030368697769756   0.125057620263632518270223453387
 281  -0.043221918695341929276503617178   0.125058860547862425834548750863
 282  -0.129632276313431019663247358038   0.125110579503956114974163891677
 283  -0.216071388227133630031886767927   0.125112549258807248045511582805
 284  -0.302484357056047175840011553522   0.125159736689878192538584293303
 285   0.475046846569334778719678801634   0.125515314686173222392914044990
 286  -0.475046846569333608835541647815   0.125701921984213232668616634910
 287  -0.388606587467206840731999088472   0.125701921984525596045327937452
 288   0.259266650826644769783041175249   0.149921489630893105390441584488
 289   0.345706914584470775093007078540   0.149921505493574461685858525984
 290   0.172862939471719119151646796563   0.149984684924610917583540079464
 291   0.086437817053870804221377875105   0.150010885666191570719370390822
 292  -0.000001788543452500235190075222   0.150012018516514082791513045338
 293  -0.086412146972624109460739240574   0.150063733298641059502470039500
 294  -0.172851263628394551264372122228   0.150065711489511562134829713712
 295  -0.259264236605363053506915016752   0.150112905882700857067182537413
 296   0.431826349875801097765290719822   0.150469103945055600450426879034
 297  -0.431826717018343017381969008795   0.150655075414909568308179708115
 298  -0.345386671165270991631435848810   0.150655444769714420898730036540
 299   0.302486781195060024270744288033   0.174874652275870677181483833697
 300   0.216083749678809813456532612352   0.174939013980111225079490864536
 301   0.129657984929783877826588980509   0.174964103856490611698339690621
 302   0.043218352938432304193147391275   0.174965191732894189692105224276
 303  -0.043192018344466423886748202472   0.175016888327670604347114586504
 304  -0.129631129987420238252598909415   0.175018872797131345591118733978
 305  -0.216044109701400983925244757747   0.175066063898124317667187537758
 306   0.475046846569334778719678801634   0.175421621547503664953556441721
 307   0.388606333015312928067408388366   0.175422492810165287944375724957
 308  -0.475046846569334778719678801634   0.175608228845543675229259031628
 309  -0.388606802577156687043333096405   0.175608601422947216050846724730
 310  -0.302166549551035158357102743792   0.175608611947207993696306874149
 311   0.259304955289991136980959117184   0.199894032285007585889177397373
 312   0.172878130062761385491452071245   0.199917282760935786002567880889
 313   0.086438494728848661584463889309   0.199918364643890846801742596515
 314   0.000028111427100297702120165992   0.199970041376257669335494148233
 315  -0.086410993132596271068008043666   0.199972041759382352489040285538
 316  -0.172823980380537422610465195879   0.200019217727352155038345032476
 317   0.431827084129747681696756638467   0.200375410822941060787071615139
 318   0.345386014079684294518625845240   0.200376944999474580490188366578
 319  -0.431826932128148448381042889245   0.200561754853581322971926048243
 320  -0.345386679513948465527838633301   0.200561766090748668844727361956
 321  -0.258946422536354194578102401526   0.200561769770860750186053519737
 322   0.216098275243935770684017414630   0.224870466456743932030901586358
 323   0.129658645671562392699440652250   0.224871553846234246169641113104
 324   0.043248241475190886702643183934   0.224923193945891330554530820359
 325  -0.043190852421685172975640605637   0.224925214063265864762290615958
 326  -0.129603851051927261632438502756   0.224972371543162488487799687607
 327   0.388607090494891650794405427339   0.225328799665747205435738838400
 328   0.475046846566237500000000000000   0.225329200145933356252031992593
 329   0.302206267952327509972995079872   0.225399920009001033191673002627
 330  -0.388606809064940226865548426141   0.225514919521382775765806685471
 331  -0.302166552087508284891975406753   0.225514923201213695072874942742
 332  -0.215726293215490633263322839658   0.225514923600088587557211014455
 333  -0.475046846569334778719678801634   0.225515280861618970714593064859
 334   0.172878778801697245672068887742   0.249824716431780438581611578991
 335   0.086468369968634948712254821701   0.249876349208251694501957708162
 336   0.000029283634522542871262945261   0.249878376921441097592233352056
 337  -0.086383719938221808932653516194   0.249925527331385393841545319432
 338   0.431826849590585432246483557217   0.250282594732780048556757941646
 339   0.345428196390561991519919009447   0.250353239089325976191435550980
 340   0.258997117768980139502530026143   0.250372080607760002206116805465
 341  -0.345386681638500046229685199592   0.250468076631847801993954266254
 342  -0.258946422766644723577195844885   0.250468077030441532444032437460
 343  -0.172506163886880472285296146536   0.250468077415898921006665669585
 344  -0.431826723220254391129073512168   0.250468446024555675795556093277
 345   0.129688500058292565080862985559   0.274829501705889148948986034163
 346   0.043249417888468733969132185377   0.274831545834678254960323155832
 347  -0.043163535762463863047504964768   0.274878773305622511578217839891
 348   0.475046846569334778719678801634   0.275235977783865033091232351167
 349   0.388648295272287782858340788148   0.275307664776614290758136061226
 350   0.302218572053746406174858410981   0.275324579245764362574908616461
 351   0.215776626860148584243690304443   0.275327963865662940538149409519
 352  -0.302166552317636484914905637725   0.275421230461075639365111760972
 353  -0.215726293438034562599169151763   0.275421230846251865893487092591
 354  -0.129286014194926022870024349155   0.275421265162107484082307578629
 355  -0.388606594465442219218071665626   0.275421605435782475831373565534
 356  -0.475046846236232903767195280862   0.275421610774161334694493837487
 357   0.086469545960228241302363625879   0.299784701827417606637186602811
 358   0.000056863790566294313757173044   0.299832400520809470828585715926
 359   0.431868806100024476160524095063   0.300261890070290871919190498864
 360   0.258998820537333338302466909356   0.300278387440041810958255813975
 361   0.345438294614030136470015093537   0.300278437591707171226585492901
 362  -0.258946422989026323936878944602   0.300374384276885972814566416103
 363  -0.172506163557969843027090786754   0.300374384277229362483455054115
 364  -0.086065884808606408555984792477   0.300374418877962114066884063249
 365  -0.345386462449348609941047454248   0.300374763933191479428023354803
 366  -0.431826718691375493537516835432   0.300374768089686162801447124131
 367   0.171930543603531880867523343803   0.301404851593696524084390636269
 368   0.043302124624817935328301662206   0.324828926706388030165830228857
 369   0.388658329369217251733725928013   0.325231755212771025319348489341
 370   0.302218543097617068597623591912   0.325232245785984619609932690414
 371   0.215780267126848596583825510300   0.325234270627025110130769789095
 372   0.475046276776318205686773864262   0.325292206247859722083470028404
 373  -0.215726293438070490366537062630   0.325327537707582308454129476390
 374  -0.129286013873269390795612030345   0.325327573150942356613407579662
 375  -0.042845764944408870085836340231   0.325327589086608456680655127325
 376  -0.302166330931590192206187608976   0.325327921540640437655987713408
 377  -0.388606588901581417928082161278   0.325327922731032764343778225451
 378  -0.475046846569334778719678801634   0.325327924418097296798143199353
 379   0.128711592774418675838120498196   0.326360046519161903356896433720
 380   0.345438578880253974070581700416   0.350185565186581367901292424501
 381   0.258999928786589284060296489894   0.350188234451532407281000337699
 382   0.431826485135417348394509410958   0.350274714149014229457504298514
 383  -0.172506163887276984519326066301   0.350280691138559803957629624855
 384  -0.086065719584040619135505986788   0.350281045470152842496716344160
 385  -0.345386459205807179612301682792   0.350281077182713192195406926882
 386  -0.258946199630749345266082431524   0.350281078002164117111102667521
 387  -0.431826717217146258153810274711   0.350281078301488945341158287433
 388   0.000374066047007700897756355438   0.350281259630451615144400157147
 389   0.171933363719716474305461667599   0.351311158375347104508038278075
 390   0.085544171439008369864058534523   0.351404271398132326885540059766
 391   0.302220024441211069750575149710   0.375141446592309414814719857244
 392   0.215781259941102438937333209214   0.375143939612455048345476545275
 393   0.475046846569334778719678801634   0.375227465942329948947858553732
 394   0.388606603845706813819908125013   0.375228749591111842119458389031
 395  -0.129286054799366048704615722368   0.375233880012256018275071548759
 396  -0.302166329210251489227083424562   0.375234231383416792720181247821
 397  -0.475046846532468448835687194724   0.375234232140314717985208913397
 398  -0.388606587777918194485680141917   0.375234232308818409745965893731
 399  -0.215726054095784839442827393124   0.375234259117945133887681222891
 400  -0.042845888592624048151913291120   0.375234716013996000960461373982
 401   0.128762981073934395577841265962   0.376387805711926553875955104314
 402   0.042616112861198135433513227755   0.376856604322195911864109988056
 403   0.259001361913855451860035237963   0.400097140809938892013239869238
 404   0.431827107263406462864971663224   0.400181295285035508684694397524
 405   0.345387924965727384959693590605   0.400184845499860722819840963926
 406  -0.258946199601206360635356372778   0.400187384914675889146384411429
 407  -0.345386458144189853314122764481   0.400187385882818704146604405046
 408  -0.431826717149113363550619816279   0.400187386050869346920746295068
 409  -0.086066213029947231749161278219   0.400187531888558183169245289033
 410  -0.172500916012935219377635368518   0.400196156247191663949721330484
 411   0.172073147337839136963600975629   0.401217269474864591822325055006
 412  -0.000603841778433613616156418803   0.401810060705740297680171204891
 413   0.083700354268111624115427694835   0.405188998724288601444270534999
 414   0.475046846569334778719678801634   0.425135124627741068421530241317
 415   0.388608541024373170701760461522   0.425137156255548421941250884695
 416  -0.302166328467368439624566309642   0.425140539531469762838520872698
 417  -0.388606587513980504637013358064   0.425140539627302337370111413136
 418  -0.475046846569334778719678801634   0.425140539708004336159036404903
 419   0.302169262438371767069153678858   0.425140539717490200018360975919
 420  -0.215726089283873706499464579032   0.425140571658955135043918527816
 421  -0.129287766471208917614425531228   0.425170489673153555775085576289
 422   0.215853176402549234125022342651   0.425174492177640828780480953273
 423   0.128924514498368078644208242857   0.426293851152234371723626389472
 424  -0.043824166215756797213404405902   0.426762876580302479888955119942
 425   0.040480399628479875065758048277   0.430142455107832987260331751834
 426   0.431828277301902515526707381279   0.450090990843404691947934861602
 427   0.345389971756940907508789041166   0.450093011981478508712994824727
 428  -0.431826717018360981265652953029   0.450093693138669557439357603269
 429  -0.345386449543767054239467941642   0.450093707640524017101494710992
 430  -0.258919207865783812436133678667   0.450140451092791009607967056860
 431  -0.171573134520729950986823921036   0.451677149202213252578455241941
 432   0.257769252589833326698784807841   0.452261057511752008002587552824
 433   0.165812891785318326802081507059   0.459909954685436595379325171459
 434  -0.079348944088440418128787194800   0.461814689966114150306879738594
 435   0.068480487022128780359068789361   0.471456991044999618490185012224
 436  -0.475046846569334778719678801634   0.475046846569334778719678801634
 437  -0.388606587467387183811627104423   0.475046846569334778719678801634
 438  -0.302166299431613740339910633557   0.475046846569334778719678801634
 439  -0.215669617105862781659601028749   0.475046846569334778719678801634
 440  -0.127469100947755857500318816755   0.475046846569334778719678801634
 441  -0.031202846687454444732940337852   0.475046846569334778719678801634
 442   0.018703460173875997827702058879   0.475046846569334778719678801634
 443   0.118257513870381562890435519844   0.475046846569334778719678801634
 444   0.213368269700255090713727494273   0.475046846569334778719678801634
 445   0.302170235479411562683842121409   0.475046846569334778719678801634
 446   0.388609708034470252333735960924   0.475046846569334778719678801634
 447   0.475046846569334778719678801634   0.475046846569334778719678801634
