   1  -0.476773752799122285896531667818  -0.476773752799122285896531667818
   2  -0.396315672356973044961206974635  -0.476773752799122285896531667818
   3  -0.315857591914823804025882281452  -0.476773752799122285896531667818
   4  -0.235399511472674563090557588269  -0.476773752799122285896531667818
   5  -0.154941431030525322155232895086  -0.476773752799122285896531667818
   6  -0.074483350588376081219908201903  -0.476773752799122285896531667818
   7   0.005974729853773159715416491281  -0.476773752799122285896531667818
   8   0.086432810295922400650741184464  -0.476773752799122285896531667818
   9   0.166890890738071641586065877647  -0.476773752799122285896531667818
  10   0.247348971180220882521390570830  -0.476773752799122285896531667818
  11   0.327807051622370123456715264013  -0.476773752799122285896531667818
  12   0.408265132064519364392039957196  -0.476773752799122285896531667818
  13   0.476743175012000000000000000000  -0.476743175012000000000000000000
  14  -0.436544712578047665428869321226  -0.453547505598244571793063335635
  15  -0.356086632135898424493544628043  -0.453547505598244571793063335635
  16  -0.275628551693749183558219934860  -0.453547505598244571793063335635
  17  -0.195170471251599942622895241677  -0.453547505598244571793063335635
  18  -0.114712390809450701687570548494  -0.453547505598244571793063335635
  19  -0.034254310367301460752245855311  -0.453547505598244571793063335635
  20   0.046203770074847780183078837872  -0.453547505598244571793063335635
  21   0.126661850516997021118403531055  -0.453547505598244571793063335635
  22   0.207119930959146262053728224238  -0.453547505598244571793063335635
  23   0.287578011401295502989052917421  -0.453547505598244571793063335635
  24   0.368036091843444743924377610604  -0.453547505598244571793063335635
  25   0.436544712578047665428869321226  -0.439921350406279702162085715564
  26  -0.476773752799122285896531667818  -0.430321258397366857689595003453
  27  -0.396315672356973044961206974635  -0.430321258397366857689595003453
  28  -0.315857591914823804025882281452  -0.430321258397366857689595003453
  29  -0.235399511472674563090557588269  -0.430321258397366857689595003453
  30  -0.154941431030525322155232895086  -0.430321258397366857689595003453
  31  -0.074483350588376081219908201903  -0.430321258397366857689595003453
  32   0.005974729853773159715416491281  -0.430321258397366857689595003453
  33   0.086432810295922400650741184464  -0.430321258397366857689595003453
  34   0.166890890738071641586065877647  -0.430321258397366857689595003453
  35   0.247348971180220882521390570830  -0.430321258397366857689595003453
  36   0.327807051622370123456715264013  -0.430321258397366857689595003453
  37   0.396315672356973044961206974635  -0.416695103205401988058617383381
  38   0.476773752799122285896531667818  -0.416695103205401988058617383381
  39  -0.436544712578047665428869321226  -0.407095011196489143586126671271
  40  -0.356086632135898424493544628043  -0.407095011196489143586126671271
  41  -0.275628551693749183558219934860  -0.407095011196489143586126671271
  42  -0.195170471251599942622895241677  -0.407095011196489143586126671271
  43  -0.114712390809450701687570548494  -0.407095011196489143586126671271
  44  -0.034254310367301460752245855311  -0.407095011196489143586126671271
  45   0.046203770074847780183078837872  -0.407095011196489143586126671271
  46   0.126661850516997021118403531055  -0.407095011196489143586126671271
  47   0.207119930959146262053728224238  -0.407095011196489143586126671271
  48   0.287578011401295502989052917421  -0.407095011196489143586126671271
  49   0.356086632135898424493544628043  -0.393468856004524273955149051199
  50   0.436544712578047665428869321226  -0.393468856004524273955149051199
  51  -0.476773752799122285896531667818  -0.383868763995611429482658339088
  52  -0.396315672356973044961206974635  -0.383868763995611429482658339088
  53  -0.315857591914823804025882281452  -0.383868763995611429482658339088
  54  -0.235399511472674563090557588269  -0.383868763995611429482658339088
  55  -0.154941431030525322155232895086  -0.383868763995611429482658339088
  56  -0.074483350588376081219908201903  -0.383868763995611429482658339088
  57   0.005974729853773159715416491281  -0.383868763995611429482658339088
  58   0.086432810295922400650741184464  -0.383868763995611429482658339088
  59   0.166890890738071641586065877647  -0.383868763995611429482658339088
  60   0.247348971180220882521390570830  -0.383868763995611429482658339088
  61   0.315857591914823804025882281452  -0.370242608803646559851680719017
  62   0.396315672356973044961206974635  -0.370242608803646559851680719017
  63   0.476773752799122285896531667818  -0.370242608803646559851680719017
  64  -0.436544712578047665428869321226  -0.360642516794733715379190006906
  65  -0.356086632135898424493544628043  -0.360642516794733715379190006906
  66  -0.275628551693749183558219934860  -0.360642516794733715379190006906
  67  -0.195170471251599942622895241677  -0.360642516794733715379190006906
  68  -0.114712390809450701687570548494  -0.360642516794733715379190006906
  69  -0.034254310367301460752245855311  -0.360642516794733715379190006906
  70   0.046203770074847780183078837872  -0.360642516794733715379190006906
  71   0.126661850516997021118403531055  -0.360642516794733715379190006906
  72   0.207119930959146262053728224238  -0.360642516794733715379190006906
  73   0.275628551693749183558219934860  -0.347016361602768845748212386834
  74   0.356086632135898424493544628043  -0.347016361602768845748212386834
  75   0.436544712578047665428869321226  -0.347016361602768845748212386834
  76  -0.476773752799122285896531667818  -0.337416269593856001275721674723
  77  -0.396315672356973044961206974635  -0.337416269593856001275721674724
  78  -0.315857591914823804025882281452  -0.337416269593856001275721674724
  79  -0.235399511472674563090557588269  -0.337416269593856001275721674724
  80  -0.154941431030525322155232895086  -0.337416269593856001275721674724
  81  -0.074483350588376081219908201903  -0.337416269593856001275721674724
  82   0.005974729853773159715416491281  -0.337416269593856001275721674724
  83   0.086432810295922400650741184464  -0.337416269593856001275721674724
  84   0.166890890738071641586065877647  -0.337416269593856001275721674724
  85   0.235399511472674563090557588268  -0.323790114401891131644744054652
  86   0.315857591914823804025882281452  -0.323790114401891131644744054652
  87   0.396315672356973044961206974635  -0.323790114401891131644744054652
  88   0.476773752799122285896531667818  -0.323790114401891131644744054652
  89  -0.356086632135898424493544628043  -0.314190022392978287172253342541
  90  -0.275628551693749183558219934860  -0.314190022392978287172253342541
  91  -0.195170471251599942622895241677  -0.314190022392978287172253342541
  92  -0.114712390809450701687570548494  -0.314190022392978287172253342541
  93  -0.034254310367301460752245855311  -0.314190022392978287172253342542
  94   0.046203770074847780183078837872  -0.314190022392978287172253342542
  95   0.126661850516997021118403531055  -0.314190022392978287172253342542
  96  -0.436544712578047665428869319635  -0.314190022392978287172253339785
  97   0.195170471251599942622895241677  -0.300563867201013417541275722470
  98   0.275628551693749183558219934860  -0.300563867201013417541275722470
  99   0.356086632135898424493544628043  -0.300563867201013417541275722470
 100   0.436544712578047665428869321226  -0.300563867201013417541275722470
 101  -0.476773752799122285896531667818  -0.290963775192100573068785010359
 102  -0.315857591914823804025882281452  -0.290963775192100573068785010359
 103  -0.235399511472674563090557588269  -0.290963775192100573068785010359
 104  -0.074483350588376081219908201902  -0.290963775192100573068785010359
 105   0.005974729853773159715416491281  -0.290963775192100573068785010359
 106   0.086432810295922400650741184464  -0.290963775192100573068785010359
 107  -0.154941431030525322155232895123  -0.290963775192100573068785010295
 108  -0.396315672356973044961206972975  -0.290963775192100573068785007485
 109   0.154941431030525322155232895085  -0.277337620000135703437807390287
 110   0.235399511472674563090557588268  -0.277337620000135703437807390287
 111   0.315857591914823804025882281452  -0.277337620000135703437807390287
 112   0.396315672356973044961206974635  -0.277337620000135703437807390287
 113   0.476773752799122285896531667818  -0.277337620000135703437807390287
 114  -0.275628551693749183558219934860  -0.267737527991222858965316678177
 115  -0.114712390809450701687570548494  -0.267737527991222858965316678177
 116  -0.034254310367301460752245855311  -0.267737527991222858965316678177
 117   0.046203770074847780183078837872  -0.267737527991222858965316678177
 118  -0.195170471251599942622895241716  -0.267737527991222858965316678109
 119  -0.436544712578047665428869319560  -0.267737527991222858965316675291
 120  -0.356086632135898424493544626337  -0.267737527991222858965316675221
 121   0.114712390809450701687570548494  -0.254111372799257989334339058105
 122   0.195170471251599942622895241677  -0.254111372799257989334339058105
 123   0.275628551693749183558219934860  -0.254111372799257989334339058105
 124   0.356086632135898424493544628043  -0.254111372799257989334339058105
 125   0.436544712578047665428869321226  -0.254111372799257989334339058105
 126  -0.476773752799122285896531667818  -0.244511280790345144861848345994
 127  -0.074483350588376081219908201903  -0.244511280790345144861848345995
 128   0.005974729853773159715416491281  -0.244511280790345144861848345995
 129  -0.235399511472674563090557588309  -0.244511280790345144861848345925
 130  -0.154941431030525322155232895186  -0.244511280790345144861848345820
 131  -0.396315672356973044961206972907  -0.244511280790345144861848343002
 132  -0.315857591914823804025882279705  -0.244511280790345144861848342969
 133   0.074483350588376081219908201902  -0.230885125598380275230870725923
 134   0.154941431030525322155232895085  -0.230885125598380275230870725923
 135   0.235399511472674563090557588268  -0.230885125598380275230870725923
 136   0.315857591914823804025882281452  -0.230885125598380275230870725923
 137   0.396315672356973044961206974635  -0.230885125598380275230870725923
 138   0.476773752799122285896531667818  -0.230885125598380275230870725923
 139  -0.114712390809450701687570548494  -0.221285033589467430758380013812
 140  -0.034254310367301460752245855311  -0.221285033589467430758380013812
 141  -0.195170471251599942622895241789  -0.221285033589467430758380013619
 142  -0.356086632135898424493544626289  -0.221285033589467430758380010774
 143  -0.275628551693749183558219933152  -0.221285033589467430758380010713
 144  -0.436544712578047665428869319379  -0.221285033589467430758380010613
 145   0.034254310367301460752245855311  -0.207658878397502561127402393741
 146   0.114712390809450701687570548494  -0.207658878397502561127402393741
 147   0.195170471251599942622895241677  -0.207658878397502561127402393740
 148   0.275628551693749183558219934860  -0.207658878397502561127402393740
 149   0.356086632135898424493544628043  -0.207658878397502561127402393741
 150   0.436544712578047665428869321226  -0.207658878397502561127402393741
 151  -0.476773752799122285896531667818  -0.198058786388589716654911681630
 152  -0.074483350588376081219908201902  -0.198058786388589716654911681630
 153  -0.154941431030525322155232895352  -0.198058786388589716654911681168
 154  -0.315857591914823804025882279735  -0.198058786388589716654911678514
 155  -0.235399511472674563090557586638  -0.198058786388589716654911678383
 156  -0.396315672356973044961206972712  -0.198058786388589716654911678299
 157  -0.005974729853773159715416491281  -0.184432631196624847023934061558
 158   0.074483350588376081219908201902  -0.184432631196624847023934061558
 159   0.154941431030525322155232895085  -0.184432631196624847023934061558
 160   0.235399511472674563090557588268  -0.184432631196624847023934061558
 161   0.315857591914823804025882281452  -0.184432631196624847023934061558
 162   0.396315672356973044961206974635  -0.184432631196624847023934061558
 163   0.476773752799122285896531667818  -0.184432631196624847023934061558
 164  -0.114712390809450701687570548494  -0.174832539187712002551443349448
 165  -0.275628551693749183558219933223  -0.174832539187712002551443346180
 166  -0.356086632135898424493544626131  -0.174832539187712002551443345992
 167  -0.195170471251599942622895240197  -0.174832539187712002551443345920
 168  -0.436544712578047619358632682169  -0.174832539187711922755452773880
 169  -0.046203770074847780183078837872  -0.161206383995747132920465729376
 170   0.034254310367301460752245855311  -0.161206383995747132920465729376
 171   0.114712390809450701687570548494  -0.161206383995747132920465729376
 172   0.195170471251599942622895241677  -0.161206383995747132920465729376
 173   0.275628551693749183558219934860  -0.161206383995747132920465729376
 174   0.356086632135898424493544628043  -0.161206383995747132920465729376
 175   0.436544712578047665428869321226  -0.161206383995747132920465729376
 176  -0.476773752799122285896531667818  -0.151606291986834288447975017265
 177  -0.235399511472674563090557586787  -0.151606291986834288447975013715
 178  -0.315857591914823804025882279616  -0.151606291986834288447975013653
 179  -0.154941431030525322155232893815  -0.151606291986834288447975013356
 180  -0.396315672356972994742323216952  -0.151606291986834201466316849419
 181  -0.086432810295922400650741184464  -0.137980136794869418816997397194
 182  -0.005974729853773159715416491281  -0.137980136794869418816997397194
 183   0.074483350588376081219908201902  -0.137980136794869418816997397194
 184   0.154941431030525322155232895085  -0.137980136794869418816997397194
 185   0.235399511472674563090557588268  -0.137980136794869418816997397194
 186   0.315857591914823804025882281452  -0.137980136794869418816997397194
 187   0.396315672356973044961206974635  -0.137980136794869418816997397194
 188   0.476773752799122285896531667818  -0.137980136794869418816997397194
 189  -0.275628551693749183558219933184  -0.128380044785956574344506681182
 190  -0.195170471251599942622895240516  -0.128380044785956574344506680957
 191  -0.356086632135898370061712165961  -0.128380044785956480065807311245
 192  -0.436544712578046723795331365759  -0.128380044785954943387376835301
 193  -0.046203770074847780183078837872  -0.114753889593991704713529065011
 194   0.034254310367301460752245855311  -0.114753889593991704713529065011
 195   0.114712390809450701687570548494  -0.114753889593991704713529065011
 196   0.195170471251599942622895241677  -0.114753889593991704713529065011
 197   0.275628551693749183558219934860  -0.114753889593991704713529065011
 198   0.356086632135898424493544628043  -0.114753889593991704713529065011
 199   0.436544712578047665428869321226  -0.114753889593991704713529065011
 200  -0.126661850516997021118403529095  -0.114753889593991704713529061615
 201  -0.476773752799122285896531667818  -0.105153797585078860241038352900
 202  -0.235399511472674563090557587088  -0.105153797585078860241038348124
 203  -0.315857591914823747720504670503  -0.105153797585078762717263590388
 204  -0.396315672356971169906965057900  -0.105153797585075612551824405420
 205   0.074483350588376081219908201902  -0.091527642393113990610060732829
 206   0.154941431030525322155232895085  -0.091527642393113990610060732829
 207   0.235399511472674563090557588268  -0.091527642393113990610060732829
 208   0.315857591914823804025882281452  -0.091527642393113990610060732829
 209   0.396315672356973044961206974635  -0.091527642393113990610060732829
 210   0.476773752799122285896531667818  -0.091527642393113990610060732829
 211  -0.005974729853773159715416491284  -0.091527642393113990610060732823
 212  -0.166890890738071641586065875632  -0.091527642393113990610060729339
 213  -0.086432810295929592749027794423  -0.091527642393101533530415292962
 214  -0.275628551693749126105927544988  -0.081927550384201046626497324015
 215  -0.436544712578046723795331365742  -0.081927550384199515180440170907
 216  -0.356086632135895430302274928032  -0.081927550384195960046163320876
 217  -0.046203770074847780183078839087  -0.068301395192236276506592400647
 218   0.034254310367301460752245855311  -0.068301395192236276506592400647
 219   0.114712390809450701687570548494  -0.068301395192236276506592400647
 220   0.195170471251599942622895241677  -0.068301395192236276506592400647
 221   0.275628551693749183558219934860  -0.068301395192236276506592400647
 222   0.356086632135898424493544628043  -0.068301395192236276506592400647
 223   0.436544712578047665428869321226  -0.068301395192236276506592400647
 224  -0.207119930959146262053728221958  -0.068301395192236276506592396697
 225  -0.126661850517004703022682403464  -0.068301395192222971058082510954
 226  -0.476773752799122285896531667818  -0.058701303183323432034101688536
 227  -0.396315672356971168939744947282  -0.058701303183320182669613367363
 228  -0.315857591912280230021929830746  -0.058701303178917832626121549228
 229   0.074483350588376081219908201902  -0.045075147991358562403124068464
 230   0.154941431030525322155232895085  -0.045075147991358562403124068464
 231   0.235399511472674563090557588268  -0.045075147991358562403124068464
 232   0.315857591914823804025882281452  -0.045075147991358562403124068464
 233   0.396315672356973044961206974635  -0.045075147991358562403124068464
 234   0.476773752799122285896531667818  -0.045075147991358562403124068464
 235  -0.005974729853773159715416492499  -0.045075147991358562403124068458
 236  -0.247348971180220823803676931136  -0.045075147991358460701060740236
 237  -0.086432810295929833482399634462  -0.045075147991345688361047524705
 238  -0.166890890738079425021179253251  -0.045075147991345081098050283096
 239  -0.436544712578046723795331365742  -0.035475055982444086973503506543
 240  -0.356086632135895430302269110426  -0.035475055982440531839226347663
 241  -0.046203770074847780183078839509  -0.021848900790480848299655736282
 242   0.034254310367301460752245854190  -0.021848900790480848299655736282
 243   0.114712390809450701687570548494  -0.021848900790480848299655736282
 244   0.195170471251599942622895241677  -0.021848900790480848299655736282
 245   0.275628551693749183558219934860  -0.021848900790480848299655736282
 246   0.356086632135898424493544628043  -0.021848900790480848299655736282
 247   0.436544712578047665428869321226  -0.021848900790480848299655736282
 248  -0.126661850517004744112764118280  -0.021848900790467471681036627810
 249  -0.207119930959154512247418419015  -0.021848900790466326082230546614
 250  -0.287578011398537752688849771188  -0.021848900785704284665770413823
 251  -0.476773752799122285896531667817  -0.012248808781568003827165024171
 252  -0.396315672356971168939705073648  -0.012248808781564754462614741597
 253   0.074483350588376081219908200893   0.001377346410396865803812595900
 254   0.154941431030525322155232895085   0.001377346410396865803812595900
 255   0.235399511472674563090557588268   0.001377346410396865803812595900
 256   0.315857591914823804025882281452   0.001377346410396865803812595900
 257   0.396315672356973044961206974635   0.001377346410396865803812595900
 258   0.476773752799122285896531667818   0.001377346410396865803812595900
 259  -0.005974729853773159715416492921   0.001377346410396865803812595907
 260  -0.327807051622367129264920210550   0.001377346410402051894820926220
 261  -0.166890890738079301278445960821   0.001377346410410365242966736408
 262  -0.086432810295932082990746564779   0.001377346410413636108638074723
 263  -0.247348971177314570182536494861   0.001377346415459558408709609933
 264  -0.436544712578046723795331365743   0.010977438419311341233433157822
 265  -0.046203770074847780183078840570   0.024603593611274579907280928083
 266   0.034254310367301460752245853892   0.024603593611274579907280928083
 267   0.114712390809450701687570547549   0.024603593611274579907280928083
 268   0.195170471251599942622895241677   0.024603593611274579907280928083
 269   0.275628551693749183558219934860   0.024603593611274579907280928083
 270   0.356086632135898424493544628043   0.024603593611274579907280928083
 271   0.436544712578047665428869321226   0.024603593611274579907280928083
 272  -0.368036091843442867902355107213   0.024603593611277829271431713836
 273  -0.126661850517006636352183427498   0.024603593611291466443498449154
 274  -0.207119930956188326137112209079   0.024603593616424641891645101821
 275  -0.287577986315589062386149182217   0.024603637060967315354709191313
 276  -0.476773752799122285896531667818   0.034203685620187424379771640194
 277   0.074483350588376081219908200607   0.047829840812152294010749260265
 278   0.154941431030525322155232894233   0.047829840812152294010749260265
 279   0.235399511472674563090557588268   0.047829840812152294010749260265
 280   0.315857591914823804025882281452   0.047829840812152294010749260265
 281   0.396315672356973044961206974635   0.047829840812152294010749260265
 282   0.476773752799122285896531667818   0.047829840812152294010749260265
 283  -0.005974729853773159715416493982   0.047829840812152294010749260271
 284  -0.408265132064518422757978557951   0.047829840812153924967477432870
 285  -0.327807051622321200250895602642   0.047829840812157480101757567879
 286  -0.166890890735115661123398576715   0.047829840817305742967163624650
 287  -0.086432811755045569863844729561   0.047829843339427806723427667620
 288  -0.247348946094510893259618788070   0.047829884261849130843220770972
 289  -0.448494172285593984859178860026   0.071056088013030008113815915242
 290  -0.046203770074847857661114724929   0.071056088013030008114217592447
 291   0.034254310367301460752245852958   0.071056088013030008114217592447
 292   0.114712390809450701687570547250   0.071056088013030008114217592447
 293   0.195170471251599942622895240988   0.071056088013030008114217592447
 294   0.275628551693749183558219934860   0.071056088013030008114217592447
 295   0.356086632135898424493544628043   0.071056088013030008114217592447
 296   0.436544712578047665428869321226   0.071056088013030008114217592447
 297  -0.368036091843396938888330499305   0.071056088013033257478368355495
 298  -0.287577986315587440082847352058   0.071056131462723518947727994803
 299  -0.207119905847668750416502889118   0.071056131507364165429848076874
 300  -0.126662144382529888988492395303   0.071056597005900747305369464262
 301   0.074483350588376081219908199726   0.094282335213907722217685924630
 302   0.154941431030525322155232893981   0.094282335213907722217685924630
 303   0.235399511472674563090557587641   0.094282335213907722217685924630
 304   0.315857591914823804025882281452   0.094282335213907722217685924630
 305   0.396315672356973044961206974635   0.094282335213907722217685924630
 306   0.476773752799122285896531667818   0.094282335213907722217685924630
 307  -0.005974729853773237193446290937   0.094282335213907722217685924636
 308  -0.408265132064472493743953950042   0.094282335213909353174414074529
 309  -0.327807051622320025615840406756   0.094282335213912908308694232229
 310  -0.086432811757489768103352887901   0.094282337741183234930300028602
 311  -0.247348946094514739848001559873   0.094282378663604559050157435178
 312  -0.166924963860865925268528361013   0.094341338717579726516013935680
 313  -0.476773752799122285896531667818   0.107908490405872591847860190291
 314  -0.046203770077111305859606895285   0.117508582414785436321099112327
 315   0.034254310367301392714544245912   0.117508582414785436321154256812
 316   0.114712390809450701687570546419   0.117508582414785436321154256812
 317   0.195170471251599942622895240712   0.117508582414785436321154256812
 318   0.275628551693749183558219934860   0.117508582414785436321154256812
 319   0.356086632135898424493544628043   0.117508582414785436321154256812
 320   0.436544712578047665428869321226   0.117508582414785436321154256812
 321  -0.368036091843395764256267595074   0.117508582414788685685305019849
 322  -0.287577982571741852638773426898   0.117508632349015165296078296016
 323  -0.126662208472807553234554280633   0.117509091407611962992139214957
 324  -0.207154043146643828185713566750   0.117567653262723155092289753559
 325  -0.436544712578033927722643508937   0.131134737606726511546165944053
 326  -0.005974729855774589061623540000   0.140734829615663150424579476038
 327   0.074483350588376018149965098900   0.140734829615663150424622588994
 328   0.154941431030525322155232893190   0.140734829615663150424622588994
 329   0.235399511472674563090557588268   0.140734829615663150424622588994
 330   0.315857591914823804025882281452   0.140734829615663150424622588994
 331   0.396315672356973044961206974635   0.140734829615663150424622588994
 332   0.476773752799122285896531667818   0.140734829615663150424622588994
 333  -0.327807051622313134233759508824   0.140734829615668336515630896082
 334  -0.086432865776441770932830327285   0.140734832142907254197705399368
 335  -0.166924964044414425959298942440   0.140793833119335154360321504022
 336  -0.247383114880567545434015080172   0.140793967807928167959769035959
 337  -0.396315672356959307254981162344   0.154360984807604225649634276233
 338  -0.476773752799122285896531667818   0.154360984807628020054796854655
 339  -0.046203811914945517000533520980   0.163961076816522023727406853719
 340   0.034254310365615663812131311930   0.163961076816540864528060334208
 341   0.114712390809450645758368570065   0.163961076816540864528090921176
 342   0.195170471251599942622895241677   0.163961076816540864528090921176
 343   0.275628551693749183558219934860   0.163961076816540864528090921176
 344   0.356086632135898424493544628043   0.163961076816540864528090921176
 345   0.436544712578047665428869321226   0.163961076816540864528090921177
 346  -0.126662208656356053925324862059   0.163961585809367390836446783299
 347  -0.207153994753985532997097264598   0.164020147664453376371083641752
 348  -0.287671684236341151697887552470   0.164123574920101444189514104811
 349  -0.356086632135883002560555204278   0.177587232008479022586776565799
 350  -0.436544712578033927722643508937   0.177587232008481939753102608418
 351  -0.005974748655789920782004365399   0.187187324017414774308615672226
 352   0.074483350586981253482753511127   0.187187324017418578631538314026
 353   0.154941431030525322155232895085   0.187187324017418578631559253359
 354   0.235399511472674563090557588268   0.187187324017418578631559253359
 355   0.315857591914823804025882281452   0.187187324017418578631559253359
 356   0.396315672356973044961206974635   0.187187324017418578631559253359
 357   0.476773752799122285896531667818   0.187187324017418578631559253359
 358  -0.086432863799792273255081007763   0.187187326544662640349384461440
 359  -0.166924915651756130770682640292   0.187246327521065375639115392214
 360  -0.247382996093792636087249041040   0.187246462209531717370151196493
 361  -0.396315672356959307254981162346   0.200813479209359653856570940600
 362  -0.476773752799122285896531667818   0.200813479209383448261733519020
 363  -0.315993798545998409425966408275   0.201047814500798796323189271593
 364  -0.046203788876876520951534234036   0.210413571218271739080492480433
 365   0.034254307449248698843621866935   0.210413571218296201187746588289
 366   0.114712390809450701687570548494   0.210413571218296292735027585541
 367   0.195170471251599942622895241677   0.210413571218296292735027585541
 368   0.275628551693749183558219934860   0.210413571218296292735027585541
 369   0.356086632135898424493544628043   0.210413571218296292735027585541
 370   0.436544712578047665428869321226   0.210413571218296292735027585541
 371  -0.126662160263697758736708559917   0.210414080211097612115240671491
 372  -0.207153916991563233860834416733   0.210472642066143716638182946955
 373  -0.436544712578033927722643508937   0.224039726410237367960039272783
 374  -0.275663646396915770543962010833   0.224098043648834709120905443793
 375  -0.356222838767073018584037881895   0.224274061701676530015443608579
 376  -0.005974732771993835526481157788   0.233639818419167486891974666541
 377   0.074483350588376081219884022150   0.233639818419174006838454037164
 378   0.154941431030525322155232895085   0.233639818419174006838495917723
 379   0.235399511472674563090557588269   0.233639818419174006838495917723
 380   0.315857591914823804025882281452   0.233639818419174006838495917723
 381   0.396315672356973044961206974635   0.233639818419174006838495917723
 382   0.476773752799122285896531667818   0.233639818419174006838495917723
 383  -0.086432827638839946235864606327   0.233639820946403993806514496043
 384  -0.166973724814290130900117474765   0.233783843424831179107851049602
 385  -0.476773752799122285896531667818   0.247265973611138876468670183384
 386  -0.235434567294686368317547386527   0.247324223505446708388937194254
 387  -0.315993798545998386806784662332   0.247500308902554224530125935958
 388  -0.396451878988147921766383261576   0.247500308902554727262616662287
 389  -0.046203772993085599251542346731   0.256866065620024451665617081759
 390   0.034254310367301354981449892360   0.256866065620051537741571685072
 391   0.114712390809450701687570548494   0.256866065620051720941964249906
 392   0.195170471251599942622895241677   0.256866065620051720941964249906
 393   0.275628551693749183558219934860   0.256866065620051720941964249906
 394   0.356086632135898424493544628043   0.256866065620051720941964249906
 395   0.436544712578047665428869321226   0.256866065620051720941964249906
 396  -0.126662144379907046414786291485   0.256866574612850324700436866765
 397  -0.275663742083499886522909544158   0.270550705469138547642311939746
 398  -0.195307247630644756341347989635   0.270725771589386342720483649051
 399  -0.356222838767073022355572936743   0.270726556103431958222380272943
 400  -0.436680919209222449985281782346   0.270726556103432601145630876215
 401  -0.005974729853776976930199732806   0.280092312820922823435484603560
 402   0.074483350588376081219884022150   0.280092312820929435045390701529
 403   0.154941431030525322155232895085   0.280092312820929435045432582088
 404   0.396315672356973044961206974635   0.280092312820929435045432582088
 405   0.476773752799122285896531667818   0.280092312820929435045432582088
 406   0.235399511472805429204609770338   0.280092312821156101803958590137
 407  -0.086432811755049233913942337895   0.280092315348156706391710691317
 408   0.315857834669297827757045016317   0.280092733278937892033098900045
 409  -0.154943695999111219158042104200   0.293717464346415906994436164822
 410  -0.235536286687148022857108320820   0.293952020807360694123985490024
 411  -0.315993798545998390578319717180   0.293952803304309652737062600322
 412  -0.396451878988147737268856519076   0.293952803304310155469554901334
 413  -0.476773752799122285896531667818   0.294187138595726325822591569046
 414  -0.046203770074863577029209854782   0.303318560021779788208802631592
 415   0.034254310367301354981449892360   0.303318560021806965948508349437
 416   0.275628551699608464512494088636   0.303318560021807149148531384348
 417   0.114712390809450701687570548494   0.303318560021807149148900914270
 418   0.195170471251599942622896944520   0.303318560021807149148900914270
 419   0.436544712578047665428869321226   0.303318560021807149148900914270
 420   0.356016856604814972350305884566   0.303439836218185943698273089086
 421  -0.114714363374253406657198150610   0.316943205081722288685709989375
 422  -0.195307245301502149575402074012   0.317178265991141712535450705348
 423  -0.356222838767072918797218237948   0.317179050505187526620076814251
 424  -0.275764816722775982709843722944   0.317179151652940793302910250632
 425  -0.436544712578047573193033429968   0.317413385796603880168905858983
 426  -0.005974729853776976930199732806   0.326544807222678251642421267924
 427   0.074483350588376081219884022150   0.326544807222684863252327365893
 428   0.154941431030525322155234597929   0.326544807222684863252369246453
 429   0.396315672356973044961206974635   0.326544807222684863252369246453
 430   0.476773752799122285896531667818   0.326544807222684863252369246453
 431   0.235399511478664710158883924114   0.326544807222911530010525724579
 432   0.317100073395146651550879989481   0.328803706010350225715626663387
 433  -0.074485321694067749772465667498   0.340169449755345370502801929649
 434  -0.154943737158806760707213494042   0.340170035095751354062253273744
 435  -0.235535775337130109428137476137   0.340405396836721811714375465956
 436  -0.315993856943850510928742243719   0.340405398853818667185924464572
 437  -0.396315672356972754708468123429   0.340639632997481251297037507098
 438  -0.476773752799122285896531667818   0.340639632997481754029528233410
 439   0.034254310367301354981449892360   0.349771054423562394155445013802
 440   0.275628551699870196740597175642   0.349771054423562577355467311360
 441   0.195170471257459223577171098296   0.349771054423562577355468048713
 442   0.114712390809450701687572251337   0.349771054423562577355837578635
 443   0.436544712578047665428869321226   0.349771054423562577355837578635
 444   0.358129093875329949962317391843   0.352995127825853966148698758366
 445  -0.034256281472997752392151270526   0.363395696956231092028444737590
 446  -0.114714360456031175056760952360   0.363395699483477625228882385730
 447  -0.275764816722775798212316071299   0.363631646054696221509846914997
 448  -0.195306751704015164683896061597   0.363631672768764784185197124969
 449  -0.436544712578047573203580038223   0.363865880198359308394109784693
 450  -0.356086690533750363799725653538   0.363865981346112421237834737794
 451   0.154941431036384603109508751705   0.372997301624440291458936380895
 452   0.074483350588376081219885724994   0.372997301624440291459264030258
 453   0.476773752799122285896531667818   0.372997301624440291459305910817
 454   0.235504336814818022793775979246   0.373178701171486500191201176607
 455   0.317916179295608384407612403406   0.376249283092152850621648194323
 456   0.398538626873440118369006889802   0.376480073229185992675891472297
 457   0.005972758748075435783544648279   0.386621944157111286934370195258
 458  -0.074485320234961177676446555388   0.386621946684363346754525193671
 459  -0.154942892872364084690406195145   0.386622826205764470944877240687
 460  -0.235535791925088732509957138957   0.386857919969644321517401016024
 461  -0.476773752266232329559081699281   0.387092128322229317940722372729
 462  -0.315857650312675634123615525745   0.387092228546989946186722897202
 463  -0.396315730754825006156178087533   0.387092228546990173255571070723
 464   0.275976757754527176209892475999   0.396222243737600809185379879142
 465   0.114712390815309982641846405113   0.396223548825318005562404713077
 466   0.195170471257459223577171098296   0.396223548825318005562404713077
 467   0.358161325789631689017830379058   0.399447611045255917117819761070
 468   0.438767667094514738836669236393   0.399706320430063706779359804479
 469  -0.114713852816460271177047021612   0.409849073692726412271162849699
 470  -0.195306832752792941746410264332   0.410084307550559218564478709586
 471  -0.034034981957141632797389274214   0.410233887633886398012683857516
 472  -0.356086690533750384143024487260   0.410318475747867884682170028877
 473  -0.436544770431132704236262165319   0.410318476691432138802256097562
 474  -0.275628625514988568421256593403   0.410318502461938046194276998229
 475   0.056698145133152641714238811574   0.415910244929002958171436166267
 476   0.154998557980000000000000000000   0.422307259872000000000000000000
 477   0.399731250993793777160919202396   0.424885527211781288677918789317
 478   0.476773752799122285896531667818   0.426415339235687122099413698141
 479   0.310148044661000000000000000000   0.430378562382000000000000000000
 480   0.013305968518167262702443190929   0.432491959097297966285929847821
 481   0.247100949127977020544167919446   0.432609355636018509939928995003
 482  -0.074484304644715184016092996834   0.433074441075016857172503049301
 483  -0.154942893961344658634609099007   0.433075320607519886387389672291
 484  -0.315857665736063188888308227688   0.433544749662815760298803115156
 485  -0.476773752799039896698577416915   0.433544824096647211578088422543
 486  -0.396315681498325050403450163253   0.433544827467659539626860996376
 487  -0.235399666342692777657709718778   0.433544890042852943241354691791
 488   0.096927185355358578761672305238   0.439136492127921174479185613417
 489   0.201653801969422819924665494897   0.442221382024550651642783379311
 490   0.358303833441927177639220032655   0.445899886852950814446888660444
 491   0.437737336698401324220781633820   0.451594546017404703997972682979
 492   0.048549169728284209735459796582   0.462753367117336161038710415000
 493  -0.200231961588000000000000000000   0.463988081968000000000000000000
 494   0.278148781741569348423464056576   0.467161726410590144193677283510
 495  -0.352400792061000000000000000000   0.467579711231000000000000000000
 496  -0.046730812070676670697904224492   0.470324647599114257057660006272
 497  -0.413318495109859025314556275685   0.476773736380829893038543225409
 498  -0.459770989511747129732508573833   0.476773752799040271832664272746
 499   0.393011737983731631705744577365   0.476773752799122117908622581470
 500  -0.298855091696044425559908737055   0.476773752799122285896531667818
 501  -0.252402597294288997352972072691   0.476773752799122285896531667818
 502  -0.139185950725391610713185941212   0.476773752799122285896531667818
 503  -0.092733456323636182506249276847   0.476773752799122285896531667818
 504  -0.000728167817717158889559172137   0.476773752799122285896531667818
 505   0.124153474954075063838432693402   0.476773752799122285896531667818
 506   0.170605969355830492045369357766   0.476773752799122285896531667818
 507   0.232701634583015147803961632028   0.476773752799122285896531667818
 508   0.323595928900123549042966481125   0.476773752799122285896531667818
 509   0.476773752799122285896531667818   0.476773752799122285896531667818
