   1  -0.411338095851016047366571803979  -0.476695170660466051436170707749
   2  -0.330607798895426765657231575640  -0.476695170660466051436170707749
   3  -0.249877501939837483947891347301  -0.476695170660466051436170707749
   4  -0.169147204984248202238551118962  -0.476695170660466051436170707749
   5  -0.088416908028658920529210890623  -0.476695170660466051436170707749
   6  -0.007686611073069638819870662285  -0.476695170660466051436170707749
   7   0.073043685882519642889469566054  -0.476695170660466051436170707749
   8   0.153773982838108924598809794393  -0.476695170660466051436170707749
   9   0.234504279793698206308150022732  -0.476695170660466051436170707749
  10   0.315234576749287488017490251071  -0.476695170660466051436170707749
  11   0.395964873704876769726830479410  -0.476695170660466051436170707749
  12   0.476695170660466051436170707749  -0.476695170660466051436170707749
  13  -0.476630585384000000000000000000  -0.476630585384000000000000000000
  14  -0.370972947373221406511901689809  -0.453390341320932102872341415497
  15  -0.290242650417632124802561461470  -0.453390341320932102872341415497
  16  -0.209512353462042843093221233132  -0.453390341320932102872341415497
  17  -0.128782056506453561383881004793  -0.453390341320932102872341415497
  18  -0.048051759550864279674540776454  -0.453390341320932102872341415497
  19   0.032678537404725002034799451885  -0.453390341320932102872341415497
  20   0.113408834360314283744139680224  -0.453390341320932102872341415497
  21   0.194139131315903565453479908563  -0.453390341320932102872341415497
  22   0.274869428271492847162820136901  -0.453390341320932102872341415497
  23   0.355599725227082128872160365240  -0.453390341320932102872341415497
  24   0.436330022182671410581500593579  -0.453390341320932102872341415497
  25  -0.436330022182671410581500593579  -0.437352269135383783439664884312
  26  -0.330607798895426765657231575640  -0.430085511981398154308512123246
  27  -0.249877501939837483947891347301  -0.430085511981398154308512123246
  28  -0.169147204984248202238551118962  -0.430085511981398154308512123246
  29  -0.088416908028658920529210890623  -0.430085511981398154308512123246
  30  -0.007686611073069638819870662285  -0.430085511981398154308512123246
  31   0.073043685882519642889469566054  -0.430085511981398154308512123246
  32   0.153773982838108924598809794393  -0.430085511981398154308512123246
  33   0.234504279793698206308150022732  -0.430085511981398154308512123246
  34   0.315234576749287488017490251071  -0.430085511981398154308512123246
  35   0.395964873704876769726830479410  -0.430085511981398154308512123246
  36   0.476695170660466051436170707749  -0.430085511981398154308512123246
  37  -0.476695170660466051436170707749  -0.414047439795849834875835592061
  38  -0.395964873704876769726830479410  -0.414047439795849834875835592061
  39  -0.290242650417632124802561461470  -0.406780682641864205744682830994
  40  -0.209512353462042843093221233132  -0.406780682641864205744682830994
  41  -0.128782056506453561383881004793  -0.406780682641864205744682830994
  42  -0.048051759550864279674540776454  -0.406780682641864205744682830994
  43   0.032678537404725002034799451885  -0.406780682641864205744682830994
  44   0.113408834360314283744139680224  -0.406780682641864205744682830994
  45   0.194139131315903565453479908563  -0.406780682641864205744682830994
  46   0.274869428271492847162820136901  -0.406780682641864205744682830994
  47   0.355599725227082128872160365240  -0.406780682641864205744682830994
  48   0.436330022182671410581500593579  -0.406780682641864205744682830994
  49  -0.436330022182671410581500593579  -0.390742610456315886312006299810
  50  -0.355599725227082128872160365240  -0.390742610456315886312006299810
  51  -0.249877501939837483947891347301  -0.383475853302330257180853538743
  52  -0.169147204984248202238551118962  -0.383475853302330257180853538743
  53  -0.088416908028658920529210890623  -0.383475853302330257180853538743
  54  -0.007686611073069638819870662285  -0.383475853302330257180853538743
  55   0.073043685882519642889469566054  -0.383475853302330257180853538743
  56   0.153773982838108924598809794393  -0.383475853302330257180853538743
  57   0.234504279793698206308150022732  -0.383475853302330257180853538743
  58   0.315234576749287488017490251071  -0.383475853302330257180853538743
  59   0.395964873704876769726830479410  -0.383475853302330257180853538743
  60   0.476695170660466051436170707749  -0.383475853302330257180853538743
  61  -0.476695170660466051436170707749  -0.367437781116781937748177007558
  62  -0.395964873704876769726830479410  -0.367437781116781937748177007558
  63  -0.315234576749287488017490251071  -0.367437781116781937748177007558
  64  -0.209512353462042843093221233132  -0.360171023962796308617024246492
  65  -0.128782056506453561383881004793  -0.360171023962796308617024246492
  66  -0.048051759550864279674540776454  -0.360171023962796308617024246492
  67   0.032678537404725002034799451885  -0.360171023962796308617024246492
  68   0.113408834360314283744139680224  -0.360171023962796308617024246492
  69   0.194139131315903565453479908563  -0.360171023962796308617024246492
  70   0.274869428271492847162820136901  -0.360171023962796308617024246492
  71   0.355599725227082128872160365240  -0.360171023962796308617024246492
  72   0.436330022182671410581500593579  -0.360171023962796308617024246492
  73  -0.436330022182671410581500593579  -0.344132951777247989184347715307
  74  -0.355599725227082128872160365240  -0.344132951777247989184347715307
  75  -0.274869428271492847162820136901  -0.344132951777247989184347715307
  76  -0.169147204984248202238551118962  -0.336866194623262360053194954240
  77  -0.088416908028658920529210890623  -0.336866194623262360053194954240
  78  -0.007686611073069638819870662285  -0.336866194623262360053194954240
  79   0.073043685882519642889469566054  -0.336866194623262360053194954240
  80   0.153773982838108924598809794393  -0.336866194623262360053194954240
  81   0.234504279793698206308150022732  -0.336866194623262360053194954240
  82   0.315234576749287488017490251071  -0.336866194623262360053194954240
  83   0.395964873704876769726830479410  -0.336866194623262360053194954240
  84   0.476695170660466051436170707749  -0.336866194623262360053194954240
  85  -0.476695170660466051436170707749  -0.320828122437714040620518423055
  86  -0.395964873704876769726830479410  -0.320828122437714040620518423055
  87  -0.315234576749287488017490251071  -0.320828122437714040620518423055
  88  -0.234504279793698206308150022732  -0.320828122437714040620518423055
  89  -0.128782056506453561383881004793  -0.313561365283728411489365661989
  90  -0.048051759550864279674540776454  -0.313561365283728411489365661989
  91   0.032678537404725002034799451885  -0.313561365283728411489365661989
  92   0.113408834360314283744139680224  -0.313561365283728411489365661989
  93   0.194139131315903565453479908563  -0.313561365283728411489365661989
  94   0.274869428271492847162820136901  -0.313561365283728411489365661989
  95   0.355599725227082128872160365240  -0.313561365283728411489365661989
  96   0.436330022182671410581500593579  -0.313561365283728411489365661989
  97  -0.436330022182671410581500593579  -0.297523293098180092056689130804
  98  -0.355599725227082128872160365240  -0.297523293098180092056689130804
  99  -0.274869428271492847162820136901  -0.297523293098180092056689130804
 100  -0.194139131315903565453479908563  -0.297523293098180092056689130804
 101  -0.088416908028658920529210890623  -0.290256535944194462925536369737
 102  -0.007686611073069638819870662285  -0.290256535944194462925536369737
 103   0.073043685882519642889469566054  -0.290256535944194462925536369737
 104   0.153773982838108924598809794393  -0.290256535944194462925536369737
 105   0.234504279793698206308150022732  -0.290256535944194462925536369737
 106   0.315234576749287488017490251071  -0.290256535944194462925536369737
 107   0.395964873704876769726830479410  -0.290256535944194462925536369737
 108   0.476695170660466051436170707749  -0.290256535944194462925536369737
 109  -0.476695170660466051436170707749  -0.274218463758646143492859838553
 110  -0.395964873704876769726830479410  -0.274218463758646143492859838553
 111  -0.315234576749287488017490251071  -0.274218463758646143492859838553
 112  -0.234504279793698206308150022732  -0.274218463758646143492859838553
 113  -0.153773982838108924598809794393  -0.274218463758646143492859838553
 114  -0.048051759550864279674540776454  -0.266951706604660514361707077486
 115   0.032678537404725002034799451885  -0.266951706604660514361707077486
 116   0.113408834360314283744139680224  -0.266951706604660514361707077486
 117   0.194139131315903565453479908563  -0.266951706604660514361707077486
 118   0.274869428271492847162820136901  -0.266951706604660514361707077486
 119   0.355599725227082128872160365240  -0.266951706604660514361707077486
 120   0.436330022182671410581500593579  -0.266951706604660514361707077486
 121  -0.436330022182671410581500593579  -0.250913634419112194929030546301
 122  -0.355599725227082128872160365240  -0.250913634419112194929030546301
 123  -0.274869428271492847162820136902  -0.250913634419112194929030546301
 124  -0.194139131315903565453479908563  -0.250913634419112194929030546301
 125  -0.113408834360314283744139680224  -0.250913634419112194929030546301
 126  -0.007686611073069638819870662285  -0.243646877265126565797877785235
 127   0.073043685882519642889469566054  -0.243646877265126565797877785235
 128   0.153773982838108924598809794393  -0.243646877265126565797877785235
 129   0.234504279793698206308150022732  -0.243646877265126565797877785235
 130   0.315234576749287488017490251071  -0.243646877265126565797877785235
 131   0.395964873704876769726830479410  -0.243646877265126565797877785235
 132   0.476695170660466051436170707749  -0.243646877265126565797877785235
 133  -0.476695170660466051436170707749  -0.227608805079578246365201254050
 134  -0.395964873704876769726830479410  -0.227608805079578246365201254050
 135  -0.315234576749287488017490251071  -0.227608805079578246365201254050
 136  -0.234504279793698206308150022732  -0.227608805079578246365201254050
 137  -0.153773982838108924598809794393  -0.227608805079578246365201254050
 138  -0.073043685882519642889469566055  -0.227608805079578246365201254050
 139   0.032678537404725002034799451885  -0.220342047925592617234048492983
 140   0.113408834360314283744139680224  -0.220342047925592617234048492983
 141   0.194139131315903565453479908563  -0.220342047925592617234048492983
 142   0.274869428271492847162820136902  -0.220342047925592617234048492983
 143   0.355599725227082128872160365240  -0.220342047925592617234048492983
 144   0.436330022182671410581500593579  -0.220342047925592617234048492983
 145  -0.436330022182671410581500593579  -0.204303975740044297801371961798
 146  -0.355599725227082128872160365240  -0.204303975740044297801371961798
 147  -0.274869428271492847162820136902  -0.204303975740044297801371961798
 148  -0.194139131315903565453479908563  -0.204303975740044297801371961798
 149  -0.113408834360314283744139680224  -0.204303975740044297801371961798
 150  -0.032678537404725002034799451885  -0.204303975740044297801371961798
 151   0.073043685882519642889469566054  -0.197037218586058668670219200732
 152   0.153773982838108924598809794393  -0.197037218586058668670219200732
 153   0.234504279793698206308150022732  -0.197037218586058668670219200732
 154   0.315234576749287488017490251071  -0.197037218586058668670219200732
 155   0.395964873704876769726830479410  -0.197037218586058668670219200732
 156   0.476695170660466051436170707749  -0.197037218586058668670219200732
 157  -0.476695170660466051436170707749  -0.180999146400510349237542669547
 158  -0.395964873704876769726830479410  -0.180999146400510349237542669547
 159  -0.315234576749287488017490251071  -0.180999146400510349237542669547
 160  -0.234504279793698206308150022732  -0.180999146400510349237542669547
 161  -0.153773982838108924598809794393  -0.180999146400510349237542669547
 162  -0.073043685882519642889469566055  -0.180999146400510349237542669547
 163   0.007686611073069638819870662284  -0.180999146400510349237542669547
 164   0.113408834360314283744139680224  -0.173732389246524720106389908480
 165   0.194139131315903565453479908563  -0.173732389246524720106389908480
 166   0.274869428271492847162820136902  -0.173732389246524720106389908480
 167   0.355599725227082128872160365240  -0.173732389246524720106389908480
 168   0.436330022182671410581500593579  -0.173732389246524720106389908480
 169  -0.436330022182671410581500593579  -0.157694317060976400673713377296
 170  -0.355599725227082128872160365240  -0.157694317060976400673713377296
 171  -0.274869428271492847162820136902  -0.157694317060976400673713377296
 172  -0.194139131315903565453479908563  -0.157694317060976400673713377296
 173  -0.113408834360314283744139680224  -0.157694317060976400673713377296
 174  -0.032678537404725002034799451885  -0.157694317060976400673713377296
 175   0.048051759550864279674540776454  -0.157694317060976400673713377296
 176   0.153773982838108924598809794393  -0.150427559906990771542560616229
 177   0.234504279793698206308150022732  -0.150427559906990771542560616229
 178   0.315234576749287488017490251071  -0.150427559906990771542560616229
 179   0.395964873704876769726830479410  -0.150427559906990771542560616229
 180   0.476695170660466051436170707749  -0.150427559906990771542560616229
 181  -0.476695170660466051436170707749  -0.134389487721442452109884085044
 182  -0.395964873704876769726830479410  -0.134389487721442452109884085044
 183  -0.315234576749287488017490251071  -0.134389487721442452109884085044
 184  -0.234504279793698206308150022732  -0.134389487721442452109884085044
 185  -0.153773982838108924598809794394  -0.134389487721442452109884085044
 186  -0.073043685882519642889469566055  -0.134389487721442452109884085044
 187   0.007686611073069638819870662284  -0.134389487721442452109884085044
 188   0.088416908028658920529210890623  -0.134389487721442452109884085044
 189   0.194139131315903565453479908563  -0.127122730567456822978731323978
 190   0.274869428271492847162820136902  -0.127122730567456822978731323978
 191   0.355599725227082128872160365240  -0.127122730567456822978731323978
 192   0.436330022182671410581500593579  -0.127122730567456822978731323978
 193  -0.436330022182671410581500593579  -0.111084658381908503546054792792
 194  -0.355599725227082128872160365241  -0.111084658381908503546054792793
 195  -0.274869428271492847162820136902  -0.111084658381908503546054792793
 196  -0.194139131315903565453479908563  -0.111084658381908503546054792793
 197  -0.113408834360314283744139680224  -0.111084658381908503546054792793
 198  -0.032678537404725002034799451885  -0.111084658381908503546054792793
 199   0.048051759550864279674540776454  -0.111084658381908503546054792793
 200   0.128782056506453561383881004792  -0.111084658381908503546054792793
 201   0.234504279793698206308150022732  -0.103817901227922874414902031726
 202   0.315234576749287488017490251071  -0.103817901227922874414902031726
 203   0.395964873704876769726830479410  -0.103817901227922874414902031726
 204   0.476695170660466051436170707749  -0.103817901227922874414902031726
 205  -0.476695170660466051436170707749  -0.087779829042374554982225500541
 206  -0.395964873704876769726830479410  -0.087779829042374554982225500541
 207  -0.315234576749287488017490251071  -0.087779829042374554982225500541
 208  -0.234504279793698206308150022732  -0.087779829042374554982225500541
 209  -0.153773982838108924598809794394  -0.087779829042374554982225500541
 210  -0.073043685882519642889469566055  -0.087779829042374554982225500541
 211   0.007686611073069638819870662284  -0.087779829042374554982225500541
 212   0.088416908028658920529210890623  -0.087779829042374554982225500542
 213   0.169147204984248202238551118962  -0.087779829042374554982225500542
 214   0.274869428271492847162820136902  -0.080513071888388925851072739475
 215   0.355599725227082128872160365240  -0.080513071888388925851072739475
 216   0.436330022182671410581500593579  -0.080513071888388925851072739475
 217  -0.436330022182671410581500593579  -0.064474999702840606418396208289
 218  -0.355599725227082128872160365240  -0.064474999702840606418396208290
 219  -0.274869428271492847162820136902  -0.064474999702840606418396208290
 220  -0.194139131315903565453479908563  -0.064474999702840606418396208290
 221  -0.113408834360314283744139680224  -0.064474999702840606418396208290
 222  -0.032678537404725002034799451885  -0.064474999702840606418396208290
 223   0.048051759550864279674540776454  -0.064474999702840606418396208290
 224   0.128782056506453561383881004792  -0.064474999702840606418396208290
 225   0.209512353462042843093221233131  -0.064474999702840606418396208290
 226   0.315234576749287488017490251071  -0.057208242548854977287243447223
 227   0.395964873704876769726830479410  -0.057208242548854977287243447223
 228   0.476695170660466051436170707749  -0.057208242548854977287243447223
 229  -0.476695170660466051436170707749  -0.041170170363306657854566916038
 230  -0.395964873704876769726830479410  -0.041170170363306657854566916038
 231  -0.315234576749287488017490251071  -0.041170170363306657854566916038
 232  -0.234504279793698206308150022732  -0.041170170363306657854566916039
 233  -0.073043685882519642889469566055  -0.041170170363306657854566916039
 234   0.007686611073069638819870662284  -0.041170170363306657854566916039
 235   0.088416908028658920529210890623  -0.041170170363306657854566916039
 236   0.169147204984248202238551118962  -0.041170170363306657854566916039
 237   0.249877501939837483947891347301  -0.041170170363306657854566916039
 238  -0.153773982838108924598810598609  -0.041170170363306657854565523096
 239   0.355599725227082128872160365240  -0.033903413209321028723414154972
 240   0.436330022182671410581500593579  -0.033903413209321028723414154972
 241  -0.436330022182671410581500593579  -0.017865341023772709290737623787
 242  -0.355599725227082128872160365240  -0.017865341023772709290737623787
 243  -0.274869428271492847162820136902  -0.017865341023772709290737623787
 244  -0.113408834360314283744139680224  -0.017865341023772709290737623787
 245  -0.032678537404725002034799451885  -0.017865341023772709290737623787
 246   0.048051759550864279674540776454  -0.017865341023772709290737623787
 247   0.128782056506453561383881004792  -0.017865341023772709290737623787
 248   0.209512353462042843093221233131  -0.017865341023772709290737623787
 249   0.290242650417632124802561461470  -0.017865341023772709290737623787
 250  -0.194139131315903565453480712779  -0.017865341023772709290736230844
 251   0.395964873704876769726830479410  -0.010598583869787080159584862721
 252   0.476695170660466051436170707749  -0.010598583869787080159584862721
 253  -0.476695170660466051436170707749   0.005439488315761239273091668465
 254  -0.395964873704876769726830479410   0.005439488315761239273091668465
 255  -0.315234576749287488017490251071   0.005439488315761239273091668465
 256  -0.073043685882519642889469566055   0.005439488315761239273091668464
 257   0.007686611073069638819870662284   0.005439488315761239273091668464
 258   0.088416908028658920529210890623   0.005439488315761239273091668464
 259   0.169147204984248202238551118962   0.005439488315761239273091668464
 260   0.249877501939837483947891347301   0.005439488315761239273091668464
 261   0.330607798895426765657231575639   0.005439488315761239273091668464
 262  -0.153773982838108924598810598609   0.005439488315761239273093061407
 263  -0.234504279793698206339827746469   0.005439488315761239327959095445
 264   0.436330022182671410581500593579   0.012706245469746868404244429531
 265  -0.436330022182671410581500593579   0.028744317655295187836920960716
 266  -0.355599725227082128872160365240   0.028744317655295187836920960716
 267  -0.113408834360314283744139680224   0.028744317655295187836920960716
 268  -0.032678537404725002034799451885   0.028744317655295187836920960716
 269   0.048051759550864279674540776453   0.028744317655295187836920960716
 270   0.128782056506453561383881004792   0.028744317655295187836920960716
 271   0.209512353462042843093221233131   0.028744317655295187836920960715
 272   0.290242650417632124802561461470   0.028744317655295187836920960715
 273   0.370972947373221406511901689809   0.028744317655295187836920960715
 274  -0.194139131315903565453480712778   0.028744317655295187836922353659
 275  -0.274869428271492847201228501210   0.028744317655295187903446199135
 276   0.476695170660466051436170707749   0.036011074809280816968073721782
 277  -0.476695170660466051436170707749   0.052049146994829136400750252968
 278  -0.395964873704876769726830479410   0.052049146994829136400750252968
 279  -0.073043685882519642889469566055   0.052049146994829136400750252967
 280   0.007686611073069638819870662284   0.052049146994829136400750252967
 281   0.088416908028658920529210890623   0.052049146994829136400750252967
 282   0.169147204984248202238551118962   0.052049146994829136400750252967
 283   0.249877501939837483947891347301   0.052049146994829136400750252967
 284   0.330607798895426765657231575639   0.052049146994829136400750252967
 285   0.411338095851016047366571803978   0.052049146994829136400750252967
 286  -0.234504279793698206339827746469   0.052049146994829136455617679948
 287  -0.315234576749287488055898615380   0.052049146994829136467275491386
 288  -0.154955973650950454236787633452   0.053985958600024506244353284589
 289  -0.113532850263819873178639908046   0.075353811347405672306739103710
 290  -0.436330022182671410581500593579   0.075353976334363084964579545219
 291   0.048051759550864279674540776453   0.075353976334363084964579545218
 292   0.128782056506453561383881004792   0.075353976334363084964579545218
 293   0.209512353462042843093221233131   0.075353976334363084964579545218
 294   0.290242650417632124802561461470   0.075353976334363084964579545218
 295   0.370972947373221406511901689809   0.075353976334363084964579545218
 296   0.451703244328810688221241918148   0.075353976334363084964579545218
 297  -0.355599725227082128910568729549   0.075353976334363085031104783637
 298  -0.274869428271492847209562781656   0.075353976334363085045540180814
 299  -0.032678537404753698134741458388   0.075353976334412788067658104125
 300  -0.195321122128745095089724311380   0.077290787939558454811184976483
 301  -0.073167701786025232323969793877   0.098658640686939620870568395961
 302  -0.476695170660466051436170707749   0.098658805673897033528408837470
 303   0.007686611073069638819870580682   0.098658805673897033528408837470
 304   0.088416908028658920529210890623   0.098658805673897033528408837470
 305   0.169147204984248202238551118962   0.098658805673897033528408837470
 306   0.249877501939837483947891347301   0.098658805673897033528408837470
 307   0.330607798895426765657231575639   0.098658805673897033528408837470
 308   0.411338095851016047366571803978   0.098658805673897033528408837470
 309  -0.315234576749287488064232895825   0.098658805673897033609369473065
 310  -0.395964873676995290061819226006   0.098658805722189172964743482084
 311  -0.235686270606539735943570037305   0.100595617279092403376442151058
 312  -0.154955973680028575681650975463   0.100595617329457187036614853254
 313   0.476695170660466051436170707749   0.114696877859445352961085368654
 314  -0.113532850266917643761556862288   0.121963470026473569434294746217
 315  -0.032802553308259287569241686210   0.121963470026523272537476247120
 316  -0.436330022182671410581461801660   0.121963635013430982092238129722
 317   0.048051759550864279674540694852   0.121963635013430982092238129721
 318   0.128782056506453561383881004792   0.121963635013430982092238129721
 319   0.209512353462042843093221233131   0.121963635013430982092238129721
 320   0.290242650417632124802561461470   0.121963635013430982092238129721
 321   0.370972947373221406511901689809   0.121963635013430982092238129721
 322  -0.355599725146428826215739504535   0.121963635153126600397097458850
 323  -0.276051419084334376798240151474   0.123900446618626351940271443310
 324  -0.195321122157823216535496701388   0.123900446668991135601872027830
 325   0.436330022182671410581500593579   0.138001707198979301524914660905
 326  -0.073167701789123002906886748119   0.145268299366007517998124038468
 327   0.007562595169564049385370352860   0.145268299366007517998226980464
 328  -0.476695170660466051436170707749   0.145268464352964930656067421973
 329   0.088416908028658920529210809021   0.145268464352964930656067421973
 330   0.169147204984248202238551118962   0.145268464352964930656067421972
 331   0.249877501939837483947891347301   0.145268464352964930656067421972
 332   0.330607798895426765657231575639   0.145268464352964930656067421972
 333  -0.395964873676995290062036962880   0.145268464401257070092402066587
 334  -0.235686270635617857390166815558   0.147205276008525084165701320082
 335  -0.316416567481475714735996131514   0.147205276097855918396189599357
 336  -0.155320087895925981108714681104   0.147824859726738923173118054571
 337   0.395964873704876769726830479410   0.161306536538513250088743953157
 338   0.476695170660466051436170707749   0.161306536538513250088743953157
 339  -0.113583164872245164316908098973   0.168573101548506653243234525436
 340   0.047927743647358690240040467030   0.168573128705541466562056272715
 341  -0.032802553311357071136552575252   0.168573128705591192154661890125
 342  -0.436330022182671410581500593579   0.168573293692498879219896714225
 343   0.128782056506453561383880923190   0.168573293692498879219896714224
 344   0.209512353462042843093221233131   0.168573293692498879219896714224
 345   0.290242650417632124802561461470   0.168573293692498879219896714224
 346  -0.356781716012042178582293589859   0.170510105345986388091494207094
 347  -0.276051419032759195327922795597   0.170510105487754650621619476129
 348  -0.195685236373720621963384795273   0.171129689066272871736947346823
 349   0.355599725227082128872160365240   0.184611365878047198652573245408
 350   0.436330022182671410581500593579   0.184611365878047198652573245408
 351  -0.073218016394450523462237984803   0.191877930888040601807063817687
 352   0.007562595166466278802453398544   0.191877958045075415125782622971
 353   0.088292892125153331094710581199   0.191877958045075415125885564967
 354  -0.476695170660466051436170707749   0.191878123032032827783726006476
 355   0.169147204984248202238551037360   0.191878123032032827783726006475
 356   0.249877501939837483947891347301   0.191878123032032827783726006475
 357  -0.397146864542182300323329519549   0.193814934675204207497365785190
 358  -0.316416566559245795635240709490   0.193814936475152500657282251525
 359  -0.155320087896355058216117180156   0.194434518406550003651146655539
 360  -0.236050384770861959901140775313   0.194434518545502438192865502870
 361   0.315234576749287488017490251071   0.207916195217581147216402537660
 362   0.395964873704876769726830479410   0.207916195217581147216402537660
 363   0.476695170660466051436170707749   0.207916195217581147216402537660
 364  -0.113583164872304790426154933368   0.215182760227574550370893071800
 365  -0.032852867916684619367069240179   0.215182760227624323898394298797
 366   0.047927743644260919657123512714   0.215182787384609363689611915222
 367   0.128658040602947971949380695369   0.215182787384609363689714857218
 368   0.209512353462042843093221151529   0.215182952371566776347555298726
 369  -0.437512013019976941177999633719   0.217119764014738156061195077441
 370  -0.356781716070343679395706923699   0.217119764025054285182689694747
 371  -0.195685236293496396153873160196   0.217739347885779570107064811587
 372  -0.276415532297304459707883848151   0.217739349532826553268752809760
 373   0.274869428271492847162820136902   0.231221024557115095780231829911
 374   0.355599725227082128872160365240   0.231221024557115095780231829911
 375   0.436330022182671410581500593579   0.231221024557115095780231829911
 376  -0.073218016394510149571484819198   0.238487589567108498934722364051
 377   0.007512280561138758247102161703   0.238487589567108498934722402190
 378   0.088292892122055560511793626883   0.238487616724143312253441207474
 379   0.169023189080742612804050809538   0.238487616724143312253544149469
 380  -0.397146864548138320250377037869   0.240424593364588233746518986998
 381  -0.316780682878772171204394849384   0.241044178872360454359155847003
 382  -0.236050383819938895960616233033   0.241044178873103685182952118477
 383  -0.155320088896324846583406605697   0.241044179097007516392323930100
 384  -0.476695170660466051436170707749   0.242361404997443484338664148407
 385   0.234504279793698206308150000835   0.254525853896649044344061084236
 386   0.315234576749287488017490251071   0.254525853896649044344061122162
 387   0.395964873704876769726830479410   0.254525853896649044344061122162
 388   0.476695170660466051436170707749   0.254525853896649044344061122162
 389  -0.113583164872373469786108075543   0.261792418906642447498551605703
 390   0.047877429038933399101772275872   0.261792418906642447498551694441
 391  -0.032852867916744376321023916026   0.261792418906692447655734727416
 392   0.128658040599850201366463741053   0.261792446063677260817270499725
 393  -0.357145831356566812059064963554   0.264349008211894402922985139255
 394  -0.276415534400977530349724735215   0.264349008211894402922985139255
 395  -0.195684474909695197724258843225   0.264350329013775007226624957888
 396  -0.436330022188627430508548111898   0.265666234347293562023988057964
 397   0.194105761848730709866930769770   0.277772789824408395337533018023
 398   0.274869428271492847162820136901   0.277830683236182992907890414414
 399   0.355599725227082128872160365240   0.277830683236182992907890414414
 400   0.436330022182671410581500593579   0.277830683236182992907890414414
 401  -0.073218016394578828931437961373   0.285097248246176396062380897955
 402   0.007512280561079132137855326561   0.285097248246176396062380948554
 403   0.088242577516728039956442390042   0.285097248246176396062380986693
 404  -0.316780682878772171204394849384   0.287653837551428351486814431506
 405  -0.236050385923611966602457120098   0.287653837552171534837184447971
 406  -0.155329467514244755723982322866   0.287672714404046506930928551213
 407  -0.476695170660466051436170707749   0.288971063697143639709311967521
 408  -0.396328988997055922317236037583   0.289590649194599731200454210220
 409   0.153740613370101719330770198979   0.301077619162497207861682187260
 410   0.234504279793698206308150000835   0.301135512575716941471719668738
 411   0.315234576749287488017490251071   0.301135512575716941471719706665
 412   0.395964873704876769726830479410   0.301135512575716941471719706665
 413   0.476695170660466051436170707749   0.301135512575716941471719706665
 414  -0.113583164872431204994526435603   0.308402077585710344626210154448
 415   0.047877429038873772992525440730   0.308402077585710344626210240805
 416  -0.032852867916813055680977058201   0.308402077585760344783393261319
 417  -0.276415534401406607457127234267   0.310958666891705483401013740223
 418  -0.195695378528169700205893592909   0.310976222942457180648624050475
 419  -0.355963840519261281462565923414   0.312895478534133679764283502472
 420  -0.436694137468894543244858633434   0.312895478544449808885778119777
 421   0.194105761848730709866930769769   0.324382448503476292465191602526
 422   0.274869428271492847162820136901   0.324440341915250890035548998916
 423   0.355599725227082128872160365240   0.324440341915250890035548998917
 424   0.436330022182671410581500593579   0.324440341915250890035548998917
 425   0.109457296243231711851709503345   0.326599007143053812270749643866
 426  -0.073218016394636564139856321433   0.331706906925244293190039446699
 427   0.007512280561010452777902184386   0.331706906925244293190039482457
 428  -0.236060527005964341060563707078   0.334281052281991129212453342726
 429  -0.155346839231906980867851325152   0.334309796582968239113433248459
 430  -0.315598692041895717715298308297   0.336200307874410811678482811188
 431  -0.396328988991099902390188519264   0.336200307883983757449607412029
 432  -0.476695170660466051436170707749   0.336819893391755978062244272034
 433   0.151062429421461027366211534953   0.347610270203636618752594656720
 434   0.234504279793698206308150000835   0.347745171254784838599378253241
 435   0.315234576749287488017490251071   0.347745171254784838599378291168
 436   0.395964873704876769726830479410   0.347745171254784838599378291168
 437   0.476695170660466051436170707749   0.347745171254784838599378291168
 438   0.069092147763246930624104119475   0.349903836483676829395658422291
 439  -0.113586930445035449820484376318   0.355011736112668813549190861715
 440  -0.031880797895000000000000000000   0.356715084140000000000000000000
 441  -0.195711987709701621722521439321   0.357614625922502187677262540710
 442  -0.355963840513734338642920904147   0.359505137224260889363806720745
 443  -0.275243684646453451318734781108   0.359522693264696457489922413692
 444  -0.436330022182671410581500593579   0.360124722731289926626073564285
 445   0.191427577898474985047841720807   0.370915099544522750236690886528
 446   0.355599725227082128872160365240   0.371050000594318787163207583419
 447   0.436330022182671410581500593579   0.371050000594318787163207583419
 448   0.274608544619507764610491063754   0.371496207552798818669814214862
 449   0.109457296241670345505674943183   0.373208665822121709398382076440
 450   0.028726999285436639430225811626   0.373208665823183670776823414796
 451  -0.073221781967240808965814262149   0.378316565452202762113020153966
 452  -0.155349113274604290352141072090   0.380923393575807577128718016606
 453  -0.315608833118292304510973282818   0.382827522614546937065539092551
 454  -0.234895145350190731980692513351   0.382856266905207515954731611676
 455  -0.476695170660466051436170707749   0.383429552070823875189902856536
 456  -0.395964873680564163460404984616   0.383429552112934544558497207060
 457   0.151062429419899661020176974790   0.394219928882704515880227089295
 458   0.231761428075847093958997404536   0.394274055258520524059744774128
 459   0.315234576749287488017490251071   0.394354829933852735727036875671
 460   0.395964873704876769726830479410   0.394354829933852735727036875671
 461   0.476695170660466051436170707749   0.394354829933852735727036875671
 462   0.069092147764504478677934922075   0.396513495162744726523300042208
 463  -0.113587252349944559222524300682   0.401621394790625108774511290092
 464  -0.275260293822029352834039457007   0.406161096255057593768704724522
 465  -0.194532270915093400610312146119   0.406165034558512905406187087571
 466  -0.436330022182671410581500593579   0.406734381410357823753732148788
 467  -0.355612351245029234315678555263   0.406756236738719857584770485120
 468   0.004496760776407506576277347840   0.413025192843690758366747155109
 469  -0.042112897902488034469125956120   0.413025319599031199431587182258
 470   0.355748098335000000000000000000   0.418464754910000000000000000000
 471  -0.153491586086609674686119884618   0.428258529421373309355961310105
 472  -0.234897419386932021463659089776   0.429469863908362983220160200417
 473  -0.476695170660466051436170707749   0.430039210749891772317561441039
 474  -0.395977620894990047736427978384   0.430061275599193611386038523013
 475  -0.315261326487854841710385290019   0.430085511981398154324124948468
 476   0.447194801069584721850531501933   0.430440678630822763950427851529
 477   0.097770920888876708501198918346   0.433292939851096589011942218194
 478   0.199921789598379690153849994900   0.434195197252251367063183848888
 479  -0.082478156152965248224200624336   0.436329958805667516149581167432
 480   0.044861909254521593227022987209   0.436330022182671410581500593579
 481   0.299354380986013280524422022451   0.438175825640240983648373040848
 482   0.246327642837673695595551073663   0.438549168693627092376948483471
 483   0.143855562583658964290905575905   0.440269047794839016778757455759
 484   0.401707891139890783361998560244   0.440609321963496023212779731890
 485  -0.194293145947853585875615280992   0.452774079833322514044826726334
 486  -0.436343306950277598253230582572   0.453367034851028712914673270113
 487  -0.355626474984724445915052603754   0.453390341287893297182019203794
 488  -0.018808178335489569091880973259   0.453390531453829734718176722575
 489  -0.274795703816559214650892989891   0.453565240679681119812145053323
 490   0.476695170660466051436170707749   0.466526527327792792173818827387
 491  -0.107680474417553949082035422270   0.476667468311758833166238352767
 492  -0.476695082728504271375480960712   0.476695011269239430209166155021
 493  -0.395991623443444123392683311822   0.476695170660466051436170707749
 494  -0.315261326526004768437421895686   0.476695170660466051436170707749
 495  -0.234296167031501239087295672598   0.476695170660466051436170707749
 496  -0.154290124864205932663934889385   0.476695170660466051436170707749
 497  -0.059173436585966782846955641476   0.476695170660466051436170707749
 498   0.021557079914987644663193694958   0.476695170660466051436170707749
 499   0.068166738594055541790852279461   0.476695170660466051436170707749
 500   0.114776397273123438918510863963   0.476695170660466051436170707749
 501   0.172934727894194489663300287848   0.476695170660466051436170707749
 502   0.219544386573262386790958872350   0.476695170660466051436170707749
 503   0.273110899102085004400143274976   0.476695170660466051436170707749
 504   0.325597862869941556648700769926   0.476695170660466051436170707749
 505   0.372207521549009453776359354429   0.476695170660466051436170707749
 506   0.431208260730772112947637766060   0.476695170660466051436170707749
