   1  -0.477200899476030276479545450055  -0.477200943520624357605766493350
   2   0.002237293995372909602844965389  -0.477200943520624357605766493350
   3   0.081216708559352905906362620381  -0.477200943520624357605766493350
   4   0.160195027119733480752322285739  -0.477200943520624357605766493350
   5   0.239178390357379524821337607991  -0.477200943520624357605766493350
   6   0.319244446772970382203062036514  -0.477200943520624357605766493350
   7   0.398222695146802305985682169259  -0.477200943520624357605766493350
   8   0.477200943520624357605766493350  -0.477200943520624357605766493350
   9  -0.319204991477250620553584804581  -0.477200943519978610152529966721
  10  -0.398188116102390506777070124099  -0.477200943435569589035826887026
  11  -0.076743687661179387592594817106  -0.477200940120946594516868523335
  12  -0.240185644247079078863097832230  -0.477200932249800347959758382452
  13  -0.161180800516168348381907166230  -0.477200909036130931867926884555
  14  -0.117528095872009020293088517716  -0.456809216059853839348506481258
  15   0.279651001165478581286301568799  -0.454583539374135086744750536937
  16  -0.279695358031721508441393804367  -0.454437290401136877335318852941
  17  -0.437694276726000000000000000000  -0.454430682840000000000000000000
  18  -0.200683211843489798683881506212  -0.454424809385932324307250219540
  19   0.199686708738556502786829946865  -0.454406317217116820155566532499
  20  -0.358696567182214539898342633759  -0.454405927178461927610507593631
  21  -0.037253195851366725215820016831  -0.454404252597080307837615446049
  22   0.041727001277362907754603792885  -0.454402897021378244355340984802
  23   0.120705867839543193329342453060  -0.454401947824699434958095848573
  24   0.358733570959886344094372102887  -0.454401887041257264755079288135
  25   0.437711819333713331795724331305  -0.454401887041248715211532986700
  26  -0.155739911683579273472468509622  -0.431928536000785666136626499669
  27   0.240259831309411818098251914332  -0.431615656520690822754789332995
  28  -0.398203839422539920413105136690  -0.431602832820002630461603755846
  29  -0.319209452596596679250304489038  -0.431602830779447713525597256287
  30   0.319240715568374637296339794032  -0.431602830714531668264072698663
  31  -0.477200665420875113185759185153  -0.431602830562473775479144618243
  32   0.081216638657117619817097702313  -0.431602830561926653132151707512
  33   0.160194957217498194663057367672  -0.431602830561926653132151707512
  34   0.002237226280094597114778036566  -0.431602830561923352956316287906
  35   0.398222695146802305985682169259  -0.431602830561873072817299480049
  36   0.477200943520624357605766493350  -0.431602830561873072817299480049
  37  -0.240226668062090669124024971137  -0.431602823160753729970152584073
  38  -0.076743726531493723002379189393  -0.431602768430900382798534814953
  39  -0.116327934299192673948699242141  -0.408969165423424652015880324765
  40  -0.200724212303969382235283193989  -0.408826674989599096076464611032
  41  -0.437702051244488464226724751654  -0.408819371247861628559126734982
  42   0.279746600165834623924337708177  -0.408812298874503622214110352878
  43   0.199686638836321216697565028797  -0.408808204258419115681951746661
  44  -0.358712236459500800509446474774  -0.408807765354705959575665239338
  45  -0.279718007837621353636221815974  -0.408807488285738224932974745386
  46  -0.037253232191937861615231837378  -0.408806085288360250478724270643
  47   0.041726932468607061088477566175  -0.408804782168606826525806862381
  48   0.120705797937307907240077534992  -0.408803834866001730484481062735
  49   0.358733570959886344094372102887  -0.408803774082505979966612274834
  50   0.437711819333713331795724331305  -0.408803774082497430423065973399
  51  -0.160897233782220163798674944708  -0.386622951915557524474006861554
  52   0.239187878573109340734620359383  -0.386030145415404578761555101685
  53  -0.319225367358929203366778835076  -0.386004720597996699524195700666
  54  -0.398206946653823109322663277004  -0.386004719797011170179333687526
  55   0.319244446596713620368618169328  -0.386004717908424556516141144702
  56   0.160200072578299204435455962703  -0.386004717890105183076446018131
  57  -0.477199404426076049004988346809  -0.386004717621158605700627319626
  58   0.002237296467648450875264665425  -0.386004717603226086770772972813
  59   0.398222695146792433823146358754  -0.386004717603121788028832467818
  60   0.477200943520624357605766493350  -0.386004717603121788028832466749
  61   0.081216708845382346659852880794  -0.386004717600436215779882214948
  62  -0.240200118414501774421622174974  -0.386004696138210330818348997405
  63  -0.076743538739109282411220288840  -0.386004649500078078803240056163
  64  -0.116326351407931998711480383064  -0.363368634835851267867933789015
  65  -0.200473244527735584775598200424  -0.363229136196276767166769534171
  66  -0.437703087026000000000000000000  -0.363216747171000000000000000000
  67   0.279750426331069155913360111973  -0.363214143789813454877042895735
  68   0.199710881097767910990029029482  -0.363210097743873999132333110100
  69  -0.279733983169988900204663040958  -0.363209339985966046849702120279
  70  -0.358716148766435756835400903701  -0.363208219087331155582356311123
  71  -0.037253101478620753281603303819  -0.363207867482116397166499574749
  72   0.041727002655710079862987438201  -0.363206669209128645201030096517
  73   0.120706289249314129974244755217  -0.363205721909897347857118574692
  74   0.358733570696527884725560756112  -0.363205661123754695938677590842
  75   0.437711819333713331795724331305  -0.363205661123746145634598960099
  76  -0.156209702312779987715645829766  -0.341266385212719060970525481783
  77   0.240244464681765369003981067345  -0.340444275552101136927509229078
  78  -0.076927847777669541172630633201  -0.340406800800060284466961145491
  79  -0.319227997537253063912192822782  -0.340406607715093393694644610204
  80  -0.398215338350544258903301492902  -0.340406607243404699297035400420
  81   0.319234654969979405423459214225  -0.340406606000988216429297274686
  82   0.160195378646440787492195754589  -0.340406605172953768547559751787
  83  -0.477200758959597909804587097528  -0.340406604682526147582785250329
  84   0.002237648009550586443830398819  -0.340406604645829920658716141468
  85   0.398222695146802305985682168025  -0.340406604644370503240365455586
  86   0.477200943520624357605766493350  -0.340406604644370503240365453448
  87   0.081217060387289151559067187237  -0.340406604643040049703823921313
  88  -0.240246972920230212921435368778  -0.340406592544626565264884014969
  89  -0.116985268256974184219695924172  -0.317775247610578782046355781651
  90  -0.200743718975208173954336438396  -0.317631810846830465492986514291
  91   0.279725137038953328633138929233  -0.317615609798080855991467341416
  92  -0.437707815934000000000000000000  -0.317612887822000000000000000000
  93   0.199687067269083229584587063919  -0.317611991003565085033481598857
  94  -0.358724575734969074976622174720  -0.317610061614211894381113704566
  95  -0.037252750576024828951829240137  -0.317609754524715306759318076786
  96  -0.279737415301593536411514705768  -0.317609627048844864568043991758
  97   0.041727354197616884762201744644  -0.317608556251732479124971802882
  98   0.120706219669837342192860940288  -0.317607608951199149734698945196
  99   0.358733570959886343216185015709  -0.317607548165003411910742901777
 100   0.437711819333713331795724328843  -0.317607548164994860846131946798
 101  -0.160664690442909350425662278056  -0.295886356806228588556235035125
 102   0.239202219265507771811844941937  -0.294858075558119056001886803399
 103  -0.076742631481175463610766520346  -0.294809056008125551249981930395
 104  -0.319236900520274009648123906074  -0.294808495625486948142715682733
 105  -0.398216844296645856953711985935  -0.294808494139411942140665020074
 106   0.319244445382910260539528188912  -0.294808494093291243340960372375
 107   0.160200508017606687341935972136  -0.294808492502706184170993368556
 108  -0.477200675154671762803596640333  -0.294808491723851875473032195755
 109   0.002237718200923158672770552054  -0.294808491687132660351350278698
 110   0.398222695146792432066772185632  -0.294808491685619218451898443354
 111   0.477200943520624357605766493350  -0.294808491685619218451898440148
 112   0.081217130578659194077351402384  -0.294808491684339083269054029386
 113  -0.240218836999743031750893663533  -0.294808468975894457696050037421
 114  -0.116327935659663232256250068010  -0.272177358242570392931742799128
 115  -0.200213209773273614839113510766  -0.272035029351255783337546250936
 116   0.279750735350683259278520147355  -0.272017382376452721335143314981
 117   0.199739174455976128250777558128  -0.272013907817535039417494577811
 118  -0.437708511541000000000000000000  -0.272012708913000000000000000000
 119  -0.037252619528225903987149822641  -0.272011537253770560479344411554
 120  -0.279746424027200476641303268970  -0.272011486639018977070302580798
 121   0.041727424388984787677126288661  -0.272010443293035218810418239337
 122  -0.358726866041366847288778151163  -0.272010428063521391387653867019
 123   0.120708443805336956452341250774  -0.272009496046691104442366657253
 124   0.358733569072798803625940080652  -0.272009435206252166171034170406
 125   0.437711819333713331795724331305  -0.272009435206243576057664933498
 126  -0.156435565971473861527023643634  -0.250484753330198796881413545763
 127   0.240230919700468027453566563884  -0.249271567896156679835196000220
 128  -0.076931412190151608977388863275  -0.249211237715750323640155941794
 129  -0.319238148189437360329838057762  -0.249210382683796496177392077452
 130   0.319235389278121528094340629960  -0.249210382033842905885409296770
 131  -0.398218640404191865834530033449  -0.249210380850296400056544207149
 132   0.160197533393701852203127219101  -0.249210379640980706049515358048
 133   0.081219215321983733042866728269  -0.249210378773244976041998162192
 134  -0.477200724430675187224864464035  -0.249210378765127215958682126747
 135   0.002238882228958563312074140734  -0.249210378743239021850290504225
 136   0.398222695146802305985682166791  -0.249210378726867933663431431123
 137   0.477200943520624357605766493350  -0.249210378726867933663431426848
 138  -0.240258479027331349079748339746  -0.249210356379214804322349664075
 139  -0.117445137801452201287181385192  -0.226592898319544162440803410795
 140  -0.200752619202828217418258206275  -0.226440092429298083608763122719
 141   0.279701543826914710694078922082  -0.226419016475409278575646343775
 142   0.199689254750842031311863513986  -0.226415822184231516135724939045
 143  -0.037251379602974232596290565903  -0.226413292836386065807790181099
 144  -0.437709567980000000000000000000  -0.226412815267000000000000000000
 145   0.041729509132309326642641614546  -0.226412330381941111583362372144
 146  -0.358728768447112263872183874832  -0.226412286089959702729052160152
 147  -0.279748246995021463739874967532  -0.226412100081646494958483299593
 148   0.120708374608335637037570571169  -0.226411383087992324293685212976
 149   0.358733570959886298126563881908  -0.226411322247500920431323572991
 150   0.437711819333713331795724331305  -0.226411322247492291269197920197
 151  -0.160474432681298838142365379808  -0.205065799221197686988869460181
 152   0.239217532900668075518285642339  -0.203684717241685789316713437711
 153  -0.076740033316977813826135296593  -0.203613421493447461028676471201
 154   0.319244444344603915302974199072  -0.203612269974188365330638782660
 155  -0.319240198439314887286729418797  -0.203612269771134255182180085762
 156  -0.398219536134619285746499734014  -0.203612267730233453123769157393
 157   0.160202728246703137687531213875  -0.203612266978146248092719550762
 158   0.081219285520959193530135652904  -0.203612265814547535701280036525
 159  -0.477200607463521631189029416056  -0.203612265806525951797421770977
 160   0.002239873130483264356083268451  -0.203612265795254474631194010182
 161   0.398222695146802305985682166791  -0.203612265768116648874964417823
 162   0.477200943520624357605766493350  -0.203612265768116648874964413547
 163  -0.240225126356312044747409104752  -0.203612246826249495058205220987
 164  -0.116337861669819419408980609903  -0.181003691394706005589202274508
 165  -0.200031852606000000000000000000  -0.180829837954000000000000000000
 166   0.279750936263242579141413532333  -0.180820808309203193097464718820
 167   0.199767679782132383178538408424  -0.180817776162367778424782366463
 168  -0.037250388701449531552281438185  -0.180815179888401518588693687057
 169   0.041729579331290327603044748934  -0.180814217423234074295902738437
 170  -0.437709762447330554406106740710  -0.180814156373391195428505400300
 171  -0.279750494011212014852058659576  -0.180813963370358417314739422899
 172  -0.358729896331680781155011802878  -0.180813524988336705457711377786
 173   0.120713569461336922521974565942  -0.180813270425157866336889405690
 174   0.358733570959886298126563881908  -0.180813209288749635642856559691
 175   0.437711819333713331795724326368  -0.180813209288741006480730906897
 176  -0.156616874799418080377202651812  -0.159631068563039777674978356605
 177   0.240218127320720448835203729866  -0.158097584010854067035776847216
 178  -0.076954620569638909616242423758  -0.158015813467257784484539501061
 179   0.160281152986362959258068719042  -0.158014221461268541284149738865
 180   0.319244444344603915302974199072  -0.158014157015437080542171769359
 181  -0.319240952100914059531932566414  -0.158014156818602746649712440613
 182  -0.398220309924010700386499322602  -0.158014154388551166368367220362
 183   0.081219375560509262112479673935  -0.158014152855885148457585264881
 184  -0.477200739955067813334725554424  -0.158014152847967153152248146911
 185   0.002239963170039891799627223443  -0.158014152836592087400450584429
 186   0.398222695146792341887529919229  -0.158014152809365364086497405611
 187   0.477200943520624357605766493350  -0.158014152809365364086497400247
 188  -0.240261801064075959664685673169  -0.158014145588675377210093527083
 189  -0.117817406084334797426947004966  -0.135429588510233137511218254650
 190  -0.200761928395111916359587682474  -0.135233422748213005400523915825
 191   0.279751014574667513251999488175  -0.135222559651361367377437852857
 192   0.199889187091380326423110319075  -0.135219825096855622325322030526
 193  -0.037250298661890961033627535254  -0.135217066929735765465258341328
 194   0.041729669370843675612252075952  -0.135216104464566006583376617926
 195  -0.437710362427723618322409851066  -0.135215952705338461363213254889
 196  -0.358730798279088195403504896902  -0.135215402848740450886845625593
 197  -0.279751306008277283751692707851  -0.135215327511008045158430915214
 198   0.120708535178074522298573102393  -0.135215157744312907038706607496
 199   0.358733567277364857467895542429  -0.135215096329998499555325626555
 200   0.437711819333713331795724331305  -0.135215096329989721692263893597
 201  -0.160313524657973767740028348820  -0.114183046766461193657674904795
 202   0.240218127633422172330004729254  -0.112499471052102783319529291386
 203  -0.076739366905781677294250794378  -0.112417913554481156471818142057
 204   0.160197707626092146480316902511  -0.112416184855830241762150760918
 205   0.319236645266451507861742533472  -0.112416044723660989740775187837
 206  -0.319241848742578769445123873620  -0.112416043868664621828588506060
 207  -0.398220773673758526493446813218  -0.112416041339518159663772614272
 208  -0.477200700131106727728324175684  -0.112416039889233258862791288559
 209   0.002240034031529386947470851902  -0.112416039877895863560426946040
 210   0.398222695146802305985682165534  -0.112416039850614079298030393399
 211   0.477200943520624357605766493350  -0.112416039850614079298030386946
 212   0.081219447788494252709753796383  -0.112416037530209592285874897337
 213  -0.240240465674668411337776720118  -0.112416036371076428139604351973
 214  -0.116362337435846182967639445992  -0.089852273484384929470964488268
 215   0.279677849494000000000000000000  -0.089622745395000000000000000000
 216   0.199689729686928598890891417597  -0.089622148378158087054920072248
 217  -0.199662999000000000000000000000  -0.089620419416000000000000000000
 218  -0.037250205631282357761098711012  -0.089618915568616590197019706292
 219   0.041729740232333170760095703393  -0.089617991505869782743352977774
 220  -0.437710634503188843189077085950  -0.089617585413314110480812729949
 221  -0.279752444272699892651460611948  -0.089617197244644637467132766556
 222  -0.358731375058976289183724934350  -0.089617083574082275089355386378
 223   0.120708631700464664694557464159  -0.089617044785663781870389217977
 224   0.358733570959886126421520938828  -0.089616983371247363467780826453
 225   0.437711819333713331795724323854  -0.089616983371238436903796880296
 226  -0.156769426218776684583505769891  -0.068722789781198963899956049163
 227   0.239230088458857923509777238750  -0.066912063975273240908779504795
 228  -0.077004227486309179903262942208  -0.066820496756509780859737972421
 229   0.160203504012057121274568267801  -0.066818072265494316849211652030
 230   0.319244443574523560627704169918  -0.066817932431753191286232091695
 231  -0.319242306403209400069327829032  -0.066817930912210068628816510239
 232  -0.398221172706772107629524433081  -0.066817928289872885488584245293
 233  -0.240263441511495658212753800827  -0.066817927950552605901586852029
 234  -0.477200888176128663377847597661  -0.066817926930869719618826492577
 235   0.002240130553919529343455212446  -0.066817926919246738392109556522
 236   0.398222695146791998477444034194  -0.066817926891862794509563381264
 237   0.477200943520624357605766493350  -0.066817926891862794509563373646
 238   0.081219544310884395105738158149  -0.066817924571560467117557507818
 239  -0.118128293221712553461790529003  -0.044288369738284397794026790407
 240  -0.200769592489074216847021973491  -0.044026695403139062062497911755
 241   0.199792399057907822388880767571  -0.044024151005471256334235293240
 242   0.279752275249483268838597490381  -0.044024149367379561049933497193
 243  -0.037250060493938958877614686011  -0.044020718397090365329220833645
 244   0.041729836754723313156080065160  -0.044019878547220657575035588255
 245  -0.437711028261036118578637305392  -0.044019420898976018317834803133
 246  -0.358731817968865026757893278083  -0.044018947967267691638624300425
 247   0.120708752053143603824938484312  -0.044018931827071327857890431209
 248  -0.279752814517001592924885224719  -0.044018875941460747752157881427
 249   0.358733567312358556898074507177  -0.044018870412496224567559040198
 250   0.437711819333713331795724331305  -0.044018870412487152115329866996
 251  -0.160178757917356022082474170913  -0.023252311322836730136068250669
 252   0.240205984998397294085848385010  -0.021324395342811271930956699893
 253  -0.076739153739292265990512940402  -0.021221608325448672805861856671
 254   0.160197924910769848350033890867  -0.021219959648055087214229719644
 255   0.319238358056025824612053651007  -0.021219819879088180119376881145
 256  -0.319242736236000459033965217604  -0.021219817955484703514270838112
 257  -0.398221575095916690648903268890  -0.021219815240257104614441946009
 258  -0.240254199755856497194553205256  -0.021219814678084016610684983813
 259  -0.477200861602428893360296672239  -0.021219813972126178149914236891
 260   0.002240250906598468473836234524  -0.021219813960654284379610769754
 261   0.398222695146802305985682164189  -0.021219813933111509721096369128
 262   0.477200943520624357605766493350  -0.021219813933111509721096360345
 263   0.081219664663563334236119178302  -0.021219811612968013105058721051
 264  -0.116398510073245085323225261688   0.001280021850511949609648749038
 265  -0.199317696730000000000000000000   0.001564640710000000000000000000
 266   0.199690079535302922282768864765   0.001573847153596382195580716173
 267   0.279655542023000000000000000000   0.001574641512000000000000000000
 268  -0.037249904507028680361892978294   0.001577456288360535695403152302
 269   0.041729957107402252286461085663   0.001578234411371796437463199121
 270  -0.437711234397270052551423587828   0.001579079826380263118193007541
 271   0.120708849394754003256803667716   0.001579181131576055820417295983
 272  -0.358732202952720694949261522998   0.001579234311796057344000051143
 273  -0.279753453060512998272014590459   0.001579238263089264527728305448
 274   0.358733570959885957964293412064   0.001579242546254914332676221447
 275   0.437711819333713331795724321163   0.001579242546264132673137146305
 276  -0.156900058013196737998604451411   0.022227874243232759328991806114
 277   0.239242149056322656529720893559   0.024263529875121238656921935360
 278  -0.077075488123001008383963944903   0.024375264205259611921710865837
 279   0.160203986483851687493146895352   0.024378152907799388861553535374
 280   0.319244443105651811517242353580   0.024378292673639404202861057693
 281  -0.319242931183996839045191413325   0.024378295002849845593411161120
 282  -0.398221747304226264704068454425   0.024378297810808970065124737642
 283  -0.240264288735664546277405328976   0.024378298414799660826015001003
 284  -0.477200943520624357605766482485   0.024378298986551522554555767152
 285   0.002240348248208867905701417928   0.024378298997993099298696957439
 286   0.398222695146791661562988981877   0.024378299025639775067370642930
 287   0.477200943520624357605766493350   0.024378299025639775067370652955
 288   0.081219762005173733667984361706   0.024378301345679370573249006142
 289  -0.118392114941817037089372809368   0.046834532549535238610634780097
 290   0.199816317854849474171236261467   0.047171863281809415480581409521
 291   0.279752984554777071369237577236   0.047173305437917124956983798520
 292  -0.037249774653739782156804020772   0.047175625564677022119547216632
 293   0.041730054449012651718326269068   0.047176347370019180115770926314
 294  -0.200774800300058903395888769742   0.047177197075650840228589174006
 295   0.120709280418709980712937362516   0.047177294088290176803458119183
 296  -0.358732422464023347138637513822   0.047177347270231534515903986253
 297  -0.279753566966640711125421214845   0.047177351512358798269826936795
 298  -0.437711287274085606002610147813   0.047177354473844524703697628857
 299   0.358733566633798355129903426795   0.047177355505005993903945276432
 300   0.437711819333713331795724331305   0.047177355505015417461604159605
 301  -0.160064282140811315620563924253   0.067716066019449871857477825815
 302   0.240194440229139068426518967340   0.069851697714169319771813375639
 303  -0.076738925402864147066097363530   0.069974636036887706569770481218
 304   0.160198453701508730047015065044   0.069976265530882390678457075413
 305   0.319239776672423039453838933523   0.069976405393613273407252891763
 306  -0.319243300708043997481269229334   0.069976407960103831342835535749
 307  -0.398222094244677488634741431237   0.069976410860880354737360300174
 308  -0.477200900844211323877488120834   0.069976411945282836382480254004
 309   0.002240779272164845361835112728   0.069976411954707220281737780638
 310   0.398222695146802305985682162754   0.069976411984391059855837654988
 311   0.477200943520624357605766493350   0.069976411984391059855837666255
 312  -0.240263834093133848908680137937   0.069976412621554128144680429750
 313   0.081220193029129711124118056506   0.069976414302393491556289829341
 314  -0.116439471720587053825428753802   0.092403513125885719891776552469
 315  -0.199209185236000000000000000000   0.092757619607000000000000000000
 316   0.199690763554954897742552761990   0.092769803383494051008924142932
 317   0.279633858651483728776749870131   0.092771601954324536318112627065
 318  -0.037249342126549661846431017632   0.092773741125332283216853616114
 319   0.041730485472968629174459963867   0.092774460326733301098811749513
 320   0.120709378610668547688186245343   0.092775407046935737252675043911
 321  -0.279754018716450814615658979082   0.092775464468872294280519757849
 322  -0.358732750260940255316493526903   0.092775467095455711051951578596
 323  -0.437711489768122208121574651688   0.092775467524786162951428052099
 324   0.358733570959885720999897423459   0.092775468463757073475236810688
 325   0.437711819333713331795724318294   0.092775468463766702250071172906
 326  -0.157012780484742647911994164879   0.113212033528055997830615016748
 327   0.239253941973286643326134905422   0.115440110369467819355217897825
 328  -0.077160014562356326061777848174   0.115570804618456048881772889179
 329   0.160204825805747914166531666796   0.115574378044399103260035186795
 330   0.319244442829951796721500076350   0.115574518113615356448319654369
 331  -0.319243407424735692553466923208   0.115574520918730237583185230627
 332  -0.398222178302607916640013729805   0.115574523912194136665175984969
 333  -0.477200943520624357605766474763   0.115574524904014150210404740855
 334   0.002240877464123412337083995555   0.115574524913352780730954705366
 335   0.398222695146791187634197005967   0.115574524943142344644304666933
 336   0.477200943520624357605766493350   0.115574524943142344644304679556
 337  -0.240264849651001308708936928566   0.115574526819265919402411276775
 338   0.081220291221088278099366939333   0.115574527261039052005506754070
 339  -0.118639731576000000000000000000   0.137999175664000000000000000000
 340  -0.200766679036098248894970641589   0.138358494682647374503348073456
 341   0.199839558351699491840579901251   0.138368134033303399661274466003
 342   0.279753292979016830737771010493   0.138370065679972280023428928982
 343  -0.037249243045011563177577565271   0.138371855624930376066848544161
 344   0.041730583664927196149708846695   0.138372573285378861548028674241
 345   0.120715750714907731807702847095   0.138373519560452449834253155292
 346  -0.279754085156775600458489338497   0.138373577427575174469857374290
 347  -0.358732845767108433479140052891   0.138373580146746951559139580292
 348  -0.437711516191366441753961824731   0.138373580576169767371951259681
 349   0.358733566109929193484234486787   0.138373581422508100335504689255
 350   0.437711819333713331795724331305   0.138373581422517987038538186206
 351  -0.159964424372966929296974294565   0.158714513721518097126846349198
 352   0.240183455894783316624276246748   0.161028748309954544575964316762
 353  -0.076740075084854631813249350063   0.161167953760355788947197114171
 354   0.160204923997706481141780549623   0.161172491003044663709252111523
 355   0.319240392652373263048821032040   0.161172630892491451392294537017
 356  -0.319243285329593036357257000780   0.161172633877318059205163875048
 357  -0.398222046954381165259185938222   0.161172636963396218565060231520
 358  -0.240247090682006415498721303299   0.161172637395834799551032080419
 359   0.002242041517642338114044278886   0.161172637857245768681896616758
 360  -0.477200917549407322216369475525   0.161172637862758038814353005306
 361   0.398222695146802305985682161189   0.161172637901893629432771678877
 362   0.477200943520624357605766493350   0.161172637901893629432771692856
 363   0.081226663325327462218883541085   0.161172639774555764587084865451
 364  -0.116330693065031851094032196339   0.183790307160183803413907448114
 365  -0.199425495903000000000000000000   0.183940214022000000000000000000
 366   0.199697236144990473983583843642   0.183966024881329685565126267172
 367   0.279613329554447308805217859690   0.183968148174064232281505417896
 368  -0.037248078991349845718861991712   0.183969968569070711428393837632
 369   0.041736955769166380269225448446   0.183970685798895574129606785623
 370   0.120715848906866298782951729922   0.183971632519098010283470080021
 371  -0.279753960405451443643005984565   0.183971690386155806441035803788
 372  -0.358732735197015796956386087862   0.183971693174694030490419163200
 373  -0.437711555951772328334917365519   0.183971693627543692641503451547
 374   0.358733570959885423170085308887   0.183971694381259127195804245859
 375   0.437711819333713331795724313455   0.183971694381269271827005202466
 376  -0.157094927566690037536759393287   0.204222269642844694279514647802
 377   0.239271066656711781435256087881   0.206617732190682716499228517798
 378  -0.076738911031340902243045689127   0.206766066704248777030790628505
 379   0.160211314773788364945262516283   0.206770627900595037473633797364
 380   0.319244442622260553893025119198   0.206770743671385993697264697918
 381  -0.319243391113801429688636921758   0.206770746835946638271625004852
 382  -0.240264787122125048426020458184   0.206770746920628138012631818359
 383  -0.398222412409715108986455223118   0.206770750013322970888167732186
 384   0.002247347690034636643576873387   0.206770750507262067248694382973
 385  -0.477200943520624357605766493350   0.206770750821501927418301269757
 386   0.398222695146790591974572778092   0.206770750860644914221238690673
 387   0.477200943520624357605766487303   0.206770750860644914221238706157
 388   0.081226761517286029194132423912   0.206770752733201325036301790179
 389  -0.118945782685565103350639642734   0.229313369575575203548946315273
 390  -0.200769555829518664591027592492   0.229559909661181326115926386042
 391   0.199830458365742019538667193648   0.229564960784268784795689070252
 392   0.279753179200641773091771377404   0.229566094486044590492367784618
 393  -0.037242772817818264435250122629   0.229568081221060504779231134998
 394   0.041737053961124947244474331274   0.229568798757541134578823710351
 395   0.120717013100966409818058095686   0.229569745462987409184463132715
 396  -0.279754037512478667336757525235   0.229569803344841896715284015101
 397  -0.358733193046752459643482236992   0.229569806131147615690420274480
 398  -0.437711819064261958461942459525   0.229569806834174094660175474075
 399   0.437711819333701617784614930395   0.229569807340020556615472214262
 400   0.358733565167523734583661356492   0.229569807363895879049000419510
 401  -0.159877682495434059201356336740   0.249735390612579734714383869858
 402   0.240173123002478209249277745225   0.252206921695960218919645221738
 403  -0.079543564894097667752850401855   0.252277843445102015882062669039
 404   0.160206172721502301002887931275   0.252368740569414348316220547736
 405   0.319241483131729284617675992402   0.252368856534096196458724041271
 406  -0.319244067231229998076215379498   0.252368859789685272891294615288
 407  -0.240264376793569388209724618608   0.252368859877533189342425691863
 408  -0.398222694829695424364407405456   0.252368863231007975240728657087
 409   0.002248511884134747678683239150   0.252368863451151466149687435667
 410  -0.477200943518662875601866726764   0.252368863780253212206726094780
 411   0.398222689926032846399871549007   0.252368863819395900134273483404
 412   0.477200943520624357605766493350   0.252368863819396199009705719457
 413   0.081227925711386140229238789676   0.252368865677090723937294842874
 414  -0.040055848141252358335786175730   0.275079338209016001316139271473
 415  -0.118988092217426017210300717870   0.275153970076148066242350932072
 416   0.199698134353707885410796677357   0.275162881742958129817371014586
 417   0.279571525765184814412263766353   0.275163920208302527518245067725
 418   0.041738218155225058279580697037   0.275166911701430533479816763045
 419  -0.200774414421052636400439094679   0.275167519729097988469761565130
 420   0.120717085331922031414068625265   0.275167860783517663069052257894
 421  -0.279754813799927677182099372676   0.275167916296985208449262794022
 422  -0.358733570607205237402885781951   0.275167919648758702718872524181
 423  -0.437711819181117602135844196498   0.275167920004682627291517141375
 424   0.358730604855782474343978488805   0.275167920230859555928277569721
 425   0.437711819333713331795724331279   0.275167920298771841403939226064
 426  -0.159877882160621749233070413346   0.295333503570897873195631442062
 427   0.239282408191228258182060346983   0.297796334200664222958768063354
 428  -0.000567611345010584703041112964   0.297879931943962200342578886838
 429  -0.079499857644556819700577069132   0.297956357676213300837949586480
 430   0.319058556328347842651031858027   0.297966602565930341213591109553
 431   0.160206246316058937953252909769   0.297966853528109722131494190705
 432  -0.319244444468124047710443494739   0.297966972746876101939374043130
 433  -0.240265637823455060481343343711   0.297966972818847388803467104154
 434  -0.398222695027875896099232409674   0.297966976542375242090170761275
 435  -0.477200943520623130539618437252   0.297966976739004496995150972571
 436   0.398222695146801960873308139337   0.297966976778146886046006592207
 437   0.477200943520624357605766493344   0.297966976778147483798172732758
 438   0.081227996578731255101158727166   0.297966978635786938677049790708
 439   0.038922094926079725897856344923   0.320677980194241267672708214216
 440  -0.040010926870208738774318556630   0.320758147909782265009238868106
 441   0.279215844434538774069590948613   0.320760671683684854300565115407
 442   0.199698207948266530497129372707   0.320760994701650024439110426904
 443  -0.118983498900889060449813844355   0.320764908243077607047218267132
 444   0.120717158926476659647365952828   0.320765973742209557697274799260
 445  -0.279755320296611938583065444347   0.320766029252923450388700338516
 446  -0.200776452184310418587386411676   0.320766029426229119362900121924
 447  -0.437711819227532383830457581476   0.320766033034471467226837650554
 448   0.358733570867889608750946590194   0.320766033098171556161071225202
 449   0.437711819260826821804652462108   0.320766033383765068712968361602
 450  -0.358734861783359404243311731096   0.320768268853389106967608537075
 451  -0.159879576318610958017190991018   0.340931682610496114719811923320
 452   0.239282481785786903268393043181   0.343394447159356117580507474189
 453   0.078410678410203091894626470430   0.343477973172671352528753828698
 454  -0.000521220599110738444974511519   0.343556196160074589858480474843
 455   0.319244012985497983979985953988   0.343564338378439283618550058575
 456  -0.319244444631795322158905816302   0.343565085705627386434097693587
 457  -0.240266196133881243159872400820   0.343565085774180653505467547375
 458  -0.477200943520624357605766493350   0.343565089697755781783617985855
 459   0.398222694977825472891902467683   0.343565089736898170521378922002
 460   0.477200943520623675478048919276   0.343565089736898768586639746053
 461  -0.079495254561180140639444985695   0.343565510146372247574132492290
 462  -0.398224102527160533866305256639   0.343567527178281779048962291679
 463   0.160222917724342060635879305971   0.343583995537122449781228081061
 464   0.117899838124849107583882983072   0.366276968116094188680125044762
 465   0.279750418871675096159285542685   0.366355650963976256045918147226
 466   0.038967379833613175437701395414   0.366356218358808809373598615734
 467  -0.040005425109911626022825592943   0.366363771646046190367632307781
 468  -0.279755320460283213031527765910   0.366364142211674734883423988974
 469  -0.200777072020415666899312040819   0.366364142380767545630942238507
 470   0.437711435985086017883185964894   0.366364809919857914556473298518
 471  -0.358734937254509513597349540051   0.366366512494920204374127246587
 472  -0.437713323851847595656671252055   0.366366751880436158824274899380
 473   0.199759901027000000000000000000   0.366367368712000000000000000000
 474  -0.118981564923279557221115119988   0.366369439618877684351223551719
 475   0.358729442283706944576189062122   0.366369793395500076228713956404
 476  -0.159880624291653750580268942870   0.386530165007147943085982234997
 477   0.240163257603270798314639379002   0.388984052765879820249034879214
 478   0.157378964009979351672456185619   0.389093333399484112710286583047
 479   0.078456539548259191126957908056   0.389155213302231645524969831798
 480   0.319235071613253554990014720887   0.389162450460529965650262937268
 481  -0.319244444663377367765440750083   0.389163198664378671211627570020
 482  -0.240266196280772141849034510915   0.389163198732931938057335557804
 483   0.398221826337497369079438236998   0.389163202687375691652572240921
 484   0.477200943520624357605766493350   0.389163202695650053375106759348
 485  -0.000516714066972420985539835039   0.389163985330802826761417789104
 486  -0.398224185275887865520517763756   0.389165783437230210153320031472
 487  -0.079491858639061463028114106981   0.389167487846417422739851479639
 488  -0.477200898164000000000000000000   0.389168713088866025671512334170
 489   0.196876413037766684196395818458   0.411877964748188952965829038934
 490  -0.279755320491863498026006701496   0.411962255170426019660955084803
 491   0.038972445647673594703716677603   0.411962980274225662912789005168
 492  -0.200776622433113650478422160373   0.411963034149073022202338616330
 493  -0.358735051916829717289322416332   0.411964824029973642032963888202
 494  -0.040003275104916584245031329332   0.411967480738212450710701786939
 495  -0.118980400702922717861606055350   0.411967552562766412867612114421
 496  -0.437711718707527090972645337929   0.411967855270587240147212776424
 497   0.117935665433389435215531110546   0.411971578585621569555131370182
 498   0.279485808763000000000000000000   0.414092386687000000000000000000
 499   0.362240874690276091461626589933   0.417173183479217843073310961132
 500   0.449144861367672340504307133478   0.425108218478451556492582873717
 501  -0.159879460071296911220759878232   0.432128277951036671602370797699
 502   0.404488705439136199995295222644   0.434328611262129937161499027809
 503   0.236504215763594795792861339163   0.434435117860270537971588587918
 504   0.320167047540207762567569521110   0.434751038136291754844876212889
 505   0.157433114461176767739470743442   0.434756209934326409810673825970
 506  -0.319244444694173440500698414769   0.434761311623129955989695051033
 507  -0.240266196329132802627313510399   0.434761311691683222820157282746
 508  -0.000514115390270568555774816690   0.434766475681635286862073003003
 509  -0.398222521986491945205944077959   0.434766967543668869400559785657
 510  -0.477200898164000000000000000000   0.434766997446723434608580577695
 511  -0.079491817168777839078523277701   0.434767545454561440838462421721
 512   0.078451571532803838792289880093   0.434779345557615586942950543552
 513  -0.119925975919000000000000000000   0.458767151629000000000000000000
 514   0.477200943520624357605766493350   0.461053234261253059610058988086
 515   0.201138217524000000000000000000   0.465795114092000000000000000000
 516  -0.211876432550140433822119510140   0.470443369059106065719266191063
 517   0.297842879588991445361623003556   0.474510558136977478734234751512
 518  -0.369028158650000000000000000000   0.477091166032000000000000000000
 519   0.029339088692000000000000000000   0.477091245801000000000000000000
 520  -0.460510773897551002923125213190   0.477200898164000000000000000000
 521  -0.414912570225551002923125213190   0.477200898164000000000000000000
 522  -0.302569147101500091654221925718   0.477200943520624357605766493350
 523  -0.256971034142748806865754912418   0.477200943520624357605766493350
 524  -0.166781830957532060778484107862   0.477200943520624357605766493350
 525  -0.062800662805879814455845987642   0.477200943520624357605766493350
 526  -0.017202549847128529667378974341   0.477200943520624357605766493350
 527   0.095172693853506237344795310628   0.477200943520624357605766493350
 528   0.140770806812257522133262323928   0.477200943520624357605766493350
 529   0.252324205048902944631628448949   0.477200943520624357605766493350
 530   0.343361554129079946091617558164   0.477200943520624357605766493350
 531   0.388959667087831230880084571464   0.477200943520624357605766493350
 532   0.434557780046582515668551584765   0.477200943520624357605766493350
