   1  -0.404610136995201208769426255516  -0.476867218700213314785801658034
   2  -0.324475831931981706628041899739  -0.476867218700213314785801658034
   3  -0.244341526868762204486657543962  -0.476867218700213314785801658034
   4  -0.164207221805542702345273188184  -0.476867218700213314785801658034
   5  -0.084072916742323200203888832407  -0.476867218700213314785801658034
   6  -0.003938611679103698062504476630  -0.476867218700213314785801658034
   7   0.076195693384115804078879879147  -0.476867218700213314785801658034
   8   0.156329998447335306220264234924  -0.476867218700213314785801658034
   9   0.236464303510554808361648590702  -0.476867218700213314785801658034
  10   0.316598608573774310503032946479  -0.476867218700213314785801658034
  11   0.396732913636993812644417302256  -0.476867218700213314785801658034
  12   0.476867218700213314785801658034  -0.476867218700213314785801658034
  13  -0.476610361001000000000000000000  -0.476610361001000000000000000000
  14  -0.364542984463591457698734077628  -0.453734437400426629571603316067
  15  -0.284408679400371955557349721850  -0.453734437400426629571603316067
  16  -0.204274374337152453415965366073  -0.453734437400426629571603316067
  17  -0.124140069273932951274581010296  -0.453734437400426629571603316067
  18  -0.044005764210713449133196654519  -0.453734437400426629571603316067
  19   0.036128540852506053008187701259  -0.453734437400426629571603316067
  20   0.116262845915725555149572057036  -0.453734437400426629571603316067
  21   0.196397150978945057290956412813  -0.453734437400426629571603316067
  22   0.276531456042164559432340768590  -0.453734437400426629571603316067
  23   0.356665761105384061573725124368  -0.453734437400426629571603316067
  24   0.436800066168603563715109480145  -0.453734437400426629571603316067
  25  -0.436800066168603563715109480145  -0.443636047452928300872069958849
  26  -0.324475831931981706628041899739  -0.430601656100639944357404974101
  27  -0.244341526868762204486657543962  -0.430601656100639944357404974101
  28  -0.164207221805542702345273188184  -0.430601656100639944357404974101
  29  -0.084072916742323200203888832407  -0.430601656100639944357404974101
  30  -0.003938611679103698062504476630  -0.430601656100639944357404974101
  31   0.076195693384115804078879879147  -0.430601656100639944357404974101
  32   0.156329998447335306220264234925  -0.430601656100639944357404974101
  33   0.236464303510554808361648590702  -0.430601656100639944357404974101
  34   0.316598608573774310503032946479  -0.430601656100639944357404974101
  35   0.396732913636993812644417302256  -0.430601656100639944357404974101
  36   0.476867218700213314785801658034  -0.430601656100639944357404974101
  37  -0.476867218700213314785801658034  -0.420503266153141615657871616882
  38  -0.396732913636993812644417302256  -0.420503266153141615657871616882
  39  -0.284408679400371955557349721850  -0.407468874800853259143206632134
  40  -0.204274374337152453415965366073  -0.407468874800853259143206632134
  41  -0.124140069273932951274581010296  -0.407468874800853259143206632134
  42  -0.044005764210713449133196654519  -0.407468874800853259143206632134
  43   0.036128540852506053008187701259  -0.407468874800853259143206632134
  44   0.116262845915725555149572057036  -0.407468874800853259143206632134
  45   0.196397150978945057290956412813  -0.407468874800853259143206632134
  46   0.276531456042164559432340768590  -0.407468874800853259143206632134
  47   0.356665761105384061573725124368  -0.407468874800853259143206632134
  48   0.436800066168603563715109480145  -0.407468874800853259143206632134
  49  -0.436800066168603563715109480145  -0.397370484853354930443673274916
  50  -0.356665761105384061573725124368  -0.397370484853354930443673274916
  51  -0.244341526868762204486657543962  -0.384336093501066573929008290168
  52  -0.164207221805542702345273188184  -0.384336093501066573929008290168
  53  -0.084072916742323200203888832407  -0.384336093501066573929008290168
  54  -0.003938611679103698062504476630  -0.384336093501066573929008290168
  55   0.076195693384115804078879879147  -0.384336093501066573929008290168
  56   0.156329998447335306220264234925  -0.384336093501066573929008290168
  57   0.236464303510554808361648590702  -0.384336093501066573929008290168
  58   0.316598608573774310503032946479  -0.384336093501066573929008290168
  59   0.396732913636993812644417302256  -0.384336093501066573929008290168
  60   0.476867218700213314785801658034  -0.384336093501066573929008290168
  61  -0.476867218700213314785801658034  -0.374237703553568245229474932949
  62  -0.396732913636993812644417302256  -0.374237703553568245229474932949
  63  -0.316598608573774310503032946479  -0.374237703553568245229474932949
  64  -0.204274374337152453415965366073  -0.361203312201279888714809948201
  65  -0.124140069273932951274581010296  -0.361203312201279888714809948201
  66  -0.044005764210713449133196654519  -0.361203312201279888714809948201
  67   0.036128540852506053008187701259  -0.361203312201279888714809948201
  68   0.116262845915725555149572057036  -0.361203312201279888714809948201
  69   0.196397150978945057290956412813  -0.361203312201279888714809948201
  70   0.276531456042164559432340768590  -0.361203312201279888714809948201
  71   0.356665761105384061573725124368  -0.361203312201279888714809948201
  72   0.436800066168603563715109480145  -0.361203312201279888714809948201
  73  -0.436800066168603563715109480145  -0.351104922253781560015276590983
  74  -0.356665761105384061573725124368  -0.351104922253781560015276590983
  75  -0.276531456042164559432340768590  -0.351104922253781560015276590983
  76  -0.164207221805542702345273188184  -0.338070530901493203500611606235
  77  -0.084072916742323200203888832407  -0.338070530901493203500611606235
  78  -0.003938611679103698062504476630  -0.338070530901493203500611606235
  79   0.076195693384115804078879879147  -0.338070530901493203500611606235
  80   0.156329998447335306220264234925  -0.338070530901493203500611606235
  81   0.236464303510554808361648590702  -0.338070530901493203500611606235
  82   0.316598608573774310503032946479  -0.338070530901493203500611606235
  83   0.396732913636993812644417302256  -0.338070530901493203500611606235
  84   0.476867218700213314785801658034  -0.338070530901493203500611606235
  85  -0.476867218700213314785801658034  -0.327972140953994874801078249017
  86  -0.396732913636993812644417302256  -0.327972140953994874801078249017
  87  -0.316598608573774310503032946479  -0.327972140953994874801078249016
  88  -0.236464303510554808361648590702  -0.327972140953994874801078249017
  89  -0.124140069273932951274581010296  -0.314937749601706518286413264268
  90  -0.044005764210713449133196654519  -0.314937749601706518286413264268
  91   0.036128540852506053008187701259  -0.314937749601706518286413264268
  92   0.116262845915725555149572057036  -0.314937749601706518286413264268
  93   0.196397150978945057290956412813  -0.314937749601706518286413264268
  94   0.276531456042164559432340768590  -0.314937749601706518286413264268
  95   0.356665761105384061573725124368  -0.314937749601706518286413264268
  96   0.436800066168603563715109480145  -0.314937749601706518286413264268
  97  -0.436800066168603563715109480145  -0.304839359654208189586879907050
  98  -0.356665761105384061573725124368  -0.304839359654208189586879907050
  99  -0.276531456042164559432340768590  -0.304839359654208189586879907050
 100  -0.196397150978945057290956412813  -0.304839359654208189586879907050
 101  -0.084072916742323200203888832407  -0.291804968301919833072214922302
 102  -0.003938611679103698062504476630  -0.291804968301919833072214922302
 103   0.076195693384115804078879879147  -0.291804968301919833072214922302
 104   0.156329998447335306220264234925  -0.291804968301919833072214922302
 105   0.236464303510554808361648590702  -0.291804968301919833072214922302
 106   0.316598608573774310503032946479  -0.291804968301919833072214922302
 107   0.396732913636993812644417302256  -0.291804968301919833072214922302
 108   0.476867218700213314785801658034  -0.291804968301919833072214922302
 109  -0.476867218700213314785801658034  -0.281706578354421504372681565084
 110  -0.396732913636993812644417302256  -0.281706578354421504372681565084
 111  -0.316598608573774310503032946479  -0.281706578354421504372681565084
 112  -0.236464303510554808361648590702  -0.281706578354421504372681565084
 113  -0.156329998447335306220264234924  -0.281706578354421504372681565084
 114  -0.044005764210713449133196654519  -0.268672187002133147858016580335
 115   0.036128540852506053008187701259  -0.268672187002133147858016580335
 116   0.116262845915725555149572057036  -0.268672187002133147858016580335
 117   0.196397150978945057290956412813  -0.268672187002133147858016580335
 118   0.276531456042164559432340768590  -0.268672187002133147858016580335
 119   0.356665761105384061573725124368  -0.268672187002133147858016580335
 120   0.436800066168603563715109480145  -0.268672187002133147858016580335
 121  -0.436800066168603563715109480145  -0.258573797054634819158483223117
 122  -0.356665761105384061573725124368  -0.258573797054634819158483223117
 123  -0.276531456042164559432340768590  -0.258573797054634819158483223117
 124  -0.196397150978945057290956412813  -0.258573797054634819158483223117
 125  -0.116262845915725555149572057036  -0.258573797054634819158483223117
 126  -0.003938611679103698062504476630  -0.245539405702346462643818238369
 127   0.076195693384115804078879879147  -0.245539405702346462643818238369
 128   0.156329998447335306220264234925  -0.245539405702346462643818238369
 129   0.236464303510554808361648590702  -0.245539405702346462643818238369
 130   0.316598608573774310503032946479  -0.245539405702346462643818238369
 131   0.396732913636993812644417302256  -0.245539405702346462643818238369
 132   0.476867218700213314785801658034  -0.245539405702346462643818238369
 133  -0.476867218700213314785801658034  -0.235441015754848133944284881151
 134  -0.396732913636993812644417302256  -0.235441015754848133944284881151
 135  -0.316598608573774310503032946479  -0.235441015754848133944284881151
 136  -0.236464303510554808361648590702  -0.235441015754848133944284881151
 137  -0.156329998447335306220264234924  -0.235441015754848133944284881151
 138  -0.076195693384115804078879879147  -0.235441015754848133944284881151
 139   0.036128540852506053008187701259  -0.222406624402559777429619896402
 140   0.116262845915725555149572057036  -0.222406624402559777429619896402
 141   0.196397150978945057290956412813  -0.222406624402559777429619896402
 142   0.276531456042164559432340768590  -0.222406624402559777429619896402
 143   0.356665761105384061573725124368  -0.222406624402559777429619896402
 144   0.436800066168603563715109480145  -0.222406624402559777429619896402
 145  -0.436800066168603563715109480145  -0.212308234455061448730086539184
 146  -0.356665761105384061573725124368  -0.212308234455061448730086539184
 147  -0.276531456042164559432340768590  -0.212308234455061448730086539184
 148  -0.196397150978945057290956412813  -0.212308234455061448730086539184
 149  -0.116262845915725555149572057036  -0.212308234455061448730086539184
 150  -0.036128540852506053008187701259  -0.212308234455061448730086539184
 151   0.076195693384115804078879879147  -0.199273843102773092215421554436
 152   0.156329998447335306220264234925  -0.199273843102773092215421554436
 153   0.236464303510554808361648590702  -0.199273843102773092215421554436
 154   0.316598608573774310503032946479  -0.199273843102773092215421554436
 155   0.396732913636993812644417302256  -0.199273843102773092215421554436
 156   0.476867218700213314785801658034  -0.199273843102773092215421554436
 157  -0.476867218700213314785801658034  -0.189175453155274763515888197218
 158  -0.396732913636993812644417302256  -0.189175453155274763515888197218
 159  -0.316598608573774310503032946479  -0.189175453155274763515888197218
 160  -0.236464303510554808361648590702  -0.189175453155274763515888197218
 161  -0.156329998447335306220264234924  -0.189175453155274763515888197218
 162  -0.076195693384115804078879879147  -0.189175453155274763515888197218
 163   0.003938611679103698062504476630  -0.189175453155274763515888197218
 164   0.116262845915725555149572057036  -0.176141061802986407001223212469
 165   0.196397150978945057290956412813  -0.176141061802986407001223212469
 166   0.276531456042164559432340768590  -0.176141061802986407001223212469
 167   0.356665761105384061573725124368  -0.176141061802986407001223212469
 168   0.436800066168603563715109480145  -0.176141061802986407001223212469
 169  -0.436800066168603563715109480145  -0.166042671855488078301689855251
 170  -0.356665761105384061573725124368  -0.166042671855488078301689855251
 171  -0.276531456042164559432340768590  -0.166042671855488078301689855251
 172  -0.196397150978945057290956412813  -0.166042671855488078301689855251
 173  -0.116262845915725555149572057036  -0.166042671855488078301689855251
 174  -0.036128540852506053008187701259  -0.166042671855488078301689855251
 175   0.044005764210713449133196654519  -0.166042671855488078301689855251
 176   0.156329998447335306220264234925  -0.153008280503199721787024870503
 177   0.236464303510554808361648590702  -0.153008280503199721787024870503
 178   0.316598608573774310503032946479  -0.153008280503199721787024870503
 179   0.396732913636993812644417302256  -0.153008280503199721787024870503
 180   0.476867218700213314785801658034  -0.153008280503199721787024870503
 181  -0.476867218700213314785801658034  -0.142909890555701393087491513285
 182  -0.396732913636993812644417302256  -0.142909890555701393087491513285
 183  -0.316598608573774310503032946479  -0.142909890555701393087491513285
 184  -0.236464303510554808361648590702  -0.142909890555701393087491513285
 185  -0.156329998447335306220264234924  -0.142909890555701393087491513285
 186  -0.076195693384115804078879879147  -0.142909890555701393087491513285
 187   0.003938611679103698062504476630  -0.142909890555701393087491513285
 188   0.084072916742323200203888832407  -0.142909890555701393087491513285
 189   0.196397150978945057290956412813  -0.129875499203413036572826528536
 190   0.276531456042164559432340768590  -0.129875499203413036572826528536
 191   0.356665761105384061573725124368  -0.129875499203413036572826528536
 192   0.436800066168603563715109480145  -0.129875499203413036572826528536
 193  -0.436800066168603563715109480145  -0.119777109255914707873293171318
 194  -0.356665761105384061573725124368  -0.119777109255914707873293171318
 195  -0.276531456042164559432340768590  -0.119777109255914707873293171318
 196  -0.196397150978945057290956412813  -0.119777109255914707873293171318
 197  -0.116262845915725555149572057036  -0.119777109255914707873293171318
 198  -0.036128540852506053008187701259  -0.119777109255914707873293171318
 199   0.044005764210713449133196654519  -0.119777109255914707873293171318
 200   0.124140069273932951274581010296  -0.119777109255914707873293171318
 201   0.236464303510554808361648590702  -0.106742717903626351358628186570
 202   0.316598608573774310503032946479  -0.106742717903626351358628186570
 203   0.396732913636993812644417302256  -0.106742717903626351358628186570
 204   0.476867218700213314785801658034  -0.106742717903626351358628186570
 205  -0.476867218700213314785801658034  -0.096644327956128022659094829352
 206  -0.396732913636993812644417302256  -0.096644327956128022659094829352
 207  -0.316598608573774310503032946479  -0.096644327956128022659094829352
 208  -0.236464303510554808361648590702  -0.096644327956128022659094829352
 209  -0.156329998447335306220264234924  -0.096644327956128022659094829352
 210  -0.076195693384115804078879879147  -0.096644327956128022659094829352
 211   0.003938611679103698062504476630  -0.096644327956128022659094829352
 212   0.084072916742323200203888832407  -0.096644327956128022659094829352
 213   0.164207221805542702345273188185  -0.096644327956128022659094829352
 214   0.276531456042164559432340768590  -0.083609936603839666144429844603
 215   0.356665761105384061573725124368  -0.083609936603839666144429844603
 216   0.436800066168603563715109480145  -0.083609936603839666144429844603
 217  -0.436800066168603563715109480145  -0.073511546656341337444896487385
 218  -0.356665761105384061573725124368  -0.073511546656341337444896487385
 219  -0.276531456042164559432340768590  -0.073511546656341337444896487385
 220  -0.196397150978945057290956412813  -0.073511546656341337444896487385
 221  -0.116262845915725555149572057036  -0.073511546656341337444896487385
 222  -0.036128540852506053008187701259  -0.073511546656341337444896487385
 223   0.044005764210713449133196654519  -0.073511546656341337444896487385
 224   0.124140069273932951274581010296  -0.073511546656341337444896487385
 225   0.204274374337152453415965366073  -0.073511546656341337444896487385
 226   0.316598608573774310503032946479  -0.060477155304052980930231502637
 227   0.396732913636993812644417302256  -0.060477155304052980930231502637
 228   0.476867218700213314785801658034  -0.060477155304052980930231502637
 229  -0.476867218700213314785801658034  -0.050378765356554652230698145419
 230  -0.396732913636993812644417302256  -0.050378765356554652230698145419
 231  -0.316598608573774310503032946479  -0.050378765356554652230698145419
 232  -0.236464303510554808361648590702  -0.050378765356554652230698145419
 233  -0.156329998447335306220264234924  -0.050378765356554652230698145419
 234  -0.076195693384115804078879879147  -0.050378765356554652230698145419
 235   0.003938611679103698062504476630  -0.050378765356554652230698145419
 236   0.084072916742323200203888832407  -0.050378765356554652230698145419
 237   0.164207221805542702345273188185  -0.050378765356554652230698145419
 238   0.244341526868762204486657543962  -0.050378765356554652230698145419
 239   0.356665761105384061573725124368  -0.037344374004266295716033160670
 240   0.436800066168603563715109480145  -0.037344374004266295716033160670
 241  -0.436800066168603563715109480145  -0.027245984056767967016499803452
 242  -0.356665761105384061573725124368  -0.027245984056767967016499803452
 243  -0.276531456042164559432340768590  -0.027245984056767967016499803452
 244  -0.196397150978945057290956412813  -0.027245984056767967016499803452
 245  -0.116262845915725555149572057036  -0.027245984056767967016499803452
 246  -0.036128540852506053008187701259  -0.027245984056767967016499803452
 247   0.044005764210713449133196654519  -0.027245984056767967016499803452
 248   0.124140069273932951274581010296  -0.027245984056767967016499803452
 249   0.204274374337152453415965366073  -0.027245984056767967016499803452
 250   0.284408679400371955557349721850  -0.027245984056767967016499803452
 251   0.396732913636993812644417302256  -0.014211592704479610501834818704
 252   0.476867218700213314785801658034  -0.014211592704479610501834818704
 253  -0.476867218700213314785801658034  -0.004113202756981281802301461486
 254  -0.396732913636993812644417302256  -0.004113202756981281802301461486
 255  -0.316598608573774310503032946479  -0.004113202756981281802301461486
 256  -0.236464303510554808361648590702  -0.004113202756981281802301461486
 257  -0.156329998447335306220264234924  -0.004113202756981281802301461486
 258  -0.076195693384115804078879879147  -0.004113202756981281802301461486
 259   0.003938611679103698062504476630  -0.004113202756981281802301461486
 260   0.084072916742323200203888832407  -0.004113202756981281802301461486
 261   0.164207221805542702345273188185  -0.004113202756981281802301461486
 262   0.244341526868762204486657543962  -0.004113202756981281802301461486
 263   0.324475831931981706628041899739  -0.004113202756981281802301461486
 264   0.436800066168603563715109480145   0.008921188595307074712363523263
 265  -0.436800066168603563715109480145   0.019019578542805403411896880481
 266  -0.356665761105384061573725124368   0.019019578542805403411896880481
 267  -0.276531456042164559432340768590   0.019019578542805403411896880481
 268  -0.196397150978945057290956412813   0.019019578542805403411896880481
 269  -0.116262845915725555149572057036   0.019019578542805403411896880481
 270  -0.036128540852506053008187701259   0.019019578542805403411896880481
 271   0.044005764210713449133196654519   0.019019578542805403411896880481
 272   0.124140069273932951274581010296   0.019019578542805403411896880481
 273   0.204274374337152453415965366073   0.019019578542805403411896880481
 274   0.284408679400371955557349721850   0.019019578542805403411896880481
 275   0.364542984463591457698734077628   0.019019578542805403411896880481
 276   0.476867218700213314785801658034   0.032053969895093759926561865229
 277  -0.476867218700213314785801658034   0.042152359842592088626095222447
 278  -0.396732913636993812644417302256   0.042152359842592088626095222447
 279  -0.316598608573774310503032946479   0.042152359842592088626095222447
 280  -0.236464303510554808361648590702   0.042152359842592088626095222447
 281  -0.156329998447335306220264234924   0.042152359842592088626095222447
 282  -0.076195693384115804078879879147   0.042152359842592088626095222447
 283   0.003938611679103698062504476630   0.042152359842592088626095222447
 284   0.084072916742323200203888832407   0.042152359842592088626095222447
 285   0.164207221805542702345273188185   0.042152359842592088626095222447
 286   0.244341526868762204486657543962   0.042152359842592088626095222447
 287   0.324475831931981706628041899739   0.042152359842592088626095222447
 288   0.404610136995201208769426255516   0.042152359842592088626095222447
 289  -0.436800066168603563715109480145   0.065285141142378773840293564414
 290  -0.356665761105384061573725124368   0.065285141142378773840293564414
 291  -0.276531456042164559432340768590   0.065285141142378773840293564414
 292  -0.196397150978945057290956412813   0.065285141142378773840293564414
 293  -0.116262845915725555149572057036   0.065285141142378773840293564414
 294  -0.036128540852506053008187701259   0.065285141142378773840293564414
 295   0.044005764210713449133196654519   0.065285141142378773840293564414
 296   0.124140069273932951274581010296   0.065285141142378773840293564414
 297   0.204274374337152453415965366073   0.065285141142378773840293564414
 298   0.284408679400371955557349721850   0.065285141142378773840293564414
 299   0.364542984463591457698734077628   0.065285141142378773840293564414
 300   0.444677289526810959840118433405   0.065285141142378773840293564414
 301  -0.476867218700213314785801658034   0.088417922442165459054491906380
 302  -0.396732913636993812644417302256   0.088417922442165459054491906380
 303  -0.316598608573774310503032946479   0.088417922442165459054491906380
 304  -0.236464303510554808361648590702   0.088417922442165459054491906380
 305  -0.156329998447335306220264234924   0.088417922442165459054491906380
 306  -0.076195693384115804078879879147   0.088417922442165459054491906380
 307   0.003938611679103698062504476630   0.088417922442165459054491906380
 308   0.084072916742323200203888832407   0.088417922442165459054491906380
 309   0.164207221805542702345273188185   0.088417922442165459054491906380
 310   0.244341526868762204486657543962   0.088417922442165459054491906380
 311   0.324475831931981706628041899739   0.088417922442165459054491906380
 312   0.404610136995201208769426255516   0.088417922442165459054491906380
 313   0.476867218700213314785801658034   0.098516312389663787754025263598
 314  -0.436800066168603563715109480145   0.111550703741952144268690248346
 315  -0.356665761105384061573725124368   0.111550703741952144268690248347
 316  -0.276531456042164559432340768590   0.111550703741952144268690248347
 317  -0.196397150978945057290956412813   0.111550703741952144268690248347
 318  -0.116262845915725555149572057036   0.111550703741952144268690248347
 319  -0.036128540852506053008187701259   0.111550703741952144268690248347
 320   0.044005764210713449133196654519   0.111550703741952144268690248347
 321   0.124140069273932951274581010296   0.111550703741952144268690248347
 322   0.204274374337152453415965366073   0.111550703741952144268690248347
 323   0.284408679400371955557349721850   0.111550703741952144268690248347
 324   0.364542984463591457698734077628   0.111550703741952144268690248347
 325   0.436800066168603563715109480145   0.121649093689450472968223605565
 326  -0.476867218700213314785801658034   0.134683485041738829482888590313
 327  -0.396732913636993812644417302256   0.134683485041738829482888590313
 328  -0.316598608573774310503032946479   0.134683485041738829482888590313
 329  -0.236464303510554808361648590702   0.134683485041738829482888590313
 330  -0.156329998447335306220264234925   0.134683485041738829482888590313
 331  -0.076195693384115804078879879147   0.134683485041738829482888590313
 332   0.003938611679103698062504476630   0.134683485041738829482888590313
 333   0.084072916742323200203888832407   0.134683485041738829482888590313
 334   0.164207221805542702345273188185   0.134683485041738829482888590313
 335   0.244341526868762204486657543962   0.134683485041738829482888590313
 336   0.324475831931981706628041899739   0.134683485041738829482888590313
 337   0.396732913636993812644417302256   0.144781874989237158182421947531
 338   0.476867218700213314785801658034   0.144781874989237158182421947531
 339  -0.436800066168603563715109480145   0.157816266341525514697086932279
 340  -0.356665761105384061573725124368   0.157816266341525514697086932280
 341  -0.276531456042164559432340768590   0.157816266341525514697086932280
 342  -0.196397150978945057290956412813   0.157816266341525514697086932280
 343  -0.116262845915725555149572057036   0.157816266341525514697086932280
 344  -0.036128540852506053008187701259   0.157816266341525514697086932280
 345   0.044005764210713449133196654519   0.157816266341525514697086932280
 346   0.124140069273932951274581010296   0.157816266341525514697086932280
 347   0.204274374337152453415965366073   0.157816266341525514697086932280
 348   0.284408679400371955557349721850   0.157816266341525514697086932280
 349   0.356665761105384061573725124368   0.167914656289023843396620289498
 350   0.436800066168603563715109480145   0.167914656289023843396620289498
 351  -0.476867218700213314785801658034   0.180949047641312199911285274246
 352  -0.396732913636993812644417302256   0.180949047641312199911285274246
 353  -0.316598608573774310503032946479   0.180949047641312199911285274246
 354  -0.236464303510554808361648590702   0.180949047641312199911285274246
 355  -0.156329998447335306220264234925   0.180949047641312199911285274246
 356  -0.076195693384115804078879879147   0.180949047641312199911285274246
 357   0.003938611679103698062504476630   0.180949047641312199911285274246
 358   0.084072916742323200203888832407   0.180949047641312199911285274246
 359   0.164207221805542702345273188184   0.180949047641312199911285274246
 360   0.244341526868762204486657543962   0.180949047641312199911285274246
 361   0.316598608573774310503032946479   0.191047437588810528610818631464
 362   0.396732913636993812644417302256   0.191047437588810528610818631464
 363   0.476867218700213314785801658034   0.191047437588810528610818631464
 364  -0.436800066168603563715109480145   0.204081828941098885125483616212
 365  -0.356665761105384061573725124368   0.204081828941098885125483616212
 366  -0.276531456042164559432340768590   0.204081828941098885125483616213
 367  -0.196397150978945057290956412813   0.204081828941098885125483616212
 368  -0.116262845915725555149572057036   0.204081828941098885125483616213
 369  -0.036128540852506053008187701259   0.204081828941098885125483616213
 370   0.044005764210713449133196654519   0.204081828941098885125483616213
 371   0.124140069273932951274581010296   0.204081828941098885125483616213
 372   0.206309966141000000000000000000   0.207915861242000000000000000000
 373   0.276531456042164559432340768590   0.214180218888597213825016973431
 374   0.356665761105384061573725124368   0.214180218888597213825016973431
 375   0.436800066168603563715109480145   0.214180218888597213825016973431
 376  -0.476867218700213314785801658034   0.227214610240885570339681958179
 377  -0.396732913636993812644417302256   0.227214610240885570339681958179
 378  -0.316598608573774310503032946479   0.227214610240885570339681958179
 379  -0.236464303510554808361648590702   0.227214610240885570339681958179
 380  -0.156329998447335306220264234925   0.227214610240885570339681958179
 381  -0.076195693384115804078879879147   0.227214610240885570339681958179
 382   0.003938611679103698062504476630   0.227214610240885570339681958179
 383   0.084072916742323200203888832407   0.227214610240885570339681958179
 384   0.164207221805542702345273188184   0.227214610240885570339681958179
 385   0.316598608573774310503032946479   0.237313000188383899039215315397
 386   0.396732913636993812644417302256   0.237313000188383899039215315397
 387   0.476867218700213314785801658034   0.237313000188383899039215315397
 388   0.239139496539707510472666279232   0.241426202945365180841516776883
 389  -0.436800066168603563715109480145   0.250347391540672255553880300145
 390  -0.356665761105384061573725124368   0.250347391540672255553880300145
 391  -0.276531456042164559432340768590   0.250347391540672255553880300145
 392  -0.196397150978945057290956412813   0.250347391540672255553880300145
 393  -0.116262845915725555149572057036   0.250347391540672255553880300145
 394  -0.036128540852506053008187701259   0.250347391540672255553880300146
 395   0.044005764210713449133196654519   0.250347391540672255553880300146
 396   0.124140069273932951274581010296   0.250347391540672255553880300145
 397   0.196791821529190526400238125424   0.260058881331970730756642965220
 398   0.356665761105384061573725124368   0.260445781488170584253413657364
 399   0.436800066168603563715109480145   0.260445781488170584253413657364
 400   0.279206649071317261543358457120   0.264558984245151866055715118849
 401  -0.476867218700213314785801658034   0.273480172840458940768078642112
 402  -0.396732913636993812644417302256   0.273480172840458940768078642112
 403  -0.316598608573774310503032946479   0.273480172840458940768078642112
 404  -0.236464303510554808361648590702   0.273480172840458940768078642112
 405  -0.156329998447335306220264234925   0.273480172840458940768078642112
 406  -0.076195693384115804078879879147   0.273480172840458940768078642112
 407   0.003938611679103698062504476630   0.273480172840458940768078642112
 408   0.084072916742323200203888832407   0.273480172840458940768078642112
 409   0.156724668997580775329545947536   0.283191662631757415970841307186
 410   0.396732913636993812644417302257   0.283578562787957269467611999330
 411   0.476867218700213314785801658034   0.283578562787957269467611999330
 412   0.239139496539707510472666279232   0.287691765544938551269913460815
 413   0.319273801602927012614050635009   0.287691765544938551269913460815
 414  -0.436800066168603563715109480145   0.296612954140245625982276984078
 415  -0.356665761105384061573725124368   0.296612954140245625982276984078
 416  -0.276531456042164559432340768591   0.296612954140245625982276984078
 417  -0.196397150978945057290956412813   0.296612954140245625982276984078
 418  -0.116262845915725555149572057036   0.296612954140245625982276984078
 419  -0.036128540852506053008187701259   0.296612954140245625982276984078
 420   0.044005764210713449133196654519   0.296612954140245625982276984078
 421   0.116657516465971024258853769647   0.306324443931544101185039649153
 422   0.196791821529190526400238125424   0.306324443931544101185039649153
 423   0.436800066168603563715109480145   0.306711344087743954681810341297
 424   0.279206649071317261543358457120   0.310824546844725236484111802782
 425   0.359340954134536763684742812898   0.310824546844725236484111802782
 426  -0.476867218700213314785801658034   0.319745735440032311196475326045
 427  -0.396732913636993812644417302257   0.319745735440032311196475326045
 428  -0.316598608573774310503032946479   0.319745735440032311196475326045
 429  -0.236464303510554808361648590702   0.319745735440032311196475326045
 430  -0.156329998447335306220264234925   0.319745735440032311196475326045
 431  -0.076195693384115804078879879147   0.319745735440032311196475326045
 432   0.003938611679103698062504476630   0.319745735440032311196475326045
 433   0.076590363934361273188161591758   0.329457225231330786399237991119
 434   0.156724668997580775329545947536   0.329457225231330786399237991119
 435   0.476867218700213314785801658034   0.329844125387530639896008683264
 436   0.239139496539707510472666279232   0.333957328144511921698310144749
 437   0.319273801602927012614050635009   0.333957328144511921698310144748
 438   0.399408106666146514755434990786   0.333957328144511921698310144749
 439  -0.436800066168603563715109480145   0.342878516739818996410673668012
 440  -0.356665761105384061573725124368   0.342878516739818996410673668011
 441  -0.276531456042164559432340768591   0.342878516739818996410673668011
 442  -0.196397150978945057290956412813   0.342878516739818996410673668011
 443  -0.116262845915725555149572057036   0.342878516739818996410673668011
 444  -0.033882924060000000000000000000   0.346636226875000000000000000000
 445   0.036523211402751522117469413870   0.352590006531117471613436333086
 446   0.116657516465971024258853769647   0.352590006531117471613436333086
 447   0.196791821529190526400238125424   0.352590006531117471613436333085
 448   0.279206649071317261543358457121   0.357090109444298606912508486715
 449   0.359340954134536763684742812898   0.357090109444298606912508486716
 450   0.439475259197756265826127168675   0.357090109444298606912508486716
 451  -0.476867218700213314785801658034   0.366011298039605681624872009979
 452  -0.396732913636993812644417302256   0.366011298039605681624872009979
 453  -0.316598608573774310503032946480   0.366011298039605681624872009978
 454  -0.236464303510554808361648590702   0.366011298039605681624872009978
 455  -0.156329998447335306220264234924   0.366011298039605681624872009978
 456  -0.076195693384115804078879879147   0.366011298039605681624872009978
 457   0.319273801602927012614050635009   0.380222890744085292126706828682
 458   0.399408106666146514755434990786   0.380222890744085292126706828682
 459   0.239253242048458844710432467204   0.380418794574859437193435367789
 460   0.476867218700213314785801658034   0.384336093501066573929008290168
 461   0.007703710182362029403355745616   0.388783080897120296516327335390
 462  -0.196397150978945057290956412813   0.389144079339392366839070351944
 463  -0.436800066168603563715109480145   0.389144079339392366839070351945
 464  -0.356665761105384061573725124368   0.389144079339392366839070351945
 465  -0.276531456042164559432340768591   0.389144079339392366839070351944
 466  -0.116262845915725555149572057036   0.389144079339392366839070351944
 467   0.149875515163000000000000000000   0.391002267541000000000000000000
 468  -0.038396628418495004198689018459   0.392689622019567775271872342646
 469   0.053457582634574587973963249792   0.395644963895372816847315489684
 470   0.099723145234147958402359933725   0.395644963895372816847315489684
 471   0.196819906792304562873837689170   0.398855560606185437463399087614
 472   0.359340954134536763684742812898   0.403355672043871977340905170649
 473   0.279320394580068595781124645092   0.403551575874646122407633709756
 474   0.436800066168603563715109480145   0.407468874800853259143206632134
 475  -0.476867218700213314785801658034   0.412276860639179052053268693912
 476  -0.237127012009956026664171488387   0.413388502887243274508581476688
 477  -0.153262702119754963523161042734   0.418622808437277046711695473448
 478  -0.321777539783959191294988573121   0.420944171152340748978563679752
 479   0.319387547111678346851816822980   0.426684357174432807621832051723
 480   0.235368906037000000000000000000   0.430235521781000000000000000000
 481   0.396732913636993812644417302256   0.430601656100639944357404974101
 482   0.476867218700213314785801658034   0.430601656100639944357404974101
 483  -0.063865877007982606399495859516   0.431313703354169457050227459260
 484  -0.374670398228281778801007354846   0.431762565055426619866547826662
 485  -0.420928344939650004750966500407   0.432601998616382920584646404786
 486   0.028518136997321102409658708222   0.434613237323400396460838332741
 487  -0.109985796840656276005109820334   0.434981846928621820421532740348
 488  -0.017745957175308936793881898699   0.434981846928621820421532740349
 489  -0.277825520718608827946103001355   0.435391540667212528997520949550
 490  -0.196438284789009822737080302176   0.435409623653327675834265998298
 491   0.076438337466122132631505021155   0.435799505232902080525623342325
 492   0.122703900065695503059901705088   0.435799505232902080525623342325
 493   0.168969462665268873488298389021   0.435799505232902080525623342325
 494   0.277611992961844646522401944656   0.449785585505716322689968969146
 495   0.436800066168603563715109480145   0.453734437400426629571603316067
 496   0.355928035309675275545885114352   0.455062077394829114371526905005
 497  -0.476867218700213314785801658034   0.458542423238752422481665377845
 498  -0.237880886814000000000000000000   0.464272233035000000000000000000
 499  -0.343222932520637958124580568668   0.465697196086596064107571202552
 500  -0.083515760320883185722342234001   0.473199075125760951414496376946
 501   0.193882150998764928872298635694   0.474784890220780958473153628072
 502   0.008868253684420523086812333738   0.476498609094991890825107250425
 503  -0.434385409017118780579983287069   0.476867218700213314785801658034
 504  -0.388119846417545410151586603136   0.476867218700213314785801658034
 505  -0.298326018623730506097574534200   0.476867218700213314785801658034
 506  -0.175901242753130225756352878751   0.476867218700213314785801658034
 507  -0.129635680153556855327956194818   0.476867218700213314785801658034
 508  -0.037395840488209516116728273184   0.476867218700213314785801658034
 509   0.055132347857050562290352940659   0.476867218700213314785801658034
 510   0.101397910456623932718749624592   0.476867218700213314785801658034
 511   0.147663473056197303147146308524   0.476867218700213314785801658034
 512   0.240100828941332554597450962864   0.476867218700213314785801658034
 513   0.315123156982356738447352926448   0.476867218700213314785801658034
 514   0.396732913636993812644417302256   0.476867218700213314785801658034
 515   0.476867218700213314785801658034   0.476867218700213314785801658034
