   1  -0.398438781667128404884652239317  -0.477249348896949707896572757095
   2  -0.240817647204104333916079751474  -0.477249348896949707896572757095
   3   0.080397037215173379465496315506  -0.477249348896949707896572757096
   4   0.159217881526521796610635434089  -0.477249348896949707896572757096
   5   0.239123949169829840644700795946  -0.477249348896949707896572757096
   6   0.319628213639598242476724127617  -0.477249348896949707896572757096
   7   0.398438779852396809917094760000  -0.477249348896949707896572757096
   8   0.477249348896295843309865477528  -0.477249348896949707896572757096
   9  -0.160051361553153832800669032579  -0.477249348896949707896572757095
  10  -0.077785795652588507120003773451  -0.477249348896949707896572710126
  11  -0.319628214435616028403472543914  -0.477249348896949703779567618862
  12  -0.477249348889162334545509994558  -0.477249348896876041151430906817
  13   0.001584329464468463488451020533  -0.477249348895919572470156272193
  14  -0.118448994309000000000000000000  -0.456821924407000000000000000000
  15  -0.200175087986073473958040887277  -0.455791131832451558399584393059
  16   0.199170915348175818627668115017  -0.455474969665920785090684192557
  17   0.279840569448027709968061104453  -0.455174207399421825508437650154
  18  -0.038101017730946606770541941800  -0.454989747487979091469464894969
  19   0.119807478851490821538604843414  -0.454507566569198761465603222576
  20   0.040990698292444861580199540539  -0.454500437518070043999252693113
  21   0.437844064374346326613480118764  -0.454498699363472652889794625212
  22  -0.359033498051372266716331618891  -0.454498697793899607606519794625
  23  -0.280222930819859925080227837550  -0.454498697793898660167501012973
  24  -0.437844065278124103838662022041  -0.454498697785654285022982251280
  25   0.359033496745997526196909443808  -0.454498696911667679326519753451
  26  -0.156592419744141995242952630035  -0.431879709002642492609620002554
  27  -0.238832304954464355386199068128  -0.431791380193952338258447683859
  28   0.240814245190854079037404626285  -0.431779453341624275428808517753
  29   0.160337232871641490063417792336  -0.431761817033623988164593330278
  30  -0.077800145115916187029670185904  -0.431748048953499783437337608878
  31   0.080407316277615413887551160768  -0.431748047851905191455704187860
  32   0.319626882926499610194166977845  -0.431748046710307878334027709919
  33   0.001583265537303339801010484047  -0.431748046697803666715621797130
  34   0.477249348896949707896572757096  -0.431748046690849123689722969382
  35  -0.319628214435616369400365995388  -0.431748046690849090147950854873
  36  -0.477249348896949707896572757094  -0.431748046687920655606627279622
  37  -0.398438781662368012429170488135  -0.431748046682604039175589682220
  38   0.398438780791202753751327665724  -0.431748046552445237330241465637
  39  -0.198876108325148593257097321925  -0.410022805289509245152594420645
  40   0.200687936941934373036854268582  -0.409998963377604689670723628106
  41  -0.038100357633000000000000000000  -0.409484422184000000000000000000
  42  -0.117234324485536429084170454235  -0.409047520317194190172367340135
  43   0.120927833274938834663075290522  -0.409018296508465477140051873559
  44   0.280211498700804041237664925951  -0.409014899352502738614008733509
  45   0.041001247325510962810760603168  -0.408998757045533149734525980339
  46   0.437844064884029989574412193728  -0.408997396275706537008843164095
  47  -0.280222930819860884741659045236  -0.408997395587797857946043780803
  48  -0.359033498046612049586715121843  -0.408997395579553634767818568900
  49  -0.437844065276918515925699281638  -0.408997395577465718367135843990
  50   0.359032271892011632694155990488  -0.408997394722053076995914079695
  51  -0.159926399977178217285548698029  -0.386500715202551821533064073322
  52  -0.240768943805597638383846004109  -0.386331310545840545589262244312
  53   0.240324046074599800935394152166  -0.386280791742877028147547806593
  54   0.160439597639130070166333096861  -0.386260629973226641865598822780
  55   0.081526666703002752606777952211  -0.386260515965946825303064070379
  56  -0.077654727218990427419534477631  -0.386246979118976688123385593867
  57   0.319606673924383178193767692662  -0.386246748976277831315427147190
  58   0.001596748624507311849769922340  -0.386246746484409205951401456410
  59   0.477249348896949578304715902345  -0.386246744484748539482868483574
  60  -0.477249348896949703779567618862  -0.386246744481820071399772793811
  61  -0.319628214430856556195153814134  -0.386246744476502387440164059750
  62  -0.398438781660982487058266806426  -0.386246744474103430467046989177
  63   0.398438592263605689196028343238  -0.386246744346735220570161310647
  64  -0.200555150007000000000000000000  -0.364523431404000000000000000000
  65   0.200387322422014317561007495063  -0.364476512200825814143929949863
  66  -0.038029054945354081534209097756  -0.363882395523702701616480555194
  67  -0.120574279166091047672945092194  -0.363658230877932181438950074935
  68   0.121031279958375137065534861796  -0.363515234834350904543634646971
  69   0.280075965034592515619317213735  -0.363513799002332995120306663647
  70   0.042120771068848438809226601163  -0.363510924942787048893727851462
  71  -0.280159775606993222208765679142  -0.363496137208825159357509409945
  72   0.437843882994466654340908815126  -0.363496094069969500784643759056
  73  -0.359033498045231462593214937293  -0.363496093371044472983106931424
  74   0.359033309061181469485944243701  -0.363496092527773252139277082002
  75  -0.437844064661270936290014009928  -0.363496092305032055822025640689
  76  -0.160359177236417235375097406849  -0.341001471183614765627305267322
  77  -0.081183366468083734770867547677  -0.340882706750727992589925859372
  78  -0.239971819279270713908803707897  -0.340836991175831041428919368962
  79   0.240582096018493829222156298222  -0.340780221277471320444618668560
  80   0.160676195109629171324737780164  -0.340759942888911159974937212303
  81   0.081629030685902108838850223695  -0.340759328903784382511591370282
  82   0.002716099027630057313936298787  -0.340759214594443646094667152253
  83   0.319628019468547658123036252854  -0.340745451776982092847350834936
  84   0.477249325897894885669136200385  -0.340745442278653767818634854412
  85  -0.477249348896949707896572757095  -0.340745442275719487192918203907
  86  -0.319628214428085393754471765728  -0.340745442270401803233393959889
  87   0.398438593090116775544750694409  -0.340745442140370478272245925769
  88  -0.398438771217854481750070019646  -0.340745424179966807684717362054
  89   0.200632564027315373042878873607  -0.318975870897587864588614865262
  90  -0.200119960965995975254358112923  -0.318877986384411895846337300226
  91  -0.036909704542011913946065812940  -0.318394863633348363297148898566
  92  -0.121007056425330065762493801013  -0.318158986858995125533191268934
  93   0.121239376848283040397187734809  -0.318014408488719504031016096231
  94   0.280212406303926837812250650533  -0.318012701364683457532499476175
  95   0.042223135051747795041298872647  -0.318009737880624606102255151365
  96  -0.280222880239737884295191824395  -0.317994878761874265683548008235
  97   0.437843964208686807035828910010  -0.317994791863941395267796208105
  98   0.359033297107423181942676102954  -0.317994790321674238132947295172
  99  -0.437844064285907499074782639924  -0.317994789448782995023027435974
 100  -0.359033487440199474861760733944  -0.317994772801314799139593748286
 101  -0.076314110771250850254704856721  -0.295642692919941486170810772582
 102  -0.160780531156697236602412032938  -0.295500483286963370817565259662
 103  -0.240761003060403012366284658165  -0.295342533366000055163477742948
 104   0.240797095317277321381463103421  -0.295279427023388057267594919844
 105   0.160689447520313328269502114302  -0.295258642611614081438851133935
 106   0.081837127575810012170503096708  -0.295258502558152981998972819542
 107   0.002818463010529413546008570271  -0.295258027532281203303194452157
 108   0.319607754332726276024249834441  -0.295244154083672685079472953127
 109   0.477249348896949707896572757084  -0.295244140072558996154466728655
 110  -0.477249348896949706341242921908  -0.295244140069618902986063718096
 111   0.398438581165738261693454934954  -0.295244139934271456556969126463
 112  -0.319628112874876120401571259747  -0.295244139358032235913697388544
 113  -0.398438771045080868446371271059  -0.295244121679429088721616354848
 114   0.200689432003731115328361847209  -0.273474604228580151460035491898
 115  -0.200618669866601559188066297713  -0.273379417265335737134091748073
 116  -0.115759307581614976672855186701  -0.272961313970624192982898916212
 117  -0.036807340560783645460071040363  -0.272893676571182161060986704316
 118   0.280192242455895711183153673323  -0.272511228052509812025677731378
 119   0.121243880371616922586183711756  -0.272510396330691131875498205784
 120   0.042431231934313298981407813199  -0.272508911534959625310472446618
 121  -0.280155802544914654843478062026  -0.272493536408273481491260707656
 122   0.359013031991614116541752493433  -0.272493492628355917385961217811
 123   0.437843975371611214166614945286  -0.272493489657842180372096322735
 124  -0.437844063972974100823918235016  -0.272493486705481158301712378374
 125  -0.359033386176038242130506030069  -0.272493470389590592471209675591
 126  -0.155237852515529684318790810585  -0.250338029674311880961125146372
 127  -0.076300607096186849595749973558  -0.250141392717621402830599978340
 128  -0.240693873890597232649482644530  -0.249841280678568964196423060475
 129   0.240547216347255770910930170595  -0.249778810951171684910256733500
 130   0.160663326409771029988358348492  -0.249757347903238167707038965133
 131   0.003026559893094917486117510824  -0.249757201186616222511411747409
 132   0.081838445102245423182943158721  -0.249757200371127411299511616897
 133  -0.319570947710670808660729326731  -0.249742873060845507034904297688
 134   0.319587289839650597031617821769  -0.249742856479588721475186981595
 135   0.477249305932953431733850511711  -0.249742837866478696037149476422
 136  -0.477249348896008440897412791724  -0.249742837863518318779218968054
 137   0.398438692233026801104529615518  -0.249742837728306428279125626513
 138  -0.398438669752342168726409248378  -0.249742819217253350487722831294
 139   0.200611127138746749467413653318  -0.227973369401390970313719353483
 140  -0.200844001033575266825293044203  -0.227878673004213104830254830100
 141  -0.115745803911692886374913496328  -0.227460013768302583649514410908
 142  -0.036599243678050236781792260786  -0.227392850225517948177292740156
 143   0.280117766360315318749553346308  -0.227009986797329959608505796059
 144   0.121245130537293021880806166726  -0.227008977463082454783256587791
 145   0.042432549461753773744424831289  -0.227007609346651352025600691880
 146  -0.280165589164880025146329322601  -0.226992218394494244914404993684
 147  -0.358976438249826197398238373096  -0.226992203818304539720654857545
 148   0.359033403792112595752959734374  -0.226992194982677301626021774837
 149   0.437843977043059499080422426417  -0.226992187451741626864795846247
 150  -0.437843964068944019770519318798  -0.226992184333549584418971529576
 151  -0.161367675947033563378807636217  -0.205251515425043509514293550740
 152  -0.076003868514565482343032766852  -0.204641058118136629037451545447
 153  -0.240703615235768370654567644498  -0.204339979515227622359973591289
 154   0.240532988545651841712426839584  -0.204277510969516705710589137633
 155   0.160649098608167100789855017480  -0.204256047921583188507371369266
 156   0.003027877417049017797617702814  -0.204255898999590579963691102262
 157   0.081837221031854950332555139152  -0.204255898181491722034746922832
 158   0.319628103607320876157624767910  -0.204241572578062794888107113287
 159  -0.319571127895167481897545376689  -0.204241570852022053658319230537
 160  -0.398381771028286578887323047807  -0.204241552582947288197133259050
 161   0.477249309145359106710214795956  -0.204241535660378225228700314019
 162  -0.477249348896089227830984662317  -0.204241535657417734572364469951
 163   0.398438682577048641568972641007  -0.204241535512403410686447139386
 164   0.200596899337142820268910322306  -0.182472069419735991114051757616
 165  -0.122024305413755116734085636946  -0.182393963116625813844652403660
 166  -0.200853742370125319667349542233  -0.182377371840869917311879479172
 167  -0.036597926151638981151010038077  -0.181891548036805021446333077804
 168   0.280212512895362821950002042035  -0.181508783235830727728979378247
 169   0.121243076589816907920993614129  -0.181506237728140664177297190077
 170  -0.280165805043147328814898358699  -0.181490916184538325926435258176
 171  -0.358976455524821336408359647519  -0.181490901514667121120884646076
 172  -0.437811903585147874091251527370  -0.181490893024149637143619880204
 173   0.359033370649453860435771832507  -0.181490892768679473968947724013
 174   0.437843967134516184024483512440  -0.181490885245642121519708674623
 175   0.042390894445035312291024228901  -0.181432196563190062462807495276
 176  -0.161434238991169105535534705484  -0.159651367884886949386639768853
 177  -0.082629734203327015158389259246  -0.159624767663175921007252425977
 178  -0.240703866717544464369650650324  -0.158838677309821997205293804589
 179   0.240796358664269711960414604052  -0.158776970987759202394748591943
 180   0.160737435755466891781613001124  -0.158754831465324562165608950427
 181   0.081838263616792537689498882299  -0.158754595987335667978954438390
 182   0.319607661960592379534320623218  -0.158740274955225026833844379426
 183  -0.319571090718185087338649605988  -0.158740268643531755175790402423
 184  -0.398404384417804010849263211732  -0.158740255757401666524215178767
 185  -0.477232708331031901496229912122  -0.158740236494179675836221154233
 186   0.477249328300937997757555903344  -0.158740233454281673172409224150
 187   0.398438649438094397086342301437  -0.158740233304821946225796521184
 188   0.002885142623039630046920406898  -0.158658633276913764218183653657
 189   0.200707463103074368996129412205  -0.136970901543465420327621400153
 190  -0.122039667780779603843017523446  -0.136882172426009910482742374090
 191  -0.200853993850851733055717675689  -0.136876069635464286355719093369
 192  -0.043215902124115218989374455812  -0.136874097015244270651814691833
 193   0.280191592653979236313467170713  -0.136007485834506195002840670863
 194   0.121244119167815936294627095352  -0.136004935533984451125898111490
 195  -0.280158769626932616976163989849  -0.135989613882928694809681715278
 196  -0.358999042094139614017796657487  -0.135989604512541613193036032159
 197  -0.437827420680726128918053426349  -0.135989592373077842962026341536
 198   0.359033309436052165013414410700  -0.135989590562620065292962159606
 199   0.437843996834031262749725150135  -0.135989583039551230015624718089
 200   0.042303673769078318077277919707  -0.135930943012760139643127605786
 201  -0.161445069429446340938180793104  -0.114131725757880131110012495140
 202  -0.082621197488750753686937531638  -0.114123466257882048526504166544
 203  -0.002735182988385664155854471899  -0.113457023574486160102526273687
 204  -0.240696584094344247983581502484  -0.113337375686524524607831284704
 205   0.240532271320618541996779955158  -0.113276435163158002869129321482
 206   0.160649016377312156592798535453  -0.113253615168785184699031376306
 207   0.081751063005286639191468972878  -0.113253377338773661705273068232
 208   0.319628003975319874786972351772  -0.113238977296220501278212844725
 209  -0.319593727590075437470711678045  -0.113238972063302815886383500777
 210  -0.398422116841030041266127915315  -0.113238956717677174859463385077
 211  -0.477249348896889982217259798504  -0.113238937330941909948986147897
 212   0.477249313313117257793500042587  -0.113238931248183557408870006633
 213   0.398438713700787967709665430234  -0.113238931098536510953519051817
 214   0.200596870040275208411226865065  -0.091469733738393047744253464270
 215  -0.122031131067425766237789868838  -0.091380871020542121297524765222
 216  -0.042520731631309473594378261916  -0.091378105538666621412497691231
 217  -0.200846711235918024687202453929  -0.091374768012165490678984549304
 218   0.036680118645285021094742650806  -0.090688914123310217347026257358
 219   0.280212413010817758833478737369  -0.090506188391865781786921970565
 220   0.121198312252152924174920267322  -0.090503656373242196386875756625
 221  -0.280188347283342251114647699947  -0.090488321288095466069373969761
 222  -0.359016797837678362095039069669  -0.090488305593298412618689776893
 223  -0.437843836427966957365930821096  -0.090488292875591046682189308613
 224   0.359033425256357250696123829988  -0.090488288356666887230764824087
 225   0.437843998722962075025815727147  -0.090488280832537444114231844888
 226  -0.161436532717358069520177248813  -0.068630424349307970628481576892
 227  -0.081926026994059133625798604741  -0.068627474781333215109862135568
 228  -0.002734370960239255257173951061  -0.067954215717385840533148586546
 229  -0.240726239213541029383595288292  -0.067836083144171408329694903239
 230   0.240795383629968464991376600813  -0.067775893689857243460207223951
 231   0.160700768885818116268736486007  -0.067752342393963190366161391281
 232   0.081793526207400675288514405297  -0.067752094946654644487412055696
 233   0.319628119796095056020852118030  -0.067737675089366154682736062911
 234  -0.319611452315640955155750513148  -0.067737673307415775473298604919
 235  -0.398438520698075983789569848615  -0.067737657178449748161199677370
 236  -0.477249306131851332371835047605  -0.067737635124861422403568062125
 237   0.477249330785835355405594293158  -0.067737629042086328005756475077
 238   0.398438704048010845535428868936  -0.067737628892436950630615714540
 239   0.200693643350451499806187121981  -0.045968534442359856103708207498
 240  -0.121703714309565087230730120138  -0.045880746837002073593180324069
 241  -0.042520755124193722949673087218  -0.045876803332572102038775383833
 242  -0.200876253827784532015728899720  -0.045873475395447050078816549688
 243   0.042118281089702227478448815568  -0.045472391901321768285894112733
 244   0.280212528833034486520473000697  -0.045004886182422416871695624743
 245   0.121270550791759133591372873846  -0.045002411510664101716595954874
 246  -0.280206104929298353743437913965  -0.044987022542357783920140225108
 247  -0.359033170488238046197007697541  -0.044987006220866855045504824833
 248  -0.437843890633967044175250779348  -0.044986990492012917106482198696
 249   0.359033381567915531926490891128  -0.044986986150587276928472116564
 250   0.437843989155728234033424459556  -0.044986978624377594871509247638
 251  -0.161467328802607348077899759411  -0.023129132562944489111716153723
 252  -0.082299809425185204115626500173  -0.023127707868248095706515071811
 253   0.002682620320866706990082752951  -0.022774436879387723031755652101
 254  -0.240743872020038354865843218038  -0.022334784354631027572592888028
 255   0.240795499450172535430275921964  -0.022274591483904065140882934100
 256   0.160912499223890588961907939926  -0.022251532810892763336262718331
 257   0.081806279011019527648132295638  -0.022250794527689762443634496378
 258  -0.319627853532704402803472850799  -0.022236374052490015123050270578
 259   0.319627757721300573623068236322  -0.022236372884706168331825675091
 260  -0.398438553143400659400439997307  -0.022236354684800368701637134357
 261  -0.477249320691199342838121209747  -0.022236332918763167521416523536
 262   0.477249337466685638317477201608  -0.022236326835986234265749515006
 263   0.398438660376511320007155514399  -0.022236326686357324064293909439
 264   0.200860290736661602499553192180  -0.000467537408233634309792807350
 265  -0.122060680759557476220095799215  -0.000380844880965267318392554924
 266  -0.042894537556034409890770539997  -0.000377036419492853238573250875
 267  -0.200893981124572248731862174618  -0.000372176641820295899483414331
 268   0.042133533976580403557246521093   0.000030179506580582589484342039
 269   0.280212173317643556301020462953   0.000496497994230598938386483253
 270   0.121506730323230611475640585212   0.000498277733344145552693420069
 271  -0.280222514764766312172437165486   0.000514276706101652561916736822
 272  -0.359033232159500507464396979954   0.000514295988955572843745498415
 273  -0.437843886994788554075932492080   0.000514312287292652489225363342
 274   0.359033142684652322499633961177   0.000514316054886234967534016033
 275   0.437843946357487512629932764050   0.000514323586422087015875086278
 276  -0.003453311392494676144664340808   0.022311246485288695415652439832
 277  -0.161485056099644168191239025512   0.022372166191939826911323691529
 278  -0.082656775871359165409313497489   0.022372194081175925262354550495
 279  -0.240760575982558658029262966788   0.023166514785377381768943908315
 280   0.240795096664526608987589915824   0.023226710720413753862541746475
 281   0.082101804170431321517501856895   0.023249547969164571949936030615
 282   0.160912096433899850239893885242   0.023249769401392632410072829809
 283  -0.319627899164168497257695065021   0.023264928154274691254829917389
 284   0.319627837223942641818141674426   0.023264929321324959949710469810
 285  -0.398438553253299615733590670155   0.023264947664539000301340149521
 286  -0.477249329384139144093885376022   0.023264969287336586300386057923
 287   0.477249329720152711571483400336   0.023264975370113690522918285207
 288   0.398438421473339245116758419493   0.023264975519116083305188812629
 289   0.200859887951015676056867186041   0.045033764796084184693631873225
 290   0.035926409260669119952620892605   0.045106116604016695215757259369
 291  -0.122078408056920886521797950863   0.045120453874742671639560318669
 292  -0.043251409698658587611792898991   0.045122866269685644825120512922
 293  -0.200910703144675937820488774491   0.045129122491555418552661832330
 294   0.280212293538024195024408937326   0.045997800200172364175011508422
 295   0.121506886379295260904738947829   0.046000547915618981161333190201
 296  -0.280222567753894605495699956279   0.046015578915281650064547103090
 297  -0.359033250673791746187393359326   0.046015598195052390356423632594
 298  -0.437843873095088397762796954034   0.046015615020521515911466081287
 299   0.359033098994708685620153350169   0.046015618260965843827723168140
 300   0.437843735430877786347518377807   0.046015625794094054587383324613
 301  -0.003812824406129275141372370111   0.067815739467620331029351415296
 302  -0.161501778121132075894718049168   0.067873465325315032654203392954
 303  -0.082674503167053575465420226020   0.067873492834001445618135458358
 304   0.075124075010641482518385871113   0.068212641704176984668824375253
 305  -0.240760600478212766308727390160   0.068667816991471372350549224198
 306   0.240795216884962323825537665045   0.068728012926355518953648453440
 307   0.160911759127714460858019190458   0.068751910646932105256265868386
 308   0.319608605640011651037059697941   0.068766227463213982284272937011
 309  -0.319627956124319186109710740883   0.068766230360339623089013814011
 310  -0.398438569911078949208888151317   0.068766249874393597002410674904
 311  -0.477249348896889445919122938322   0.068766271493432986589353789828
 312   0.477249348752146784600180166878   0.068766277576210294439310366941
 313   0.398438377783134262914812191672   0.068766277725195691914435771758
 314   0.200860008171451390894814935261   0.090535067002025949784738580190
 315  -0.122095130078557625524018404963   0.090621753008117822685975653052
 316  -0.043269231703551367396265582258   0.090624164985513916147685779138
 317  -0.200910727640767357733296626482   0.090630424698442885629043762257
 318   0.035541790558471354882151349601   0.090653926426723171149604635007
 319   0.114552513134742452709066860088   0.090967259994959871510855626071
 320   0.280188682710142690058563259800   0.091499120776682881946309973483
 321  -0.280222672311035576597312818260   0.091516881121262103690538789840
 322  -0.359033267968418332252451959515   0.091516900423038300770884822646
 323  -0.437843872533366872805824984387   0.091516917747146475573351885315
 324   0.359020873083300056239762668743   0.091516918824553958913851256135
 325   0.437843670304776147109462152989   0.091516928004225185559908504301
 326  -0.161501802617495496113242774124   0.113374767532673792294744114491
 327  -0.082691225188694915679287985599   0.113374791967376594973575761314
 328  -0.003872311752803873308358966281   0.113389296259809735795836982159
 329   0.075144936567896194279419563172   0.113713939127946373264770127410
 330   0.153963109433844120140281527524   0.113719507534944361046910461866
 331  -0.240760733527013767053653466733   0.114169119197377434833963888647
 332   0.240695376650317292114313940942   0.114229205596201437139028536433
 333   0.319615565914102952115785352002   0.114267529136962596760683523283
 334  -0.319627973407835079603796466446   0.114267532570246795527382319546
 335  -0.398438569184572833536366112630   0.114267552084928637802553408004
 336  -0.477249330095961849198653463970   0.114267573699529686568050408234
 337   0.398426151938618911432862051968   0.114267578288801780751686001137
 338   0.477249348896949707896572757096   0.114267579782310878415755110846
 339   0.200760167936806359183591211159   0.136036259671871867970118663183
 340  -0.122096521347080244686114684643   0.136125422697972985931828085670
 341  -0.043285953725281669526454045842   0.136125464118889032809046522597
 342  -0.200910860689640866408142949753   0.136131726904480509529279607233
 343   0.035561967865205383493849163705   0.136155224162822847943793183492
 344   0.114548083817387536743700857472   0.136468561985474842495342553425
 345   0.280200034655626357878884324835   0.137000421566706760417018855101
 346  -0.280222689589727069204509886728   0.137018183334113525996958848507
 347  -0.359033285245374259592509046625   0.137018202631491216089018434855
 348  -0.437843868957691937522274311808   0.137018220390692061496968072383
 349   0.359020826230695960127757923666   0.137018221030630421102168289223
 350   0.437844064898945043056019751858   0.137018230223287096546333040973
 351   0.161265306658303356363207041968   0.158631047456728313589888378198
 352  -0.161501935666515282835728521176   0.158876069738964870895955264801
 353  -0.082691249493369235114344568516   0.158876094173470687968474398443
 354  -0.003854825252380930061974305295   0.158890595105811888678470201702
 355   0.075123919131968309360271829924   0.159215236479981083226403027066
 356  -0.240760750801638045670109739635   0.159670421403474739874844006296
 357   0.240782836590148252312865602930   0.159730423747035801982770016528
 358   0.319595062629511739741844142920   0.159768826723583298131590295429
 359  -0.319627990683574377291876087515   0.159768834776344100144930533463
 360  -0.398438568788350297923982678323   0.159768854292116271292238145570
 361  -0.477249347633244379850675875073   0.159768875905626891132305141280
 362   0.398438779791476584932444365246   0.159768878742615472780516461985
 363   0.477249348829699446979424520745   0.159768881988411462572912144339
 364   0.121748834263460667779816931921   0.181396478646102135548465688080
 365   0.200737289312988220684222430880   0.181537556126142993269120930601
 366  -0.122096654436813916350553072663   0.181626724974782564891691636689
 367  -0.043269386329986579464817406337   0.181626763308827632049625365098
 368  -0.200910877968997610107456177070   0.181633029119164596897018841746
 369   0.035541635033554658218934405765   0.181656521826488392936235532847
 370   0.280169909533096895157679849301   0.182512587547643873855381251482
 371  -0.280222706866495448789520923831   0.182519485540210830223777929751
 372  -0.359033284850077266624600428653   0.182519504840189739631985448344
 373   0.359033491342389364127121351867   0.182519521474088514477178263836
 374  -0.437843862037825200474400474587   0.182519522887694170475592730482
 375   0.437844064618004727630910251472   0.182519532429387679885877614708
 376   0.161162714188475861670445907926   0.204132234004290219844260827054
 377   0.081967764210967527554942799684   0.204198903371260100833730807771
 378  -0.161501952945374568586152992196   0.204377371952787017201995123591
 379  -0.082691382542166693669670019510   0.204377396379376750462246658172
 380  -0.003872465989822755842831817920   0.204391893892278153676661051377
 381  -0.240760768076109375149855341379   0.205171723609572044973791191162
 382   0.240412712096239932567780081190   0.205230220563174475827813853009
 383   0.319628175570470882329498080032   0.205270116880940758796972314570
 384  -0.319627990287307022634179885075   0.205270136982444682626254026445
 385  -0.398438568142901213336658585443   0.205270156505245736722102045816
 386  -0.477249348896949707896572757094   0.205270178111727457790748057482
 387   0.398438775120772945344471830970   0.205270180948715817263764906300
 388   0.477249348896949707896572757096   0.205270184194512046730069177831
 389   0.040773052859393248152029989215   0.226856087864033400896482642597
 390   0.121403647667672208994284548124   0.226896471488573900781207215472
 391   0.200477964654925292907761545530   0.227038119344334198828520917428
 392  -0.122096674795118594078326407140   0.227128032522358463721576392498
 393  -0.043286107563612199637466006595   0.227128062442492375453824396022
 394  -0.200910895245150378543442290985   0.227134331328312775072759375108
 395   0.280218906382327088839123492944   0.228013863373269460426677556708
 396  -0.280222689594816990515867605944   0.228020787746308136382946936254
 397  -0.359033267809538912864532361387   0.228020807448163766527872519608
 398   0.359033441457483669918524553800   0.228020823680161753270874583074
 399  -0.437844063329410015453168416982   0.228020825834188941810987053146
 400   0.437844064939834813288067590389   0.228020834706311427013452639976
 401   0.001310179146415376230112858621   0.249597078239239079709894298666
 402   0.160817527592687402884913524129   0.249632226846761985077002354446
 403   0.080145396684062020790038383055   0.249663697212734563174519676019
 404  -0.161501970223139312256898644717   0.249878674164728250847664060926
 405  -0.082691399816564080922019777312   0.249878698585474055589265790248
 406  -0.240760750806918132965022239649   0.250673025815669352077005781808
 407   0.240793674440499435619255918475   0.250729927926443859772860358903
 408   0.319620203215988859542422527861   0.250771418388616974983170172683
 409  -0.319627973014745296344547258755   0.250771439188541988450137876132
 410  -0.398438769190678989692264482476   0.250771458710902155520613681902
 411  -0.477249348896007140572637005043   0.250771480317828041997592942375
 412   0.398438779791476312955672524380   0.250771483154816161747041269000
 413   0.477249348896949707896572757096   0.250771486400612630936923663640
 414   0.040708580765882445650921847068   0.272359645148137304688468982635
 415   0.119980221467376031975525746047   0.272375503587424972000705904881
 416  -0.039261902763820898064260015154   0.272451061881852415911505812446
 417   0.200132778059136834122229161733   0.272538112186805964061262444820
 418  -0.122096692069512642630811680660   0.272629334728461485403627372827
 419  -0.200910877975959136358609378384   0.272635633534410082175973967203
 420   0.280188638969982246508932989367   0.273515337086283430278588745921
 421  -0.280196333793562359366952604287   0.273522098047099482904600107083
 422  -0.359033485574200726828313216219   0.273522109812701499148388298795
 423   0.359033491342357793231354084406   0.273522125886234992099183332799
 424  -0.437844063491585555832305929347   0.273522128328226285204577500467
 425   0.437844064957969603429616599830   0.273522136943822390189561752766
 426   0.000210483714163164412944043275   0.295085089543396766663057051746
 427   0.159419056357602775422758795043   0.295112033146843481971923990423
 428   0.080596098786759037547237634034   0.295162767203949970202681250639
 429  -0.078667195016772779348813785872   0.295201698024834096046947206671
 430  -0.161501967048070456243143246885   0.295380000791571360718805452276
 431  -0.240719672440152513215820033654   0.296174309479085681681691016678
 432   0.239000231110858051565947230653   0.296195871922739138686060538395
 433   0.319628174764084127186031490984   0.296272719896434472313396799016
 434  -0.319628190687632880957716522119   0.296272741394121911888042522304
 435  -0.398438769188300824821690198389   0.296272760919923814019742503340
 436  -0.477249348895919572461495528432   0.296272782523928626204447343923
 437   0.398438779791476315181955158525   0.296272785360916745953895754809
 438   0.477249348881068538831537461765   0.296272788606713215141006673484
 439   0.039608885333630233833753031723   0.317847656452294991641631735715
 440   0.120022214009909808959863625294   0.317877298695084294043826886979
 441  -0.039135188478186283926912408825   0.317952187647493753509610181366
 442  -0.118072487269721341057605689220   0.317952334167821525861308789251
 443   0.199070771785827512890835621579   0.318027019022718668136483720814
 444  -0.200886320159438622143862361842   0.318166866141659766052884458373
 445   0.280219288895352863642014548804   0.319017130573262465578788838572
 446  -0.280222907069844529995216350918   0.319023392493652116366421892901
 447  -0.359033485570856145325984761888   0.319023412020049274939834492933
 448   0.359033491342357795457636718551   0.319023428092335576306037818608
 449  -0.437844063671826186316593330114   0.319023430853365649780616362847
 450   0.437844064895350126398876622343   0.319023439157153868149545544901
 451   0.159576154492821719270833522395   0.340622233279943617269502802283
 452   0.078992497272245410904160356871   0.340635802781460555988112157582
 453  -0.078540480731138165211466179547   0.340702823790475433645051575591
 454  -0.157477762248279154669937255445   0.340703000230931401176486868700
 455   0.000267125673636257346108270223   0.340707981237961632007297408598
 456   0.240753905727349531678000315586   0.341663367211025773657522079776
 457  -0.240760946699807370380662791022   0.341675592965229057004945242368
 458   0.319628174764084129412314125129   0.341774022102535056520251284825
 459  -0.319628190683568233882036419957   0.341774043600222496094715459951
 460  -0.398438769184634025746173068043   0.341774063126525818159775423072
 461  -0.477249348896949707896572757095   0.341774084730029210411290168760
 462   0.398438775406844567019582136283   0.341774087567017118903108866830
 463   0.477249348896949707896572757096   0.341774090812813799345089683328
 464   0.118418612495396182316786348131   0.363350334272594879829257793922
 465  -0.117945772984086726920258082895   0.363453459933462863459413158170
 466  -0.039138166579315623938445500497   0.363458617380943312142738802819
 467  -0.196862115358946991456247040354   0.363489865581503923034961042626
 468   0.200831709207732107386372427827   0.363494233604734024879506804799
 469   0.039650737612251434416515595371   0.363496127567127196353777830464
 470   0.280219951773877660022101083562   0.364519581299992835610064306876
 471  -0.359033476782366434173260309763   0.364524714227775080713881353915
 472   0.359033447801726602521907659288   0.364524730298415328289716661937
 473  -0.437844063900194244495254008203   0.364524733441118146521866277180
 474   0.437844064997624326420223118573   0.364524741424707555692827928550
 475  -0.279650775858222240603700349210   0.365342062998283372723517415392
 476   0.157830221195358614135599064848   0.386090026489771862678666840392
 477  -0.157351047962644540532589649120   0.386204125996572738774591237619
 478  -0.078543458832264185647237403845   0.386209253523930741957100385399
 479   0.079097506930308709573369834940   0.386246167072258247218136545413
 480   0.000245445359299553131961824651   0.386246763710108876489219224686
 481  -0.236559979174424053702945730701   0.386982550204725605034081029345
 482   0.240753909577856034905970188486   0.387164669417126194941563233299
 483  -0.319516871491987155640929333455   0.387275209634605391087335506880
 484   0.319622295357262120105685837425   0.387275323928784701885824816554
 485  -0.398438769192655495114257356114   0.387275365332626402365922852515
 486  -0.477249348896949707896572757095   0.387275386939733844409796477061
 487   0.398438779791476076346652912859   0.387275389773117491852344993683
 488   0.477249348835573677686271557162   0.387275393018914383510549561711
 489   0.197228589520327625331186664258   0.408852651026080772289233233515
 490  -0.117948733810821999259568970070   0.408959919587040617272278464847
 491   0.118509124694357928201985602821   0.408985874856012531527569918991
 492  -0.196735401073312377318899434029   0.408990991347145260633065411545
 493  -0.039159846893649008576830078697   0.408997399853096306303580807265
 494   0.039692565326944339434479632370   0.408997410547864975327934770860
 495  -0.359033485575859152216446005770   0.410026016433874815214129289990
 496   0.359033491342333745607286185406   0.410026032504495080296409030690
 497  -0.437844064065570603498825886308   0.410026035937263074435441787838
 498   0.437844062514487293302707224311   0.410026047729488509571820651708
 499   0.279762029432000000000000000000   0.410614699191000000000000000000
 500  -0.277088677531000000000000000000   0.410785230019000000000000000000
 501  -0.157333086921489836045878754979   0.431746784937613139130752638774
 502   0.000287273067740390315611420412   0.431748046690852402767033095067
 503   0.079110495838896897086640116989   0.431748048450828279979690231252
 504  -0.078565121872206822189161644922   0.431748065916206181618758886714
 505   0.157907525672407100357746906769   0.431748555470296366746180130573
 506   0.236143769035791836080174534970   0.432431822040560661478897488440
 507  -0.235707559250898249933292962605   0.432475867106495585275644744869
 508  -0.319628033673128690490527697413   0.432776376052845459626365594397
 509   0.319628174325504245729159976515   0.432776625755091015814284970212
 510  -0.398438769190574864168186945462   0.432776667538726986572729779413
 511  -0.477249348896949707896572756635   0.432776689147458373344971105035
 512   0.398438770124701691151615019937   0.432776691979217049203675751919
 513   0.477249348896949707896572757096   0.432776695225014967676009440094
 514  -0.039118019185208171393180482936   0.454498682833839832581394677647
 515   0.039692548046298203927942986638   0.454498712753962278082211174516
 516  -0.117949475547657089418047270311   0.454534932242863862539492347705
 517   0.118610298834532877922687361475   0.454685348299799619509339297568
 518  -0.199560723222117111473845429437   0.460196819031927120534649403251
 519   0.200526054116224438941172027669   0.460746957328235342401639771718
 520  -0.287684744034553746939788752799   0.465179998528071968527197881486
 521   0.287942338039379163245572886321   0.465432043089735093690329785704
 522   0.422506286340294501725776022565   0.471391755952530249048079223056
 523  -0.376841920293737133443353828983   0.472825944937677055327842509323
 524  -0.157375657742864535925966935738   0.477249348786967256710455945714
 525  -0.467629003931364157775227192201   0.477249348896949707896572757094
 526  -0.422127701725263573568372706393   0.477249348896949707896572757095
 527  -0.331556138862210693318334951573   0.477249348896949707896572757096
 528  -0.243813349206896800561242554024   0.477249348896949707896572757096
 529  -0.078523294163765985005512049161   0.477249348896949707896572757096
 530   0.000287255793349642219151083290   0.477249348896949707896572757096
 531   0.079097840299246765636734889985   0.477249348896949707896572757096
 532   0.158122757369818990208639832965   0.477249348896949707896572757096
 533   0.244002381440519559381504236075   0.477249348896949707896572757096
 534   0.331882294638238767109641536568   0.477249348896949707896572757096
 535   0.377383596844339351316496022377   0.477249348896949707896572757096
 536   0.467628975836249652135056022754   0.477249348896949707896572757096
