   1  -0.477238675434166885908007418463  -0.477238675434166885908007418468
   2  -0.319543545976002707783237781073  -0.477238675434166885908007418468
   3  -0.240638068948382679333456874191  -0.477238675434166885908007418468
   4  -0.161286369845116917045232882902  -0.477238675434166885908007418468
   5   0.240635940832545716202475242061  -0.477238675434166885908007418468
   6   0.319542699300510934157473985545  -0.477238675434166885908007418468
   7   0.477238644408448768284512103098  -0.477238675434166885908007418468
   8  -0.078863487658860652073148572130  -0.477238675434166885908007418465
   9  -0.398391129986222570449754293394  -0.477238675434166885908007418463
  10   0.158637100511612500068470171478  -0.477238675434166885908007418462
  11   0.000941657535107047978610574621  -0.477238664469448203871107519770
  12   0.079789525764079290229069425067  -0.477238663927984199778222692771
  13   0.398390762560861458147927219920  -0.477238661790544642015001278219
  14  -0.120688686374318144291602236229  -0.456644023682568265803955029114
  15   0.200450086809658389765256856421  -0.455851559676870801149756071366
  16  -0.038960918072322333476969391423  -0.455327570387723901977194072521
  17  -0.200962219396749798189344878547  -0.454919657841069628277838009155
  18  -0.280090807462192693558347327632  -0.454527598671368430056797277662
  19   0.280092050818315297381245900508  -0.454523968341645813753731230263
  20   0.358966705432410286538543579218  -0.454477758834065864006484560089
  21   0.040365588939950390592129719374  -0.454477549412023661674554390371
  22   0.437814701112340871476278600613  -0.454477532512359710342856612428
  23  -0.358967337981112639116496037232  -0.454477387950752810396057424262
  24   0.119213316459389076329197718592  -0.454477374175924947650795320125
  25  -0.437814902710194728178880855926  -0.454477354554802680753306670698
  26  -0.082399817360432313986962758518  -0.431853590260658903611983584788
  27   0.161784258990818275133085010802  -0.431824944278584049433317378508
  28   0.000277970911300228524747097464  -0.431720812137027213110586954539
  29   0.240695209271381676202084422683  -0.431716064884935969169085701561
  30  -0.240696068781405771987223471247  -0.431716063250943466536959710080
  31  -0.161344369678140009698999479959  -0.431716063250943466536959710080
  32   0.319543111827683753703564791396  -0.431716026304369822541581199099
  33  -0.319543588795080309336668576606  -0.431716026302520795759062189722
  34   0.477238675434166885908007413483  -0.431716026302511230430170465340
  35  -0.398391129831566986686330937349  -0.431716026302500657986730490143
  36  -0.477238675434166343464242753115  -0.431716026302500657724022255406
  37   0.398390896144077163011080710657  -0.431715983865745599046999323544
  38   0.079789609908928056969831672194  -0.431715938681037352303798369750
  39  -0.039624659896447262125624500951  -0.409809760348622731362374018242
  40  -0.201020219229772890843111475603  -0.409397045657846208906790300767
  41  -0.121832588638991141672964213482  -0.409107862458329561638996315314
  42   0.201208404624617131712622893720  -0.409064269310345287820989411079
  43   0.122360444920826441194220728915  -0.409063640940129380833649874844
  44   0.280119149412486762240239456049  -0.408955033983077523521030695738
  45   0.040365705805422685618324917920  -0.408954845359265563105276722803
  46   0.358966990893933713832932082774  -0.408954819816593286585247303219
  47   0.437814779557148185245926041148  -0.408954780140951477970896730390
  48  -0.437814902555539144415457499885  -0.408954705423136452832029742375
  49  -0.280119818122140693979674068577  -0.408954701870663621719244905698
  50  -0.358967359313317834737315843806  -0.408954701602711741877760566211
  51  -0.078714927795834504101787948091  -0.386480325303621591440085658475
  52   0.161784340733066891481917396829  -0.386302295146991211038111164294
  53   0.082936711795667823373417910712  -0.386302203603648364199104167297
  54   0.000937546898328708518708739190  -0.386201123264589758696467531743
  55   0.240695291013630292550916808696  -0.386193415753343130773879487359
  56  -0.240696026271732852602763053254  -0.386193414119297086410218390677
  57  -0.161344327168467090314539061965  -0.386193414119297086410218390677
  58   0.319543161965535445555771671320  -0.386193377172731204835239858943
  59  -0.319543588640378219380321335770  -0.386193377170854567837943282174
  60   0.477238654791876243498796670389  -0.386193377170849682379823101843
  61  -0.477238675434166885908007418465  -0.386193377170834429540037092345
  62  -0.398391119074204032034688868645  -0.386193358270633947252388816543
  63   0.398390932649362633273115554265  -0.386193307464567605818553750937
  64  -0.038965977645896417109125747010  -0.364291757392588465675673358270
  65  -0.201020176720099971458651057610  -0.363874396526199828780048981364
  66  -0.121832546129318222288503795489  -0.363585213326683181512254995910
  67   0.201208486366865748061455279746  -0.363541620178752449425783196872
  68   0.043512210129922189470983369812  -0.363541043410169923360919984101
  69   0.122360594007803183324366883987  -0.363540929236592708637063483319
  70   0.280119215352505844594503278795  -0.363432357480771359476997813539
  71   0.358967035492676604735413667095  -0.363432120000485476192752140577
  72   0.437814825141813195834344608356  -0.363432094570939018999980486603
  73  -0.437814902710199178522243940243  -0.363432056291462516162855772300
  74  -0.280119775710440714079298381314  -0.363432052739017150209459248228
  75  -0.358967338030099690254852170400  -0.363432015875421731805359159856
  76  -0.082253262185370445335677677848  -0.341095396376579970292655846250
  77   0.004084030006028861592038404644  -0.340787320978282414270874159802
  78   0.161784404585258460605525630230  -0.340779646015369763885611995880
  79   0.082936852394409547655910636923  -0.340779554472199258772159386120
  80   0.240695354865821861674525042093  -0.340670766621721683621380318951
  81  -0.240695983860032872702387365992  -0.340670764987650614900432733207
  82  -0.161344284756767110414163374703  -0.340670764987650614900432733207
  83   0.319543181504020782887537470246  -0.340670728041069169645473606497
  84  -0.319543546228678239479945648507  -0.340670728039208096328157624704
  85   0.477238654807803929838617901108  -0.340670728039183454198624367039
  86  -0.477238675279443012486286970810  -0.340670728039168201618992217941
  87  -0.398391118919479709114060195077  -0.340670709138967719330875996862
  88   0.398390912378941826615019685057  -0.340670629542938840131492695748
  89  -0.035819559107748629866963869925  -0.318877974965360584083710780228
  90  -0.201020134308399991558275370347  -0.318351747394553357270263323894
  91  -0.121832503717618242388128108228  -0.318062564195036710002469338437
  92   0.201208550219057317185063513148  -0.318018971047131002273284028458
  93   0.043512990001650773663902075393  -0.318018388904469375174242076076
  94   0.122360658860101966864858521405  -0.318018278372739036315417755002
  95   0.280119257047807543784798677661  -0.317909669971735405512347005767
  96   0.358967028191993352866771155538  -0.317909441437868869853301775721
  97   0.437814779136887115445909730977  -0.317909411249714487145446585415
  98  -0.437814902555474855601886316717  -0.317909407159796288241812425661
  99  -0.358967295568911480790617404697  -0.317909366658059316954350310250
 100  -0.280119643783035476577685711816  -0.317909248732351840882305560808
 101  -0.075242901559211533612612063045  -0.296115774014270248139301760491
 102   0.004084969604309387164133227589  -0.295264426798681654285667328644
 103   0.161784505293609188575533538171  -0.295256996883814932688619239423
 104   0.082936697014268262421131774948  -0.295256905340798206152057384889
 105   0.240695455574172589644532950029  -0.295148117490166852424387562504
 106  -0.240695760014712949972236497069  -0.295148115856534736138190222148
 107  -0.161344060911447187684012505777  -0.295148115856534736138190222142
 108   0.319543192195504945986781362188  -0.295148078909404196966558888567
 109  -0.319543503718001960354793541941  -0.295148078907561717138378423637
 110   0.477238675434166885908007417133  -0.295148078907521898928638178457
 111  -0.477238671022683944713315365879  -0.295148078907502172456791888384
 112  -0.398391076507779570800816529749  -0.295148060007321247821036464795
 113   0.398390891577754556103505065888  -0.295147953195186434435016121109
 114  -0.035818663637916269676344960462  -0.273355258899495352401600102473
 115  -0.114822736247822217397404935603  -0.273082849389535981563856969452
 116  -0.201019910463080068828124501425  -0.272829098263437478508020812835
 117   0.201208650927408045155071421088  -0.272496321915576171076291272011
 118   0.043512524849537277206475789835  -0.272495739775179617745177907853
 119   0.122360759568452694834866429347  -0.272495629241184205118424998550
 120   0.280119312747642334569450022270  -0.272386942882281385625231734512
 121  -0.437814860143774717288758965168  -0.272386758028149816732174355250
 122   0.358967014358584149040861794535  -0.272386738487015481125694011718
 123   0.437814756652153052649009293047  -0.272386705743287834912381273169
 124  -0.358967230453023408032700945956  -0.272386678373166933463070780451
 125  -0.280119401052442519803819130825  -0.272386566891382189534363528168
 126  -0.075243399774231302696688591607  -0.250593124885330335434156748851
 127  -0.154353695260708037191334554770  -0.250165359026850374065415375385
 128   0.004084492148914760846139749887  -0.249741739859752698023833578170
 129   0.161784555034426273961437505678  -0.249734347752175879426695032403
 130   0.082937016954239384910626771007  -0.249734256210256270897807710490
 131   0.240695505314989675030436917536  -0.249625468358527799162463355489
 132  -0.240695459767595331414947550979  -0.249625466725858656082211560082
 133   0.319543208590961675093833881971  -0.249625429777740921279918273071
 134  -0.319543279872262608754340818695  -0.249625429776445840438565920714
 135   0.477238655209397968836182596470  -0.249625429775860163467347666742
 136  -0.477238675434166885908007395675  -0.249625429775836158025544227082
 137  -0.398391033996978972449794636013  -0.249625410875674868745621391812
 138   0.398390871342989683466378623575  -0.249625275279821812237745407041
 139  -0.035819161852936038760421489028  -0.227832609770555439696455090832
 140  -0.114822070161646852366991646597  -0.227560200262742830864366628604
 141  -0.201019610215962450270835555335  -0.227306449132761398452042150769
 142   0.201208700668225130540975388599  -0.226973672783937117814367064997
 143   0.043513154558396236791807838960  -0.226973090647868729755963148945
 144   0.122360812420212964035192384948  -0.226972974721247945202604172822
 145   0.280119345815753409135339853565  -0.226864264872439171739563533183
 146  -0.437814817632974118938735756617  -0.226864108896503437658489058023
 147   0.358967016208340975292428854069  -0.226864063460589599937434103890
 148  -0.358967006607284056432248222700  -0.226864029242051056763258277523
 149   0.437814720174134440219290489065  -0.226864025045805688255167260026
 150  -0.280119061095500228376653543565  -0.226863848982314871583616313900
 151  -0.161243240289500750468594260666  -0.205167072912143409478979137120
 152  -0.075242733688055937666275302603  -0.205070475758537184734666408004
 153   0.004085202353874763185302196615  -0.204219010378106950865554694294
 154   0.161784610997117215355550666497  -0.204211698620544049754628023889
 155   0.082936786784904076082369525017  -0.204211526421439902332359513313
 156   0.240695561277680616424550078357  -0.204102819226895969490396346983
 157  -0.240694780034258711056698618445  -0.204102817599267235908656955198
 158   0.319543221507646018218499190815  -0.204102780646076525598408277563
 159  -0.319542979624026992506538270428  -0.204102780645769767756415791270
 160   0.477238675434166885908007413420  -0.204102780644198428006057155027
 161  -0.477238657769185469582411291858  -0.204102780644173357273556008948
 162  -0.398390810151239620849341912761  -0.204102761744558992045808888879
 163   0.398390839193959059549060732953  -0.204102616071900268791059662548
 164  -0.121728259239425421667386129178  -0.182564465616148116182387570280
 165  -0.035818495766760673730008200022  -0.182309960643762288996964749983
 166  -0.201018930482625829912586622801  -0.181783800006169978278487545885
 167   0.201208756630916071935088549421  -0.181451023652305288142300056490
 168   0.122360618048883215025823253618  -0.181450306936665080480181182280
 169   0.043503021451161027973487464535  -0.181447380625750484181407220540
 170   0.280119380255407329201824436100  -0.181341578461589982191350536247
 171  -0.437814593787234767338283033363  -0.181341459765387560958676555095
 172  -0.358966706359048440184445674432  -0.181341380111374984081108148067
 173   0.358966974632336353155772710429  -0.181341369547002935886624667605
 174   0.437814681822507031190215497629  -0.181341324344457561305662879136
 175  -0.280118381362163608018404611029  -0.181341199855723451410061709013
 176  -0.082148606654919460836458788776  -0.160074692594663532705556984199
 177  -0.161242227896224490690521287926  -0.159644278209797717023038367736
 178   0.003995747813478041088618311676  -0.158690011491395788409598727673
 179   0.161784427395231213671039001510  -0.158689049489248073007757315608
 180   0.082928370055348584169860004323  -0.158688789469813825165456023939
 181  -0.240659372336582504767210494386  -0.158580182237727178544365126204
 182   0.240695377675794614740158891811  -0.158580170095599992743734321423
 183  -0.319542299890690372148289337900  -0.158580131519178347582861186386
 184   0.319543080193965879452650110744  -0.158580131514629633904888016017
 185   0.477238652005120564506310356217  -0.158580131512538228911129866954
 186  -0.477238675434166885908007417203  -0.158580131512510556521567790814
 187  -0.398390509903004004601539364489  -0.158580112613882919363658759428
 188   0.398390747319848000691083690303  -0.158579966940326751075861699109
 189  -0.042724366200675103934971728485  -0.137314177091136177201483065610
 190  -0.121727163572393778787434413130  -0.137041816497667480964782559807
 191  -0.200983522784949623623098498742  -0.136261164644629920914195716891
 192   0.201208573029030070250697362875  -0.135928374521009311395638030930
 193   0.122352201169430388992084642698  -0.135927569725407608504676307488
 194   0.043417325107963790942386983298  -0.135924772154168684252693477076
 195   0.280119196653521327517433249544  -0.135818929330294005444688510676
 196  -0.437814319641334708327277167247  -0.135818810634546811695112645121
 197  -0.358966055752789589431150835093  -0.135818730984357963622854205538
 198   0.358966798463897573942624829025  -0.135818716318340851291401913921
 199   0.437814578681334663872101551106  -0.135818639622781761976492652750
 200  -0.280082973664487401728916486969  -0.135818564494183394045769880020
 201  -0.082147669678421861136881189801  -0.114552043472640031536512658838
 202  -0.161187458991148209439813510396  -0.114121487150806029611690221693
 203  -0.002700288017351466184470842855  -0.113662322849437535875930832934
 204   0.161776061812005648979846672995  -0.113166401126242990754404095197
 205   0.082842696778315410399011794108  -0.113166220956444608687418764957
 206  -0.240659011925299082200163508541  -0.113057533107487671956091972171
 207   0.240687012092569050048966563300  -0.113057521732594910490381101019
 208  -0.319542180535953663160316674666  -0.113057482387668586052801342722
 209   0.319542896592079877768258924197  -0.113057482383333657158225990458
 210  -0.477238616045826701045888156549  -0.113057482380883067020602955246
 211   0.477238632810635284140463147539  -0.113057482380876047375046417428
 212  -0.398390483672170754816485682493  -0.113057463482224248478720751307
 213   0.398390526368203173973420679138  -0.113057317809196735417763565949
 214  -0.042625025412642548273659756200  -0.091791636351710998784601769861
 215  -0.121666344171595961027082655131  -0.091519207994141690661324135869
 216   0.036728972128852441004321741217  -0.090896074015060393264994299795
 217  -0.200983162373666201056051512897  -0.090738515514390414325922562858
 218   0.201200207445804505559505034364  -0.090405726158004229142284810527
 219   0.122266658619237956156215110743  -0.090404972625868700271117080700
 220   0.280115843312319541310640630508  -0.090296280322136595896537889533
 221  -0.437814328476927691281031091436  -0.090296161502881440971148477592
 222  -0.358966623822327901459498965223  -0.090296081856236157902478777707
 223   0.358966614862011572258233642468  -0.090296067187044874544739888356
 224   0.437814583438105423950747778824  -0.090295963670233442364209791538
 225  -0.280118541902758478081547843004  -0.090295929257795570329686728952
 226  -0.082048449060948825988148327664  -0.069029502471133313485418040025
 227  -0.161180747038149465875231444384  -0.068598831278470966401782540122
 228  -0.002697526558432742740315782908  -0.068139350468444617183768473965
 229   0.161690623223578593139175315777  -0.067643832171795795683233628047
 230   0.082842928131234330840368223929  -0.067643571825366265590465166071
 231  -0.240694602031701901288519104454  -0.067534897888191346218271917383
 232   0.240692120561138343866491997710  -0.067534872887560191054283890219
 233  -0.319542532923808396640359295525  -0.067534833257366263556799801135
 234   0.319542410930005198925017006971  -0.067534833254258091592598826418
 235  -0.477238670627539667175245383820  -0.067534833249249560607507062048
 236   0.477238675434166885908007413526  -0.067534833249229773713489777814
 237  -0.398390452059206735837457029749  -0.067534814350568997021268342359
 238   0.398390772501220381710029635947  -0.067534668678195906362737325436
 239  -0.042622726198828071640235794633  -0.046268987278108001419649089696
 240  -0.121658330977563832732717046455  -0.045996559567742843866093388509
 241   0.042906048324528451919882889949  -0.045793405342347324847267562796
 242  -0.201018752480069020144407108810  -0.045215880295094088588102508070
 243   0.201205315914373799377030468774  -0.044883077312969509706187599726
 244   0.122266896129373458489597066871  -0.044882323494822065471334598934
 245   0.280118552944059699086875507526  -0.044773631271112688774952918080
 246  -0.437814277431026337723161488989  -0.044773512371243832431392075226
 247  -0.358966503266212316193344060368  -0.044773432724729562091414148669
 248   0.358966943160387946602520059348  -0.044773418056562450752494954343
 249   0.437814591808194556227587937312  -0.044773314538567983669626262669
 250  -0.280118203349641962468142793002  -0.044773280127388256278450150224
 251  -0.082046161358031072117169728964  -0.023506853396950390239011147280
 252  -0.161242406572299906475226596430  -0.023076223905137874887991128425
 253   0.003479031072136298205709268341  -0.023037648204820523293927438164
 254   0.161781678763183050213836484977  -0.022121274106002751543410000974
 255   0.082843158249398022225554376723  -0.022120922694281664028294918363
 256  -0.240694089065342689917794967880  -0.022012248759415267121720703140
 257   0.240694830192878501642726874722  -0.022012223836536283932698918776
 258   0.319543020726540617677822774641  -0.022012184126676114014832554565
 259  -0.319542277021333305465105091191  -0.022012184126419304549888450277
 260  -0.477238675434166885908007413831  -0.022012184117583586183635387100
 261   0.477238660646152086603268596140  -0.022012184117565947469921921669
 262  -0.398390332234174625693853384031  -0.022012165219060470973681258486
 263   0.398390773099300772653157652176  -0.022012019546529682107567387905
 264  -0.042607039803297849965154327482  -0.000746340849085586023758615566
 265  -0.121727227633013343418613738412  -0.000473962572232362881536688818
 266   0.042907762427225406969248580553  -0.000269431000468213761719124102
 267  -0.201018239513709808773682972235   0.000306768833681990508448706173
 268   0.201208025546113957153265345786   0.000639571738054397415397371717
 269   0.122357977215941442062306530476   0.000640234519864033606727473678
 270   0.280119156894904456767960771481   0.000749017856547219150246634275
 271  -0.437814167479756180887001418297   0.000749136760289612599154970838
 272  -0.358966003758536739330467538003   0.000749216404196185005386774370
 273   0.358966944375995484321046433990   0.000749231075103761201089364925
 274   0.437814617723122510140531090059   0.000749334593090868147828537502
 275  -0.280117690383282751097418656409   0.000749369001387822818101064019
 276  -0.003172477317394532365279358954   0.021996439108111588304593459620
 277  -0.082147845835946776404706290478   0.022015682167665768447434465357
 278  -0.161241883837709611695435815913   0.022446425223527084069445648747
 279   0.161784390687921872856654640239   0.023401374944884612318644032607
 280   0.082934250621542447847679663282   0.023401635297822965727919264260
 281  -0.240693306188913835368705923671   0.023510400365519196604437363309
 282   0.240695434143723259323812138674   0.023510425291123623992500633573
 283  -0.319541600356341646073762337565   0.023510465000217828011405996188
 284   0.319543094378325721326222792987   0.023510465004930532998543799045
 285  -0.477238593283503322577895606205   0.023510465014008517013638420115
 286   0.477238675434166885908007413299   0.023510465014097878773645934476
 287  -0.398389812803372518006120122195   0.023510483909642305353551842056
 288   0.398390826278380736339171188233   0.023510629585105484455447458357
 289   0.036248708350989293652471122423   0.044763984381536306176324533582
 290  -0.042723585867054478591231805088   0.044776159093028915941067299265
 291  -0.121726704898423048638822957891   0.045048686556432596075900088357
 292  -0.201017456637280954224593928026   0.045829417958616454234606772622
 293   0.201208629496958714834350609738   0.046162220865714305340596924066
 294   0.122360717513934024062111311541   0.046162883569052272941333231113
 295   0.280119253009864314838316379783   0.046271666988111980419577849597
 296  -0.437813626124229422447873288168   0.046271785888736939731636544826
 297  -0.358965327093545079939124784376   0.046271865530833317566681220836
 298   0.358967012991166800148944069560   0.046271880206718278403568531872
 299   0.437814579799511566525260059327   0.046271983724741299796523726515
 300  -0.280116907506853896548329612200   0.046272018126322286544259130468
 301  -0.003289114216411989657816758954   0.067518938817580307135331720964
 302  -0.082147323101356481624915509965   0.067538331296330727404871242530
 303  -0.161240974195921562973735363254   0.067969174293581808606352171398
 304   0.076047323165661692035606983766   0.068400322102909042807224736549
 305   0.161784678674849898793851708696   0.068924024075639904163283400652
 306  -0.240691889963970345471363709832   0.069033049475155807341872417986
 307   0.240695530258683117394167746973   0.069033074422688385261831848891
 308  -0.319540810064853773420636900361   0.069033114125024167241602480239
 309   0.319543190066966277386831559403   0.069033114136496192387586975612
 310  -0.477238519504025273135077642001   0.069033114145614957251567240078
 311   0.477238661833170202149377291771   0.069033114145762075143640477456
 312  -0.398389135815641308969900413067   0.069033133036274639454315808257
 313   0.398390740894993633406557619406   0.069033278716691639061419952616
 314   0.036131065692289554888025911087   0.090286481502955799497609509548
 315  -0.042723063132464183811441024577   0.090298808221693874898504076433
 316  -0.121725738087236973147664941035   0.090571335677832243915202576663
 317   0.115471353173299590982115062724   0.091161197347979441558522303068
 318  -0.201016040412337464327251714188   0.091352067068253064972041827299
 319   0.201208725611918572904706218037   0.091684869997279066609928139384
 320   0.280119348698504870899694119964   0.091794316119677639809952937384
 321  -0.437812948819471091934151999884   0.091794435015364558076988848775
 322  -0.358964536802057207285999347173   0.091794514655639656796877704886
 323   0.358966908333734521968944250460   0.091794529338264201878359419234
 324   0.437814501590590800417565356436   0.091794632856340345650349318503
 325  -0.280115491281910406650987398362   0.091794667235958897281694185145
 326  -0.003293418044933321182001335768   0.113049954835351510751230588160
 327  -0.082146344336524351165416287333   0.113060980417474933971130409056
 328  -0.161239597498149008558766086488   0.113491841058126345509053077968
 329   0.154895236881298625967427728580   0.113922325996246430756563241689
 330   0.076048011667935554137826797967   0.113923265103704825924348504285
 331  -0.240682198992518417274617635145   0.114555697575303324098433863998
 332   0.240695421095557932782981445288   0.114555723554223727083452405307
 333  -0.319539393839910283523294686528   0.114555763234660777979037534915
 334   0.319543080903841092775645257716   0.114555763268031534209207532028
 335  -0.477238675434166885908007417754   0.114555763277014129261019082590
 336   0.477238656588960363212369768902   0.114555763277428001261100961125
 337  -0.398388340341475397588701958083   0.114555782160990710290795663567
 338   0.398390680892445182045806454981   0.114555927848318323129571190803
 339   0.036131593065296429036698252366   0.135809130631567259410262386574
 340  -0.042721676282655158129901659659   0.135821457332234878277602696760
 341  -0.121724351291627935857451815425   0.136093984788374898467424883403
 342   0.115471895375934589123139463812   0.136684393751971815122389442888
 343  -0.201006349440885536130505639501   0.136874715168400581728603273311
 344   0.201208616448793388293519916352   0.137207519128814408431548695800
 345   0.280119239535379686288507818281   0.137316965251212981631573493800
 346  -0.437812145560117037650962266862   0.137317084139943922886738302272
 347  -0.358963120577113717388657133339   0.137317163765276267534312759563
 348   0.358966854549542336469521887551   0.137317178469898657533897467889
 349   0.437814666107356322268418240644   0.137317281987709295812798684345
 350  -0.280105800310458478454241323674   0.137317315336106414038255631157
 351  -0.003292492308916277405775162431   0.158573403076057427357912510714
 352  -0.082144957486715325483876922416   0.158583629528015937350229029377
 353   0.161241387228930607649917831795   0.159000457720287994865444256091
 354  -0.161231564199415483685149885406   0.159017709429605923150243478190
 355   0.076070356290883045821319043601   0.159484181068829566703242521791
 356  -0.240679409329488730275533924796   0.160078346621493201773906705136
 357   0.240690343109374256055059207830   0.160078372402668918556188582065
 358  -0.319530043058373553958829714041   0.160078411405957630283167524019
 359   0.319542966267030545109471971596   0.160078412399553421075373595999
 360  -0.477238435199522168300291067308   0.160078412408046467660206427021
 361   0.477238675434166885908007413225   0.160078412409090328729555972590
 362  -0.398386925252521968498138279017   0.160078431270662647887594467004
 363   0.398390878437233486621074769664   0.160078576979555930131234414463
 364   0.036132980110462742316068829136   0.181331779742102310800526310230
 365  -0.042711454395761464806756115137   0.181344105316263886554631265811
 366  -0.121714476196233057313488528769   0.181616632848953304816521207939
 367   0.121810347302483488770983791106   0.181763608598058260035606329169
 368  -0.201003559777855849131421929152   0.182397364214590459404076114449
 369   0.201203538462609711565597678894   0.182730167977259599904284872558
 370   0.280119124898569138622334532168   0.182839614382734868497739557772
 371  -0.437810736443775871971756904891   0.182839733249801129616915482293
 372  -0.358955419014886939648438825933   0.182839812245463920890649112806
 373   0.358967065149969339357370219951   0.182839827601077737664111044498
 374   0.437814792749965729527391187604   0.182839931119199366075140024658
 375  -0.280103010647428791455157613325   0.182839964382296291713728472295
 376  -0.003285937536786746346188090855   0.204102477618097833829646148351
 377  -0.082134906996926766502383496017   0.204106277550208660063350267130
 378   0.161236309242746930921995594373   0.204523106568733186338180432849
 379  -0.161228766203567060479946404822   0.204540889063118914586787906930
 380   0.082362297160335958833569327580   0.204569948214224348611766075469
 381  -0.240553206539442895320347435855   0.205600820816340922570219742987
 382   0.240695401821731209813226559094   0.205601021253259997583281785584
 383  -0.319529728679426913593463404209   0.205601060536538309581300022227
 384   0.319543242225496058722358956948   0.205601061530383218645785852079
 385  -0.477238675434166885908007418462   0.205601061539078806059393771453
 386   0.477238675434166885908007418462   0.205601061540756556913541135655
 387  -0.398379612066311476142112659367   0.205601079814899388612274487751
 388   0.398391005079842893880047716624   0.205601226111046000393575754776
 389   0.036351555273944688807706216899   0.226853904130828951588853281437
 390  -0.042708009121003657080494320750   0.226866754317556351346104256843
 391  -0.121711374762758782012734433458   0.227139281874970039946002474635
 392   0.121813593221966833735668433320   0.227286257614001946729566955524
 393  -0.200877356987810014176235440211   0.227919838409438180200389152300
 394   0.201208597174966665323765030158   0.228252816827850678931378076077
 395   0.280119400857034652235221517524   0.228362263513564666068151813852
 396  -0.437803780462050316024587268673   0.228362381850021111027087989468
 397  -0.358953455262119042808873270950   0.228362461334774036142115787232
 398   0.358967191792578746616343166912   0.228362476732567807926452384811
 399  -0.279997964397096088069900046399   0.228362492313531426910616473492
 400   0.437814735344030900560401501880   0.228362620532771103478796069675
 401   0.075776935100687023836338316746   0.249613755674386154249481937508
 402  -0.003100291695082334797060577887   0.249624748207186970997306286329
 403  -0.082131800757697538116253448143   0.249628926575897728037246481689
 404   0.161241367955103884680162945609   0.250045755419324265365273636368
 405  -0.161104850887480500579563315451   0.250086903451434093649458543780
 406  -0.240573990763323887961976579486   0.251123465203292233152342134377
 407  -0.319436143445117042328299514327   0.251123613472074681643094840923
 408   0.240695677780196723426113544449   0.251123670384089795153694041664
 409   0.319543368868105465981331903910   0.251123710661873288908127192392
 410  -0.477238087873750247852501255238   0.251123710666953215777193515583
 411   0.477238674946924402146194652014   0.251123710672422782489975524426
 412  -0.398377258775202127693805816537   0.251123728885738982640801090793
 413   0.398390919696353048726339880699   0.251123875242632154806842326141
 414   0.115543764429287210716452508852   0.272375068098148427256259445348
 415   0.036328976691227107524253094822   0.272376547663167827220898964591
 416  -0.042522357741188625419059644852   0.272389024884060003874977740310
 417  -0.121565891591654678123181052140   0.272661698535465092061209492836
 418  -0.200898141211691006817864583842   0.273442482796389490782511543690
 419   0.201208873133432178936652015513   0.273775465958680476501790332157
 420   0.280119527499644059494194464485   0.273884912645054736330493154165
 421  -0.437801047463717956042751956743   0.273885030899648178113382068280
 422  -0.358887526566377009484892404220   0.273885062725422503270276533347
 423   0.358967087134600950518278229224   0.273885125864113730147083981135
 424  -0.280012488949677553946059286882   0.273885139128080383968449547338
 425   0.437814769493496063763537015984   0.273885269664424522808362852985
 426   0.076119257750882863583087905116   0.295135117683534726029221564238
 427  -0.003095435955221929291289546260   0.295147398007359137099454705272
 428  -0.081945703621981811658499035793   0.295151195322313150970863982866
 429   0.155306210593334823701993426179   0.295179838893521794689695204917
 430  -0.161133496288041385960871176281   0.295609543570454197614701118363
 431  -0.240588515315905353838135819970   0.296646112017841190210175208223
 432  -0.319453560854676984284300390850   0.296646259271705399286107430099
 433   0.240695804422806130685086491410   0.296646319515579865416035381977
 434  -0.398332599821363192204187225125   0.296646356111577277953910793172
 435   0.319543227321978641446243604192   0.296646359793319458435583742514
 436  -0.477238675413071275123504356249   0.296646359794827897770961087564
 437   0.477238675434166885908007418462   0.296646359804089008066409913196
 438   0.398390958566623551906258139463   0.296646524374281787977599890691
 439   0.115856768524263192718534705142   0.317896641142160430789005013688
 440   0.036696222252658550177831392334   0.317897715427872643758110935497
 441  -0.042521444668536453248802389069   0.317911674006569233464513394282
 442  -0.121602616297996911349636365093   0.318184332853579153457799598492
 443   0.195273863429628197086175434825   0.318909568849737750406597201632
 444  -0.200912665764272472694023824325   0.318965129610938447840344617536
 445  -0.437814870981522694904611029010   0.319407677932472922463959235483
 446  -0.358908744991307915100063516693   0.319407706912060381944154372460
 447   0.358967145279324318964197185352   0.319407774995742825069713724320
 448  -0.280012082870173217463862690824   0.319407788257935419625298408379
 449   0.437814726801944952654960404031   0.319407992741201919314275771429
 450   0.280119343508023102642641712300   0.319408045064429666024814341267
 451   0.076432290422764753512449476523   0.340656762661540821828658314475
 452  -0.002722075831191111608367752544   0.340668516031662710780668168136
 453  -0.082016453115376463108727593298   0.340673789475919735598474991609
 454   0.155306623621771174669946704497   0.340702488023314312836017272977
 455  -0.160926818040000000000000000000   0.341192527590000000000000000000
 456   0.234760194918269316240536346321   0.341780343530445238718532667677
 457  -0.240307520143416883579856653423   0.342167893899461665433624161472
 458  -0.319435973448689690608588490367   0.342168905005976409876941668009
 459  -0.398391080283538185079538344430   0.342168967679899407753544378741
 460   0.319543322354757615278296138377   0.342169008924886491721515215657
 461  -0.477238675434166885908007418468   0.342169008926494125950058301411
 462   0.477238675434166885908007418463   0.342169008935755236250395076261
 463   0.398390873183063535167872342270   0.342169173505867942259250719913
 464   0.037009213441656672534684547292   0.363419288560623686026692103743
 465   0.115857181552699543686487983459   0.363419290271952948935327081748
 466  -0.042144160949153771604672621586   0.363432759680791468218346422811
 467  -0.121282665331979755540404443656   0.363705857601154741314021099997
 468   0.195273435518263996142865379962   0.364432217979392802405660116296
 469  -0.200125308830217446612699928024   0.364480969194793071802206951417
 470  -0.279731087697684747205583524260   0.364929570139555894848747361627
 471   0.279897118429619611052587104621   0.364930151781708476087003962007
 472  -0.358967324760825474948361893850   0.364930318352699365440578028938
 473  -0.437814901127259661535604463219   0.364930327064133558352357105674
 474   0.437814516296993717773886923451   0.364931006488619125631599538049
 475   0.358911048052334730675262857947   0.365027131274832876190994300899
 476   0.076433197003170602275992150362   0.386180244254668508862944000056
 477  -0.002409034259773312883787322455   0.386190176380678082623676682613
 478  -0.081567848457017658685411144136   0.386194228158178618012681888559
 479   0.155306195710406973726636649633   0.386225137152969364835080187640
 480  -0.160480253690358867714883406296   0.386854640930169115664052977895
 481   0.240076963011786776494775063565   0.386991443506054621251809777698
 482  -0.239293553514471579409571893214   0.387679249137909325779891454175
 483   0.319321097276354123688241530698   0.387691115642165301783704836397
 484  -0.319543429685657170171489373112   0.387691427312214327604565072353
 485  -0.398391110429272617628532142669   0.387691616811555654474216088470
 486  -0.477238675434166885908007418468   0.387691658058160354134043464476
 487   0.477238675434166885908007418462   0.387691658067421464434380239326
 488   0.398390452170007721247045647902   0.387691822635587315454009577726
 489   0.115856753641335342743177928595   0.408941939401608000934389996412
 490   0.037015043265829595309040358993   0.408951294733382511389163115155
 491  -0.041831169740629515467593267337   0.408954332813408255284427650117
 492  -0.120834060673620951117087994492   0.409226296283413623728227996947
 493   0.195221981491484293557023505700   0.409954838031932837994248954297
 494  -0.278717121068739443035298764051   0.410440925378003555195014654331
 495  -0.437814901127260623897769296954   0.410452976195801453397134709853
 496   0.358673231249391485272890704071   0.410576069995034584227271820480
 497   0.437740678040563801798321512731   0.410580057777271152834197823942
 498  -0.199997707446435729802561792751   0.410660721365815514840373675303
 499  -0.358656873200380362984164783541   0.410981985922633061144971220631
 500   0.276672684446098363993466250057   0.414066612142040241718509709439
 501   0.076438599903994335776226137227   0.431712989880322003460609111511
 502  -0.002407014582802077025495662584   0.431715585606237083160944722849
 503  -0.081254727334822626857286703003   0.431716026304493901086225033125
 504   0.155254771210295653473141201475   0.431747811356012346537999757281
 505   0.234927039878431354331529639711   0.432221852255979960275557100372
 506  -0.160008729452520819732678006426   0.432413726283917773512808424001
 507  -0.318146440629084448672155055900   0.433192636148250849508072752542
 508   0.317981911381271873675332192812   0.433194062416008473969856896007
 509   0.398168027764064369421249555567   0.433213928379373298029972718434
 510  -0.398391110429272617630132615323   0.433214265943221882658201251535
 511  -0.477238675434166885908007418468   0.433214307189826582318028627541
 512   0.477238675434166885908007418468   0.433214307199087692618365402391
 513  -0.239421275000703593428288663588   0.433422397605909744255496875459
 514  -0.041830743741290995809225278649   0.454476981943081240106210035478
 515   0.037020127983560816445365701169   0.454483489554742549064354220371
 516   0.116689375315666225245391997343   0.455956220799347818959586200759
 517  -0.122811818943251172351467304311   0.458656847907119866594748653639
 518   0.199325009386289623417985473170   0.460590972947347932602825509288
 519   0.285591062266328747653654414028   0.465180692084946402081643518448
 520  -0.285506529998572330777384272193   0.466105430614090654817499707219
 521  -0.212964492042528421668452156113   0.470467643177626552712264446118
 522  -0.374889892517995387341669177473   0.472201498990098321593006255196
 523   0.420333007600115658291646061336   0.472976036633743208620811741142
 524   0.076447876807075948708324280858   0.477238633176000000000000000000
 525  -0.465655645405218801797508986581   0.477238675434166885908007418468
 526  -0.420132996273552573613523823517   0.477238675434166885908007418468
 527  -0.329646788762438201069814531429   0.477238675434166885908007418468
 528  -0.167948220471621060234442107966   0.477238675434166885908007418468
 529  -0.081254301335484107198918714325   0.477238675434166885908007418468
 530  -0.002407186147097884419531842972   0.477238675434166885908007418468
 531   0.156955614938467336460184487273   0.477238675434166885908007418468
 532   0.241694403834111910375786459067   0.477238675434166885908007418468
 533   0.329487720698545584931522368988   0.477238675434166885908007418468
 534   0.375010369830211813115507532053   0.477238675434166885908007418468
 535   0.465655645370019503467784590620   0.477238675434166885908007418468
