   1  -0.478187160428927452606877855916  -0.478187160428927452606877855916
   2  -0.024815803696376456169416149839  -0.478187160428927452606877855916
   3   0.428555553037790196364403476471  -0.478187160428927452606877855916
   4   0.050746089093324270914816128156  -0.478187160428927452606877855905
   5  -0.402625267640034315192591675371  -0.478187160428927452606877855901
   6   0.201869874671110782073001394300  -0.478187160428927452606877203540
   7   0.277431767460003920313816532879  -0.478187160428927452606877203540
   8   0.352993660248897058951228029944  -0.478187160428927452606877203540
   9   0.126307981882217575640529657787  -0.478187160428927452606869599996
  10  -0.327063374851141855039951117028  -0.478187160428927451085881005055
  11  -0.175939589274403601437369451120  -0.478187160428924279179293045936
  12  -0.100377696486219691942506073971  -0.478187160428924274961795278030
  13  -0.251501482062695927260623341476  -0.478187160428879065008422859659
  14   0.478133695995000000000000000000  -0.459094978626000000000000000000
  15  -0.062596750091295177683264461648  -0.456374320858671371572837443624
  16   0.012965142698473907372700999297  -0.456374320858554280517241158165
  17   0.088527035487770923277672892982  -0.456374320857855032243167175450
  18   0.164088928276664180217217382319  -0.456374320857854962597352325127
  19   0.315212713854450489822059257664  -0.456374320857854905944722373402
  20   0.239650821065557351193408963589  -0.456374320857854905898017121492
  21  -0.440406214034480883899734765683  -0.456374320857854905213755711877
  22   0.390774606643343627657851842148  -0.456374320857854905212731280189
  23  -0.364844321245588096219076375914  -0.456374320857854299457343262796
  24  -0.289282428456944370177725246406  -0.456374320857423343283299038485
  25  -0.213720535668518164249729249457  -0.456374320857268715531933465782
  26  -0.138158642880311650192554906850  -0.456374320857234439302651044523
  27   0.440406221204564492108612714014  -0.436201906534084850072245760107
  28  -0.024815803695754512253230774687  -0.434561481286782357820638001080
  29  -0.478187160428927452606877855904  -0.434561481286782357820633567748
  30   0.050746089093324387929181954901  -0.434561481286782357820633567724
  31   0.201869874671110782704372247677  -0.434561481286782357820631610620
  32   0.277431767460003921536899546721  -0.434561481286782357820631610620
  33   0.126307981882217640897908775011  -0.434561481286782357820624007077
  34   0.352993660248897058950299042135  -0.434561481286782357820318774305
  35  -0.402625267640034669960820699236  -0.434561481286781743344035987420
  36  -0.100377696485389145782117419250  -0.434561481286770687710797132712
  37  -0.327063374851390650772377065347  -0.434561481286350257919790968811
  38  -0.251501482062788898504611452338  -0.434561481285846594953325913270
  39  -0.175939589274565459797902202137  -0.434561481285340755863356159737
  40   0.402625274810117923402090635719  -0.414389066963012302678047991840
  41   0.478187160428927452606877855916  -0.414389054544067912488461842457
  42  -0.062596750090568462612593861588  -0.412748641716346119490389702980
  43   0.012965142698784936614886779129  -0.412748641715870668742493990600
  44   0.088527035487771015416864111852  -0.412748641715709893158727853236
  45   0.164088928276664211819792280055  -0.412748641715709814170667212026
  46   0.239650821065557352561776118104  -0.412748641715709810891662418588
  47   0.315212713854450490243540449657  -0.412748641715709810426530660618
  48  -0.364844321245837219540373830691  -0.412748641715277710421267167725
  49  -0.138158642879642864377316412624  -0.412748641715089337369797896938
  50  -0.289282428457235179121399136940  -0.412748641714773515635464802837
  51  -0.213720535668888139897646040964  -0.412748641713828652667846696887
  52  -0.440406209523180315159857387783  -0.412748633901907389884157234291
  53   0.364844328415671354694683243707  -0.392576227391939755285383631909
  54   0.440406214034479110054399399419  -0.392576214972992292705125362974
  55  -0.024815803695577311182578693498  -0.390935802144637263034394072795
  56  -0.478187160428927449033570863065  -0.390935802144637263034389279580
  57   0.050746089093324482747008967199  -0.390935802144637263034389279548
  58   0.201869874671110784122572727656  -0.390935802144637263034386017701
  59   0.126307981882217645223996714301  -0.390935802144637263034378414157
  60   0.277431767460003921535968165483  -0.390935802144637263034151902291
  61  -0.100377696484826413451878602915  -0.390935802144623474181025742244
  62  -0.327063374851681747828542227241  -0.390935802143700968242342658818
  63  -0.175939589274187820419267464501  -0.390935802143195604751549570545
  64  -0.251501482063334430761172218219  -0.390935802142755579669706295086
  65  -0.402625051541113253778649235694  -0.390935427853744026162160994230
  66   0.327063382021224785987779795192  -0.370763387820867207891846416239
  67   0.478187160428927452606873959283  -0.370763375401922817702217554289
  68   0.402625267640032537235376983285  -0.370763375401919738190116339437
  69  -0.062596750090197877827404715103  -0.369122962573866086170952531503
  70   0.012965142698873578319881050876  -0.369122962573572196739465276045
  71   0.088527035487771063992125848637  -0.369122962573564737298497848108
  72   0.164088928276664214888294972658  -0.369122962573564716554285285961
  73   0.239650821065557352829228810454  -0.369122962573564715640330468366
  74  -0.138158642879267170301034523564  -0.369122962572944176164452024591
  75  -0.289282428457780999527615396396  -0.369122962571683032173873386068
  76  -0.213720535669252336468094375153  -0.369122962571051744073376426374
  77  -0.440406209518988825303622580146  -0.369122954759753294125898400912
  78  -0.364843946108688084377423629725  -0.369122312828424968217249675623
  79   0.289282435626778217280317209166  -0.348950548249794660499277655146
  80   0.364844321245585966894047835503  -0.348950535830847187966451016976
  81   0.440406214034479038270755623916  -0.348950535830847073585931614908
  82  -0.024815803695568887864862071686  -0.347310123002492168248149785440
  83  -0.478187160428927452604488452293  -0.347310123002492168248144991413
  84   0.050746089093324507781709908878  -0.347310123002492168248144991372
  85   0.126307981882217646708231558979  -0.347310123002492168248132821237
  86   0.201869874671110784121683295263  -0.347310123002492168247905344801
  87  -0.100377696484485604087835828374  -0.347310123002451847180145244686
  88  -0.175939589274187391390946606381  -0.347310123001050255971337457527
  89  -0.251501482064463163674573280259  -0.347310122998655462129392941501
  90  -0.402625051535379172717765859472  -0.347309748711598931376293544682
  91  -0.327062972544218452908385184820  -0.347309426197537964133293899990
  92   0.251501489232331648573470974206  -0.327137708678722113105641342691
  93   0.478187160428927452606877855905  -0.327137696259777722915973266121
  94   0.327063374851139393178942259222  -0.327137696259774631899422960939
  95   0.402625267640032469563612533670  -0.327137696259774526192809470796
  96  -0.062596750090015604959591001867  -0.325497283431419877869865528629
  97   0.012965142698877809942985453095  -0.325497283431419844462641782778
  98   0.088527035487771077440554983218  -0.325497283431419621825880543972
  99   0.164088928276664215414912952688  -0.325497283431419620854137582879
 100  -0.138158642879266739085507506181  -0.325497283430798845457519684305
 101  -0.213720535669262784936920910839  -0.325497283428888552008420014975
 102  -0.440406209513364143465641896542  -0.325497275617605935563916473073
 103  -0.364843946108622487867922985836  -0.325496633686279873431005436728
 104  -0.289282026150900614293638407510  -0.325496586624510398872226243455
 105   0.213720542837885079865993027515  -0.305324869107649565713099187051
 106   0.289282428456692823251741355149  -0.305324856688702082392981453811
 107   0.364844321245585900856469443449  -0.305324856688701978799687326692
 108   0.440406214034478970169392125196  -0.305324856688701860844665682195
 109  -0.024815803695568629838204085841  -0.303684443860347073461905497273
 110  -0.478187160428387081386492038036  -0.303684443860347073461904049910
 111   0.050746089093324509293062670795  -0.303684443860347073461900703199
 112   0.126307981882217646707373386919  -0.303684443860347073461702154611
 113  -0.100377696484498197485962586469  -0.303684443860283971472706921264
 114  -0.175939589274196001451139783676  -0.303684443858890248123539304987
 115  -0.402625051535313575472569909972  -0.303684069569453836590049305809
 116  -0.251501079755700235555986038077  -0.303683747054743488751253316909
 117  -0.327062972545405227110169301311  -0.303683747052912619228681652988
 118   0.175939596443438511159160354698  -0.283512029536577018319439384275
 119   0.478187160428927452606877855893  -0.283512017117632628129728977953
 120   0.251501482062246249087007651059  -0.283512017117629525547252547093
 121   0.327063374851139332149326353254  -0.283512017117629431406565182492
 122   0.402625267640032401462249034960  -0.283512017117629313451543538096
 123   0.088527035487771078000160712817  -0.281871604289274526068700533368
 124   0.012965142698877940737415941362  -0.281871604289274525806379165082
 125  -0.062596750090015197712474280624  -0.281871604289274524537468724917
 126  -0.138158642879274854582314679328  -0.281871604288639694218633697341
 127  -0.440406209513466650677351413525  -0.281871596475455864024802654365
 128  -0.364843946111241231023957907627  -0.281870954544134778644839746920
 129  -0.213720133360633451834368897305  -0.281870907484745184457910046974
 130  -0.289282026150655415421862208780  -0.281870907482365304085982644351
 131   0.138158650048991942451698294201  -0.261699189965504470926869712938
 132   0.213720535667799679500898761588  -0.261699177546556976631536780733
 133   0.289282428456692763442183263036  -0.261699177546556884013443038381
 134   0.364844321245585832755105944776  -0.261699177546556766058421393892
 135   0.440406214034478919886379876633  -0.261699177546556678965689421886
 136  -0.024815803695568628121226277514  -0.260058764718201978675661209105
 137  -0.478187160428410233431857450329  -0.260058764718201978675659767885
 138   0.050746089093324512545799521835  -0.260058764718201973041594873886
 139  -0.100377696484527534321025386840  -0.260058764718088063797756371262
 140  -0.402625051537932318628604831779  -0.260058390427308741803883615972
 141  -0.175939186965712304555331414563  -0.260058067914494629842526019850
 142  -0.251501079755455036684209839367  -0.260058067912598393965009717808
 143  -0.327062948632339430027996985030  -0.260058026493225493250269315292
 144   0.100377703654545373744369950362  -0.239886350394431923534068437557
 145   0.478187160428927452606877855905  -0.239886337975487533343484689786
 146   0.175939589273353110474698644519  -0.239886337975484428685698804724
 147   0.251501482062246194735040172821  -0.239886337975484336620320894288
 148   0.327063374851139264047962854547  -0.239886337975484218665299249785
 149   0.402625267640032351179236786474  -0.239886337975484131572567277677
 150   0.012965142698877940849273182192  -0.238245925147129430826236401121
 151  -0.062596750090015207310313048224  -0.238245925147129413127436099748
 152  -0.440406209516297561432136170049  -0.238245917333310766196656514687
 153  -0.364843946110505415844745852564  -0.238245275401989683858601664047
 154  -0.138158240570908130319601998596  -0.238245228343844529643480870487
 155  -0.213720133360388253434254681125  -0.238245228342600089671666447876
 156  -0.289281968779176748838119919853  -0.238245128972817312158448282756
 157   0.062596757260098808348980902354  -0.218073510823359370404820030212
 158   0.138158642878906541766933283125  -0.218073498404411881293654465930
 159   0.213720535667799626027897082617  -0.218073498404411789227198750182
 160   0.289282428456692695340819764334  -0.218073498404411671272177105683
 161   0.364844321245585782472093696240  -0.218073498404411584179445133585
 162   0.440406214034478439952608404933  -0.218073498404410752909768676376
 163  -0.478187160428927452604488452299  -0.216433085576056883889418545752
 164  -0.024815803695568628121316373851  -0.216433085576056883889416920938
 165  -0.402625051537196503449392776699  -0.216432711285163647017645533135
 166  -0.100377294176339756978187971868  -0.216432388772788804040609497698
 167  -0.175939186965467106975624483499  -0.216432388772349535056282420747
 168  -0.327062948630628589005542375385  -0.216432347351080398464058573599
 169  -0.251501004696338012520490584781  -0.216432258766914081315105085610
 170   0.024815810865652236686858614901  -0.196260671252286828129871991067
 171   0.478187160428927452606877855904  -0.196260658833342438557240401618
 172   0.175939589273353057320118687460  -0.196260658833339241835176986534
 173   0.251501482062246126633676674123  -0.196260658833339123879054961589
 174   0.327063374851139213764950606030  -0.196260658833339036786322989476
 175   0.402625267640031866889751635704  -0.196260658833338197972329136999
 176   0.100377696295155255747522877719  -0.196260658505454186121511845248
 177  -0.440406209515023127517117821925  -0.194620238191165669979708166181
 178  -0.364843946108794574822291242900  -0.194619596259844589072390922366
 179  -0.138158240570776638267266070791  -0.194619549201699434857236780484
 180  -0.062596347327477021594867219538  -0.194619548414677950142552080581
 181  -0.289281968777795762654437320704  -0.194619449830672217372225852385
 182  -0.213720052978078442168564781389  -0.194619409976446779143898607114
 183  -0.012965135528794332377107136307  -0.174447831681214281354784825129
 184   0.138158642878906400891110963667  -0.174447819262266786507410177752
 185   0.213720535667799557925898278958  -0.174447819262266576487033197954
 186   0.289282428456692645057807515799  -0.174447819262266489393200845373
 187   0.364844321245585297079977211035  -0.174447819262265648669393499624
 188   0.440406214034478371355029106599  -0.174447819262265539309031767220
 189   0.062596749753287473236841310104  -0.174447818679040817487647445878
 190  -0.478187160428893723804831858503  -0.172807406433911789103174270623
 191  -0.402625051535485662426938167049  -0.172807032143018552231434791452
 192  -0.100377294176320357494993563267  -0.172806709630643709254365213843
 193  -0.327062948629247602821859776231  -0.172806668208935303677836143231
 194  -0.251501004695343554486986765631  -0.172806579624768986528872131899
 195  -0.175939106394689839933956079593  -0.172806570078964709085186007310
 196   0.478187160428927452606877855910  -0.152634979691197343770996113450
 197   0.175939589273352916444296368021  -0.152634979691194147048932698357
 198   0.251501482062246076357892244397  -0.152634979691193941987559751874
 199   0.327063374851138726742750110688  -0.152634979691193098452883029376
 200   0.402625267640031802647886016380  -0.152634979691192991915909623105
 201   0.100377696295155127786595561473  -0.152634979363309082873578200268
 202   0.024815803261445894010803328640  -0.152634978939275299651349726180
 203  -0.050759372432550381245740221434  -0.152630431896819777600493217512
 204  -0.440406209513631705724777566789  -0.150994559049020575193486067383
 205  -0.364843946107413588638608643764  -0.150993917117699494286168491998
 206  -0.289281968776801304620933501553  -0.150993770688527122585992898675
 207  -0.213720052977589032538120649960  -0.150993730834301684357657064139
 208  -0.138158160000233559161683572070  -0.150993730507908983482314440669
 209  -0.012975792813293998315892088802  -0.130822153840799232205789064945
 210   0.138158642878906277815542177486  -0.130822140120121691721165889567
 211   0.213720535667799457359873781853  -0.130822140120121481700788909778
 212   0.289282428456692158042834839274  -0.130822140120120551047241935869
 213   0.364844321245585233940742926139  -0.130822140120120444522787478980
 214   0.440406214034478296967990227074  -0.130822140120120315680656715083
 215   0.062596749753287390391247629810  -0.130822139536895716257623399601
 216  -0.088540319281393717145866565163  -0.130817593112785536712306350774
 217  -0.478187160428893723805204368604  -0.129181727291766694316929982455
 218  -0.402625051534104676243255567900  -0.129181353000873457445212361086
 219  -0.327062948628253144788355957101  -0.129180989066790208891603189520
 220  -0.251501004694854144856542634199  -0.129180900482623891742630588924
 221  -0.175939106219014002224979050391  -0.129180890632573784134666794866
 222   0.024805160277441840896623313272  -0.109009301095369136881248857370
 223   0.478187160428927452606877855909  -0.109009300549052248984751825282
 224   0.175939589273352820551367192928  -0.109009300549049052262688410187
 225   0.327063374851138665254787065333  -0.109009300549047897092967977050
 226   0.402625267640031728260847136852  -0.109009300549047768287534570966
 227   0.100377696295155048661319800942  -0.109009300221163988087333911966
 228   0.251501481601899657511952979795  -0.109009299751705654321113351239
 229  -0.050759377398258011297256134008  -0.109004745727895232160242856075
 230  -0.126321185105306918812556573965  -0.109004613990050810940255577600
 231  -0.440406209512484059646751098651  -0.107368879906875480407256874572
 232  -0.364843946106419130605104824616  -0.107368237975554399499935538288
 233  -0.289281968776311894990489370121  -0.107368091546382027799751355699
 234  -0.213720052990421764567748241336  -0.107368051692156589573300185114
 235  -0.012975793723220547356555193300  -0.087196474698654146908982430588
 236   0.062586106769283337277067614432  -0.087196461692989553487522530776
 237   0.138158642878906198690266416912  -0.087196460977976596934921601288
 238   0.289282428456692035024534289741  -0.087196460977975456260997647639
 239   0.364844321245585159574891276041  -0.087196460977975220857715069029
 240   0.440406214034478223049932900037  -0.087196460977975092864581539659
 241   0.213720535023236173199621469410  -0.087196459861560304058893259778
 242  -0.164102131324087361875852052286  -0.087191774114715611592607931797
 243  -0.088540243222171212963946142810  -0.087191766605160506388192082900
 244  -0.478187160428893723805204368602  -0.085556048149621599530685694287
 245  -0.402625051533110220231855176707  -0.085555673858728362658979407329
 246  -0.327062948627763735157911825648  -0.085555309924645114105361646545
 247  -0.251501004707690647363315596345  -0.085555221340478796958274819169
 248   0.100367053311150995547139785569  -0.065383622377257825317233043149
 249   0.024805144868865650092318522657  -0.065383621613502599273659382859
 250   0.478187160428927452606877855912  -0.065383621406907154198507537114
 251   0.327063374851138590910125507808  -0.065383621406902673391193250147
 252   0.402625267640031654363977039240  -0.065383621406902545434762037727
 253   0.251501481601899508737875220745  -0.065383620609560559534869063032
 254   0.175939588246720984456260802960  -0.065383619628725737460535646166
 255  -0.201883078084441956850101066858  -0.065378935177414368867496112292
 256  -0.126321189440951656027241621131  -0.065378926729825307040544437097
 257  -0.051057162376348609786040653164  -0.064870957235450808146715857464
 258  -0.440406209511622763340550528774  -0.063743200764730385621021088636
 259  -0.364843946105929720974660693180  -0.063742558833409304713693995312
 260  -0.289281968789148397497262332289  -0.063742412404236933015395585944
 261  -0.012984822904373470375065608171  -0.043570796490891218412168265346
 262   0.138147999894902145576086401548  -0.043570783134070434164820732477
 263   0.062586091556846940191802785639  -0.043570782550847111017823061794
 264   0.289282428456691886250456530705  -0.043570781835830361474753359444
 265   0.364844321245585085699211271014  -0.043570781835829997968240218852
 266   0.440406214014473634577312910840  -0.043570781801181034422550507254
 267   0.213720535023236025363506815459  -0.043570780719415209272648971542
 268  -0.239664029801707596944947573434  -0.043566104825737490388567103954
 269  -0.164102136139942302886863852379  -0.043566087686238584655642571038
 270  -0.088838108983046756562542092564  -0.043058116708689841858824378965
 271  -0.478187160428893723805204368608  -0.041930369007476504744441406119
 272  -0.402625051532620808579307617303  -0.041929994716583267872737864376
 273  -0.327062948640600237664684787821  -0.041929630782500019321005876789
 274   0.024796406486644341516723197311  -0.021757943346522385735390343463
 275   0.100367038098714598461874956776  -0.021757943235115382847533574166
 276   0.478187160428927452606877855912  -0.021757942264762059412263248947
 277   0.327063374851138518985675989790  -0.021757942264757447122088059212
 278   0.402625267600019802376906289652  -0.021757942195454890101975656345
 279   0.175928945262716931342080787636  -0.021757941784819574690434777353
 280   0.251501481601899360901760566809  -0.021757941467415464748624774825
 281  -0.277444993883165347078894309353  -0.021753295889495626445687870736
 282  -0.201883087107062039190378367187  -0.021753256035270207105960562768
 283  -0.126619055682037403422164323856  -0.021245277665103119473922512833
 284  -0.051079585145295901729937007348  -0.021206486146935553620001321221
 285  -0.440406209510469661835686185360  -0.020117521622585290834792039694
 286  -0.364843946118766223481433655330  -0.020116879691264209929338225557
 287  -0.012985568847300331522696387048   0.000054882644876544707079699691
 288   0.062577510348980443395868784652   0.000054895747332564681499600017
 289   0.138147984682465748490821572765   0.000054896008072008304878736482
 290   0.213709892039231972249326800162   0.000054897124490953497451897275
 291   0.289282428456691738414341876728   0.000054897306314733311490928821
 292   0.440406214014473634577312910828   0.000054897340964060363693780935
 293   0.364844321029148463647668335379   0.000054897681194325440759521063
 294  -0.315225973734617187246316764856   0.000059485732241287248701838410
 295  -0.239664038824327679285224873763   0.000059574316406671372968445569
 296  -0.164400006649157139725678838668   0.000567553985865258075759495443
 297  -0.088860532041541990479394537121   0.000606353237498695274707463367
 298  -0.478187160428893723804503068468   0.001695310134668590041802882049
 299  -0.402625051545457311086080579430   0.001695684425561826911617905379
 300   0.100358601638089262353499873595   0.021867735091296066665672921926
 301   0.024795622439837551040130296071   0.021867735788577209618226023623
 302   0.251491187724712590323372307144   0.021867736460262473366142450353
 303   0.478187160428927452606877855912   0.021867736877383035373981039221
 304   0.402625267600019802321366481592   0.021867736946690204684268631849
 305   0.175928930050280534256815958813   0.021867737357322867779264691614
 306   0.327063374546566311720124791765   0.021867737404921442796945095977
 307  -0.353006971212783173063065632345   0.021872236823477096640369489637
 308  -0.277445002905785429419171609682   0.021872383252648535315847678787
 309  -0.202180958366422779820525345249   0.022380384337542136554688503789
 310  -0.126641483008661726782909051930   0.022419184888467072824389471639
 311  -0.051079797251348455302084137396   0.022419559313783158480423426822
 312  -0.440406209523171650752696241786   0.023508157519559803949603102219
 313  -0.012985576502705107733475177243   0.043680561787020967810688438754
 314   0.138140267278043905477023769291   0.043680574467610750051033427844
 315   0.062576676188685991147571263771   0.043680574881502730359625399445
 316   0.289273788996589289101781478276   0.043680575592997253516029734638
 317   0.213709876826795575164061971344   0.043680576266633395967151366244
 318   0.440406214014473634521773102784   0.043680576483109155149938069134
 319   0.364844321029148037077266820481   0.043680576823339420227003809267
 320  -0.390788076639474260667712556443   0.043684800940303133481325620572
 321  -0.315225982757237269586594065184   0.043685164874385449010237387933
 322  -0.239961922447880529954472081169   0.044193193273784000497567737010
 323  -0.164422434725927367438749515812   0.044232015240143952272687937730
 324  -0.088860748218468191605598652205   0.044232390964751536030105435093
 325  -0.478187160428927452606877855916   0.045320989276813684828047157178
 326   0.100358023701238597915175086187   0.065493414229613014705109218543
 327   0.024795529160720910236524136562   0.065493414930622581101906376563
 328   0.251490823357970228952979971206   0.065493415600885951462950547877
 329   0.478187160428927452606877855916   0.065493416019528130160225327389
 330   0.175922859854723773969900354585   0.065493416077156207193168994206
 331   0.402625267600019375750964966677   0.065493416088835299470512920048
 332   0.327058832437911788333045989094   0.065493416310614618769675871131
 333  -0.428569234617188600334328218799   0.065497274034301110519310817412
 334  -0.353006980235403255403342932674   0.065497915965621258401905039160
 335  -0.277742902299332370121894536672   0.066005974895520914191957446156
 336  -0.202203398807385119812131706124   0.066044824176385820085199461689
 337  -0.126641699935733831701103002049   0.066045221316428414507895024874
 338  -0.051090070840667155179644693951   0.066063007333408253286331296593
 339  -0.012985938426016322751095207240   0.087306240927664785301325500665
 340   0.138140075792805365988171046633   0.087306253609335603854217817278
 341   0.062576918464892658496595707425   0.087306254022975081919038555684
 342   0.289273686578956055384593941321   0.087306254735022128149791888906
 343   0.213707762042990365653246188353   0.087306255357520715134227698343
 344   0.440406214054488133253941691955   0.087306255625254249917831237743
 345   0.364840950742352660067222709814   0.087306255835299342846295145846
 346  -0.466350185522944402188509832929   0.087310105791554991397754872371
 347  -0.390788085662094343007989856772   0.087310480082447295242861170096
 348  -0.315523899777498355938643404161   0.087818725986756723583625097383
 349  -0.239984378658836961470988592700   0.087857605798122736356713161029
 350  -0.164422664017191581837675785045   0.087858030252670278446225802617
 351  -0.088871022557932795275149043803   0.087875837685085131764120886388
 352   0.100358291671112686895874581994   0.109119093370935109656944388196
 353   0.024795798055876700985548358530   0.109119094071938984611066910023
 354   0.251491698916414885357323858780   0.109119094734244906925282824301
 355   0.175925971240215150890541942637   0.109119095108349221935930427848
 356   0.478187160428927452606877855903   0.109119095230980369675437148147
 357   0.402625267680048828050656734693   0.109119095230980394183351895563
 358   0.327059508202883537642635350290   0.109119095447525889051059006945
 359  -0.428569243639808682674605519128   0.109122953176445272280846366935
 360  -0.353305005204189443543290328259   0.109631290103582760424581228318
 361  -0.277765376137002947287737460198   0.109670356889358545748380812270
 362  -0.202203643868643422006847151753   0.109670811874407192137586297969
 363  -0.126651986639390545411721826801   0.109688646621326995702451664134
 364  -0.051090416618412930506718424094   0.109689266930761059866725398139
 365  -0.478187160428927452606877855916   0.129299222306296297967462587563
 366  -0.012985960603037348713808740661   0.130931920069804243266880034855
 367   0.138142337952657239763398677598   0.130931932692829838648166742538
 368   0.062577240458842487524310439395   0.130931933163931884559846085663
 369   0.289274204071779653235650566663   0.130931933874097943239413793706
 370   0.213710091948124625366921165166   0.130931934437449495524160167888
 371   0.440406214054488147403592898636   0.130931934836706513940957805980
 372   0.364844321311689539920216864743   0.130931934847237436904230058497
 373  -0.391086163181903783209905990616   0.131443763197580737462566425158
 374  -0.315546481563694034892384384300   0.131482921006184582589336943212
 375  -0.239984641346809407823596019242   0.131483562965643001529253949196
 376  -0.164432966490842385580893193509   0.131501428243063909393812159486
 377  -0.088871380699870680643291207111   0.131502075867002923805056175919
 378  -0.440406218545791733092973542116   0.151112069691186578850554082128
 379   0.100360581833955935284902128585   0.152744772452968293805422320663
 380   0.024796046510002158952623535013   0.152744773213376589733165246880
 381   0.251491093304011154849143337311   0.152744773872186440978697224787
 382   0.175927611270420453742015084691   0.152744774219667300064254048504
 383   0.327063374917242971213073774528   0.152744774418309984297352202569
 384   0.478187160428927452606877855905   0.152744774442432658206478463811
 385   0.402625267686128859273153028668   0.152744774452963556661835968947
 386  -0.353327654395430238512425083764   0.153295419767168172206113978373
 387  -0.277765746773500495428242943340   0.153296127082469038370210080132
 388  -0.202213963969008371397642060998   0.153314179334299718785479810713
 389  -0.126652378628496890628052534142   0.153314888798165794406968980249
 390  -0.051090467762829334052925413722   0.153314973387898568986454668513
 391  -0.478187160428927452606877855916   0.172924917076076859733645576693
 392  -0.402923138087886833628274013603   0.173432879712322044032274140351
 393  -0.012985996519766623075861382048   0.174557599211934553051868929338
 394   0.138144631244971639853467511640   0.174557611774698626608518509635
 395   0.289282427513473298410821094751   0.174557612241183540737865266498
 396   0.062578124439478301674787582170   0.174557612297120995394201613432
 397   0.213709469518256906278075487551   0.174557613575154327741812741052
 398   0.364844321291682290566009938450   0.174557614024036104054958113036
 399   0.440406214060568164476437985945   0.174557614058689700927356626775
 400  -0.315546904768644681576638804014   0.175108600146276959414761543889
 401  -0.239995069395699459002288985096   0.175126743451125755626435941649
 402  -0.164433376125567349576636366426   0.175127639922143868861521200353
 403  -0.088871447614592239200561099961   0.175127755009096700422170390157
 404  -0.440704079971022553142178327403   0.195245727097212324915365634916
 405  -0.365164629301413288930793106751   0.195284536281909478775821693566
 406   0.100362131914276008231653870865   0.196370451567575146818891544007
 407   0.251501481099019481450248919443   0.196370451777602517599702318858
 408   0.024796362768575953368565168060   0.196370452354375347243222296362
 409   0.175927577007334174662472051848   0.196370453361798939941549610277
 410   0.327063374897235721880056989070   0.196370453595108651484782657664
 411   0.402625267666121595769294895720   0.196370453629762248320478770873
 412   0.478187160428927452606877855905   0.196370453674946743648234789739
 413  -0.277776227390843645150684845770   0.196939216514933676670987405407
 414  -0.202214481552258441539638725696   0.196940204038969913251083830855
 415  -0.126652498089817551815031357705   0.196940597893523909930111437119
 416  -0.051090552304121107113944303089   0.196940683059970888210532749782
 417  -0.402945571184549008444697420552   0.217097383666799759658913188131
 418  -0.327383879674627731995006827002   0.217097716661018265984469259082
 419  -0.478187160428927452606877855916   0.217566537118347790097085693138
 420  -0.012986062247366584227637170115   0.218183278354030134369422226391
 421   0.138144524033568988254074550336   0.218183290916711983791078864085
 422   0.213720534684565650360954229203   0.218183291314021469989874077474
 423   0.289282427473458801872177856551   0.218183291383328635505758437129
 424   0.062580021893278921846043628551   0.218183291398002194718099962889
 425   0.364844321271675027083341946308   0.218183293200834795750303315552
 426   0.440406214034480883899734765679   0.218183293246019291041356933840
 427  -0.239995833691661225186369251031   0.218753013354277598519887707119
 428  -0.164433746765570228037864465709   0.218753410121325635678852308945
 429  -0.088871549782335899901149098299   0.218753434151122160992397982044
 430  -0.365164821557763451508911140802   0.238910564045908546867560753647
 431  -0.289613202296826695569052868758   0.238928333029674983240695120599
 432  -0.440428651642453907909396949064   0.239418193687935224840633246353
 433   0.100362821736566860954134897595   0.239996130704266403380215943840
 434   0.175939588270111818329643553167   0.239996130850440420748426283695
 435   0.251501481059004956654684949717   0.239996130919747612367595463626
 436   0.024797595600616238084390933908   0.239996131479100944285909633510
 437   0.327063374877228458424932912591   0.239996132771907343227835321556
 438   0.478187160428927452606877855905   0.239996132817091838434479077936
 439   0.402625267640034315213781816287   0.239996132817091838471181478521
 440  -0.202214904764219620382620417132   0.240565883179062225483364473763
 441  -0.126652816157112190360409783006   0.240566277034509517850943304925
 442  -0.051090762422540795547496765147   0.240566549175972234923092786569
 443  -0.327394144179962415082957182558   0.260741180414565264123786615164
 444  -0.251832808597644275604737274019   0.260742129869018905089595422312
 445  -0.402647902015668350973610669315   0.261231374067044012049280811870
 446  -0.478187160428927452606877855916   0.261269850257522659584180799568
 447  -0.012985989663105798597996070100   0.261808957496114846429054583519
 448   0.138158640347695783159642167603   0.261808967774992005748214250145
 449   0.213720534644551125565390259445   0.261808970456166564757767222189
 450   0.289282427433444277076613886866   0.261808970525473730273651581818
 451   0.062581088367405341848187808154   0.261808970527111766793197905977
 452   0.364844321245587746555372782560   0.261808972388164385948713484521
 453   0.440406214014473590539696126212   0.261808972422818034485825984535
 454  -0.088871867849630538446527523600   0.262379113292107768913229849851
 455  -0.164434310974747978541536023514   0.262379333468466934400194290042
 456  -0.289613750480779995118641587820   0.282554977253909185972686916879
 457  -0.214051879670202670800988440120   0.282554999693803532053072188956
 458  -0.364877224637867314547656711071   0.283061990435700729305506673387
 459  -0.440406410802141895671091576167   0.283083030636631446792828365085
 460   0.100377693933241952070609648950   0.283621807311410958138840103274
 461   0.175939588230097293534079583406   0.283621809992585515516319428404
 462   0.251501481018990430916580647934   0.283621810061892708767108158955
 463   0.024798694923819038046564885000   0.283621810607395119991123775808
 464   0.478187160428927452606877855888   0.283621811959236933220723366126
 465   0.402625267620027021881287092478   0.283621811993890581963357990538
 466   0.327063713221667886322451572187   0.283622398023683348311058707962
 467  -0.126653239374101124596516140222   0.284191956174601777893421488284
 468  -0.051091116406969033659993932244   0.284192290526092372425938975176
 469  -0.251832821553338390314892753920   0.304367847078693812936163683521
 470  -0.176271285880731028959904046502   0.304368449983208240969902005235
 471  -0.327096830938684894583341116333   0.304875787275044651154406975101
 472  -0.478187160428927452606877855916   0.304896211015740234001475930601
 473  -0.402635733424340859245137617923   0.304913647005288164049054226602
 474  -0.012986477779376180023271319499   0.305434636635529238815890744444
 475   0.062596747525167686245909251890   0.305434646858879641717165088202
 476   0.138158640307681258364078197830   0.305434646917137100516107394834
 477   0.213720534604536598885269971895   0.305434649598311659525660365171
 478   0.289282427393429752280525573854   0.305434649667618825041544726506
 479   0.440406213992529117842887353216   0.305434651602972071052917009929
 480   0.364844659597783366104989298623   0.305435237632312711604248421897
 481  -0.088872272542921335545719198118   0.306004792432375796535819480740
 482  -0.138490214280084175014884163210   0.326181072689343084463129203477
 483  -0.214052417328770511653857790364   0.326181625688591896350774339054
 484  -0.289315902011243289779592282433   0.326688657099829278117883741744
 485  -0.440416483051126416180923897672   0.326726827384396951257701792118
 486  -0.364855339725158439280822023160   0.326727443844632085897954528358
 487   0.024815801110981762899993526609   0.327247486395762623931586683438
 488   0.175939588190082766853959295850   0.327247489134730610284212571376
 489   0.251501480978975904236460360374   0.327247489204037803535001301951
 490   0.478187160428927452606877855911   0.327247491101382028006967654302
 491   0.327063713181653359642331284666   0.327248077165828443078951850953
 492   0.100377346746557711364006587355   0.327248087740274236616004073414
 493   0.402625619964196882378578059416   0.327248101478673534753339875280
 494  -0.051122515648390660170961932565   0.327871564828347436898203604217
 495  -0.100709263379813943264279746570   0.347993904456098256004773263855
 496  -0.176271276869082101498364048466   0.347994129125352404999101489418
 497  -0.251535497786675411118557318876   0.348502435709727361532494397276
 498  -0.327074410797716834051632339245   0.348540313669416713596570620584
 499  -0.402636089351943996216608302928   0.348540624223740873106602093843
 500  -0.478187160428927452606877855916   0.348557443753053668513927653635
 501  -0.012965154174941541296989965840   0.349060310566338462343440654601
 502   0.138158640267666731683957910267   0.349060326059282195284000537794
 503   0.213720534564522072205149684330   0.349060328740456754293553508156
 504   0.289282427353415225600405286316   0.349060328809763919809437869466
 505   0.364844659554416491348097684442   0.349060916774457806368937907243
 506   0.062596400047960117513477856972   0.349060927769754569228981381716
 507   0.440406566400595217142568562139   0.349060940977083491707390519673
 508  -0.138490205268435247553344165173   0.369806751831487248492328687660
 509  -0.062959506485283267889522481020   0.369860676852069896367157387332
 510  -0.213754357326987000963063576978   0.370314939146487870180821547641
 511  -0.364855160424502391412359913488   0.370353494048525500069213606561
 512  -0.289294006109704939576914352194   0.370354093427940741880850712942
 513  -0.440406766729745032642562261171   0.370371240592397590362827955377
 514   0.175939616440460439235394700659   0.370873217277199080791249021207
 515   0.251501303252742739635976645832   0.370873476104845928145867109974
 516   0.327063713408898057906397950519   0.370873756776686525793650062595
 517   0.100377335212664308371543525282   0.370873786791299908326431725820
 518   0.024815309205200023474740690555   0.370873986721337550061862995561
 519   0.478187160428927452606877855890   0.370874390852784955407813385080
 520   0.402627590580051903757192528170   0.370877193326288596518740662701
 521  -0.024821944307537451949617651933   0.391043836006265131522513555376
 522  -0.100848761935133303917595434765   0.391859452899592539343248680748
 523  -0.175973285726340147018043693686   0.392127561852622713674048745883
 524  -0.251512865549491729935684756855   0.392166596690583611979581567825
 525  -0.327076713968823505755946480367   0.392170663067644296259338176918
 526  -0.402625837802303427838313871728   0.392184110417182217325439468086
 527  -0.478187159584230848251035480180   0.392185043857687177893139701287
 528   0.138158640227741456831323041618   0.392686005201427290051975453389
 529   0.289282427310058082996303976599   0.392686007951909014574137028117
 530   0.213720385128681106666221662159   0.392686364641588254643562623030
 531   0.364844660052272756958629995012   0.392686595916602898314414256878
 532   0.062596379923355676519700538779   0.392686610956012181718956492072
 533   0.440410261059251864010492893995   0.392694238575140803469978460332
 534   0.012958519072604112822113004502   0.412857512161264219240935896347
 535  -0.062961073375835940200892648461   0.413486355966076219985554004573
 536  -0.213731793948844875990664873562   0.413979219396718455472808766068
 537  -0.289293616018744381176295297907   0.413979775610526921022689039074
 538  -0.440405652628142534912857741691   0.413998909805182584011938468808
 539  -0.364847730382577359511259107171   0.414001866497884736657934546843
 540  -0.138331842393038203382294963278   0.414180262920728004524968738970
 541   0.402626896208327327062877357646   0.414502888720331216359921780531
 542   0.478187159974880253829344362789   0.414514087083592650636598456757
 543   0.251415716050000000000000000000   0.414805880505000000000000000000
 544   0.328459970682178924530297686243   0.416756374894715149541342260660
 545   0.174155571498095845019954822989   0.417332297409976033665283507416
 546   0.092903871502875363250609217916   0.424065837121912717795563962366
 547  -0.024823511198090124260987819374   0.434669515120271455140910172617
 548   0.050633042932193502555984909368   0.434853651198982256139542298720
 549  -0.251512544418097527231275414613   0.435792398316661764515916237318
 550  -0.100444153833740839665592176973   0.435807165987211685167274062796
 551  -0.327064293486145870071107195835   0.435810391824159623290701636381
 552  -0.478187160428927451410082059658   0.435810776963053825636861230236
 553  -0.402626870586306705322946019120   0.435818994872799107973216344839
 554  -0.176090350615542932354916143150   0.436031920464823746323728759162
 555   0.134812932008052431444286834581   0.436183201859626986790524219884
 556   0.213436662741523029197178339488   0.436311121170655770980256910093
 557   0.289462481308962101126672572734   0.436311315528714387112572483646
 558   0.440403794468360779265649410943   0.436322739124498333415047132515
 559   0.366240453592760203622188478315   0.438570017223695183857054423523
 560  -0.061440745911257881074242805016   0.458384025500504393860418198865
 561   0.326739992247961103351263050386   0.460348265762485653460846820781
 562   0.478133695995000000000000000000   0.461536243187000000000000000000
 563  -0.289192534499000000000000000000   0.461664110925000000000000000000
 564   0.020152362170109135078409209824   0.466064674586453765264126650698
 565   0.104328536307381051300219947093   0.467390596806630843481879007209
 566  -0.424437777601361643702613580157   0.473601066717044517403650632804
 567  -0.154195836262204931187147756153   0.473765594044861905946465585638
 568   0.233726815951608708876128573827   0.474931188018405314481020195350
 569  -0.381053821490145191325094788521   0.478187159891253047801841784051
 570  -0.467821734876652931192418175393   0.478187159934393513668122680145
 571   0.428133093206464661058344763512   0.478187160428926925571050373225
 572   0.384507414064319566272100475306   0.478187160428927452606877855900
 573  -0.337428142348000099852194513142   0.478187160428927452606877855910
 574  -0.241222548011013834474838003908   0.478187160428927452606877855910
 575  -0.197596868868868739688593715740   0.478187160428927452606877855914
 576  -0.110794803655541122685701796565   0.478187160428927452606877855916
 577  -0.021755217306787625776434549672   0.478187160428927452606877855916
 578   0.062059941647005895933252969320   0.478187160428927452606877855916
 579   0.146597130967756206667186924866   0.478187160428927452606877855916
 580   0.190222810109901301453431213034   0.478187160428927452606877855916
 581   0.277230821793316116298825934621   0.478187160428927452606877855916
