   1  -0.413834910193424802014654410517  -0.476631321873273631519630597471
   2  -0.332883434550997671693355773427  -0.476631321873273631519630597471
   3  -0.251931958908570541372057136337  -0.476631321873273631519630597471
   4  -0.170980483266143411050758499248  -0.476631321873273631519630597471
   5  -0.090029007623716280729459862158  -0.476631321873273631519630597471
   6  -0.009077531981289150408161225068  -0.476631321873273631519630597471
   7   0.071873943661137979913137412022  -0.476631321873273631519630597471
   8   0.152825419303565110234436049112  -0.476631321873273631519630597471
   9   0.233776894945992240555734686202  -0.476631321873273631519630597471
  10   0.314728370588419370877033323291  -0.476631321873273631519630597471
  11   0.395679846230846501198331960381  -0.476631321873273631519630597471
  12   0.476631321873273631519630597471  -0.476631321873273631519630597471
  13  -0.476616599914000000000000000000  -0.476616599914000000000000000000
  14  -0.373359172372211236854005091972  -0.453262643746547263039261194942
  15  -0.292407696729784106532706454882  -0.453262643746547263039261194942
  16  -0.211456221087356976211407817793  -0.453262643746547263039261194942
  17  -0.130504745444929845890109180703  -0.453262643746547263039261194942
  18  -0.049553269802502715568810543613  -0.453262643746547263039261194942
  19   0.031398205839924414752488093477  -0.453262643746547263039261194942
  20   0.112349681482351545073786730567  -0.453262643746547263039261194942
  21   0.193301157124778675395085367657  -0.453262643746547263039261194942
  22   0.274252632767205805716384004746  -0.453262643746547263039261194942
  23   0.355204108409632936037682641836  -0.453262643746547263039261194942
  24   0.436155584052060066358981278926  -0.453262643746547263039261194942
  25  -0.436155584052060066358981278926  -0.435568345994039135924136960047
  26  -0.332883434550997671693355773427  -0.429893965619820894558891792413
  27  -0.251931958908570541372057136338  -0.429893965619820894558891792413
  28  -0.170980483266143411050758499248  -0.429893965619820894558891792413
  29  -0.090029007623716280729459862158  -0.429893965619820894558891792413
  30  -0.009077531981289150408161225068  -0.429893965619820894558891792413
  31   0.071873943661137979913137412022  -0.429893965619820894558891792413
  32   0.152825419303565110234436049112  -0.429893965619820894558891792413
  33   0.233776894945992240555734686202  -0.429893965619820894558891792413
  34   0.314728370588419370877033323291  -0.429893965619820894558891792413
  35   0.395679846230846501198331960381  -0.429893965619820894558891792413
  36   0.476631321873273631519630597471  -0.429893965619820894558891792413
  37  -0.476631321873273631519630597471  -0.412199667867312767443767557518
  38  -0.395679846230846501198331960381  -0.412199667867312767443767557518
  39  -0.292407696729784106532706454882  -0.406525287493094526078522389884
  40  -0.211456221087356976211407817793  -0.406525287493094526078522389884
  41  -0.130504745444929845890109180703  -0.406525287493094526078522389884
  42  -0.049553269802502715568810543613  -0.406525287493094526078522389884
  43   0.031398205839924414752488093477  -0.406525287493094526078522389884
  44   0.112349681482351545073786730567  -0.406525287493094526078522389884
  45   0.193301157124778675395085367657  -0.406525287493094526078522389884
  46   0.274252632767205805716384004746  -0.406525287493094526078522389884
  47   0.355204108409632936037682641836  -0.406525287493094526078522389884
  48   0.436155584052060066358981278926  -0.406525287493094526078522389884
  49  -0.436155584052060066358981278926  -0.388830989740586398963398154989
  50  -0.355204108409632936037682641836  -0.388830989740586398963398154989
  51  -0.251931958908570541372057136337  -0.383156609366368157598152987355
  52  -0.170980483266143411050758499248  -0.383156609366368157598152987355
  53  -0.090029007623716280729459862158  -0.383156609366368157598152987355
  54  -0.009077531981289150408161225068  -0.383156609366368157598152987355
  55   0.071873943661137979913137412022  -0.383156609366368157598152987355
  56   0.152825419303565110234436049112  -0.383156609366368157598152987355
  57   0.233776894945992240555734686202  -0.383156609366368157598152987355
  58   0.314728370588419370877033323291  -0.383156609366368157598152987355
  59   0.395679846230846501198331960381  -0.383156609366368157598152987355
  60   0.476631321873273631519630597471  -0.383156609366368157598152987355
  61  -0.476631321873273631519630597471  -0.365462311613860030483028752460
  62  -0.395679846230846501198331960381  -0.365462311613860030483028752460
  63  -0.314728370588419370877033323291  -0.365462311613860030483028752460
  64  -0.211456221087356976211407817793  -0.359787931239641789117783584827
  65  -0.130504745444929845890109180703  -0.359787931239641789117783584827
  66  -0.049553269802502715568810543613  -0.359787931239641789117783584827
  67   0.031398205839924414752488093477  -0.359787931239641789117783584827
  68   0.112349681482351545073786730567  -0.359787931239641789117783584827
  69   0.193301157124778675395085367657  -0.359787931239641789117783584827
  70   0.274252632767205805716384004746  -0.359787931239641789117783584827
  71   0.355204108409632936037682641836  -0.359787931239641789117783584827
  72   0.436155584052060066358981278926  -0.359787931239641789117783584826
  73  -0.436155584052060066358981278926  -0.342093633487133662002659349931
  74  -0.355204108409632936037682641836  -0.342093633487133662002659349931
  75  -0.274252632767205805716384004746  -0.342093633487133662002659349931
  76  -0.170980483266143411050758499248  -0.336419253112915420637414182298
  77  -0.090029007623716280729459862158  -0.336419253112915420637414182298
  78  -0.009077531981289150408161225068  -0.336419253112915420637414182298
  79   0.071873943661137979913137412022  -0.336419253112915420637414182298
  80   0.152825419303565110234436049112  -0.336419253112915420637414182298
  81   0.233776894945992240555734686202  -0.336419253112915420637414182298
  82   0.314728370588419370877033323291  -0.336419253112915420637414182298
  83   0.395679846230846501198331960381  -0.336419253112915420637414182298
  84   0.476631321873273631519630597471  -0.336419253112915420637414182298
  85  -0.476631321873273631519630597471  -0.318724955360407293522289947402
  86  -0.395679846230846501198331960381  -0.318724955360407293522289947402
  87  -0.314728370588419370877033323291  -0.318724955360407293522289947402
  88  -0.233776894945992240555734686202  -0.318724955360407293522289947402
  89  -0.130504745444929845890109180703  -0.313050574986189052157044779769
  90  -0.049553269802502715568810543613  -0.313050574986189052157044779769
  91   0.031398205839924414752488093477  -0.313050574986189052157044779769
  92   0.112349681482351545073786730567  -0.313050574986189052157044779769
  93   0.193301157124778675395085367657  -0.313050574986189052157044779769
  94   0.274252632767205805716384004746  -0.313050574986189052157044779769
  95   0.355204108409632936037682641836  -0.313050574986189052157044779769
  96   0.436155584052060066358981278926  -0.313050574986189052157044779769
  97  -0.436155584052060066358981278926  -0.295356277233680925041920544873
  98  -0.355204108409632936037682641836  -0.295356277233680925041920544873
  99  -0.274252632767205805716384004746  -0.295356277233680925041920544873
 100  -0.193301157124778675395085367657  -0.295356277233680925041920544873
 101  -0.090029007623716280729459862158  -0.289681896859462683676675377240
 102  -0.009077531981289150408161225068  -0.289681896859462683676675377240
 103   0.071873943661137979913137412022  -0.289681896859462683676675377240
 104   0.152825419303565110234436049112  -0.289681896859462683676675377240
 105   0.233776894945992240555734686202  -0.289681896859462683676675377240
 106   0.314728370588419370877033323291  -0.289681896859462683676675377240
 107   0.395679846230846501198331960381  -0.289681896859462683676675377240
 108   0.476631321873273631519630597471  -0.289681896859462683676675377240
 109  -0.476631321873273631519630597471  -0.271987599106954556561551142344
 110  -0.395679846230846501198331960381  -0.271987599106954556561551142344
 111  -0.314728370588419370877033323291  -0.271987599106954556561551142344
 112  -0.233776894945992240555734686202  -0.271987599106954556561551142344
 113  -0.152825419303565110234436049112  -0.271987599106954556561551142344
 114  -0.049553269802502715568810543613  -0.266313218732736315196305974711
 115   0.031398205839924414752488093477  -0.266313218732736315196305974711
 116   0.112349681482351545073786730567  -0.266313218732736315196305974711
 117   0.193301157124778675395085367657  -0.266313218732736315196305974711
 118   0.274252632767205805716384004746  -0.266313218732736315196305974711
 119   0.355204108409632936037682641836  -0.266313218732736315196305974711
 120   0.436155584052060066358981278926  -0.266313218732736315196305974711
 121  -0.436155584052060066358981278926  -0.248618920980228188081181739815
 122  -0.355204108409632936037682641836  -0.248618920980228188081181739815
 123  -0.274252632767205805716384004747  -0.248618920980228188081181739815
 124  -0.193301157124778675395085367657  -0.248618920980228188081181739815
 125  -0.112349681482351545073786730567  -0.248618920980228188081181739815
 126  -0.009077531981289150408161225068  -0.242944540606009946715936572182
 127   0.071873943661137979913137412022  -0.242944540606009946715936572182
 128   0.152825419303565110234436049112  -0.242944540606009946715936572182
 129   0.233776894945992240555734686202  -0.242944540606009946715936572182
 130   0.314728370588419370877033323291  -0.242944540606009946715936572182
 131   0.395679846230846501198331960381  -0.242944540606009946715936572182
 132   0.476631321873273631519630597471  -0.242944540606009946715936572182
 133  -0.476631321873273631519630597471  -0.225250242853501819600812337286
 134  -0.395679846230846501198331960381  -0.225250242853501819600812337286
 135  -0.314728370588419370877033323291  -0.225250242853501819600812337286
 136  -0.233776894945992240555734686202  -0.225250242853501819600812337286
 137  -0.152825419303565110234436049112  -0.225250242853501819600812337286
 138  -0.071873943661137979913137412022  -0.225250242853501819600812337286
 139   0.031398205839924414752488093477  -0.219575862479283578235567169653
 140   0.112349681482351545073786730567  -0.219575862479283578235567169653
 141   0.193301157124778675395085367657  -0.219575862479283578235567169653
 142   0.274252632767205805716384004746  -0.219575862479283578235567169653
 143   0.355204108409632936037682641836  -0.219575862479283578235567169653
 144   0.436155584052060066358981278926  -0.219575862479283578235567169653
 145  -0.436155584052060066358981278926  -0.201881564726775451120442934758
 146  -0.355204108409632936037682641836  -0.201881564726775451120442934758
 147  -0.274252632767205805716384004747  -0.201881564726775451120442934758
 148  -0.193301157124778675395085367657  -0.201881564726775451120442934757
 149  -0.112349681482351545073786730567  -0.201881564726775451120442934758
 150  -0.031398205839924414752488093477  -0.201881564726775451120442934757
 151   0.071873943661137979913137412022  -0.196207184352557209755197767124
 152   0.152825419303565110234436049112  -0.196207184352557209755197767124
 153   0.233776894945992240555734686202  -0.196207184352557209755197767124
 154   0.314728370588419370877033323291  -0.196207184352557209755197767124
 155   0.395679846230846501198331960381  -0.196207184352557209755197767124
 156   0.476631321873273631519630597471  -0.196207184352557209755197767124
 157  -0.476631321873273631519630597471  -0.178512886600049082640073532229
 158  -0.395679846230846501198331960381  -0.178512886600049082640073532229
 159  -0.314728370588419370877033323291  -0.178512886600049082640073532229
 160  -0.233776894945992240555734686202  -0.178512886600049082640073532229
 161  -0.152825419303565110234436049112  -0.178512886600049082640073532229
 162  -0.071873943661137979913137412022  -0.178512886600049082640073532229
 163   0.009077531981289150408161225068  -0.178512886600049082640073532229
 164   0.112349681482351545073786730567  -0.172838506225830841274828364595
 165   0.193301157124778675395085367657  -0.172838506225830841274828364595
 166   0.274252632767205805716384004746  -0.172838506225830841274828364595
 167   0.355204108409632936037682641836  -0.172838506225830841274828364595
 168   0.436155584052060066358981278926  -0.172838506225830841274828364595
 169  -0.436155584052060066358981278926  -0.155144208473322714159704129700
 170  -0.355204108409632936037682641836  -0.155144208473322714159704129700
 171  -0.274252632767205805716384004747  -0.155144208473322714159704129700
 172  -0.193301157124778675395085367657  -0.155144208473322714159704129700
 173  -0.112349681482351545073786730567  -0.155144208473322714159704129700
 174  -0.031398205839924414752488093477  -0.155144208473322714159704129700
 175   0.049553269802502715568810543613  -0.155144208473322714159704129700
 176   0.152825419303565110234436049112  -0.149469828099104472794458962066
 177   0.233776894945992240555734686202  -0.149469828099104472794458962066
 178   0.314728370588419370877033323291  -0.149469828099104472794458962066
 179   0.395679846230846501198331960381  -0.149469828099104472794458962066
 180   0.476631321873273631519630597471  -0.149469828099104472794458962066
 181  -0.476631321873273631519630597471  -0.131775530346596345679334727171
 182  -0.395679846230846501198331960381  -0.131775530346596345679334727171
 183  -0.314728370588419370877033323291  -0.131775530346596345679334727171
 184  -0.233776894945992240555734686202  -0.131775530346596345679334727171
 185  -0.152825419303565110234436049112  -0.131775530346596345679334727171
 186  -0.071873943661137979913137412022  -0.131775530346596345679334727171
 187   0.009077531981289150408161225068  -0.131775530346596345679334727171
 188   0.090029007623716280729459862158  -0.131775530346596345679334727171
 189   0.193301157124778675395085367657  -0.126101149972378104314089559537
 190   0.274252632767205805716384004747  -0.126101149972378104314089559537
 191   0.355204108409632936037682641836  -0.126101149972378104314089559537
 192   0.436155584052060066358981278926  -0.126101149972378104314089559537
 193  -0.436155584052060066358981278926  -0.108406852219869977198965324642
 194  -0.355204108409632936037682641836  -0.108406852219869977198965324642
 195  -0.274252632767205805716384004747  -0.108406852219869977198965324642
 196  -0.193301157124778675395085367657  -0.108406852219869977198965324642
 197  -0.112349681482351545073786730567  -0.108406852219869977198965324642
 198  -0.031398205839924414752488093477  -0.108406852219869977198965324642
 199   0.049553269802502715568810543613  -0.108406852219869977198965324642
 200   0.130504745444929845890109180703  -0.108406852219869977198965324642
 201   0.233776894945992240555734686202  -0.102732471845651735833720157008
 202   0.314728370588419370877033323291  -0.102732471845651735833720157008
 203   0.395679846230846501198331960381  -0.102732471845651735833720157008
 204   0.476631321873273631519630597471  -0.102732471845651735833720157008
 205  -0.476631321873273631519630597471  -0.085038174093143608718595922113
 206  -0.395679846230846501198331960381  -0.085038174093143608718595922113
 207  -0.314728370588419370877033323291  -0.085038174093143608718595922113
 208  -0.233776894945992240555734686202  -0.085038174093143608718595922113
 209  -0.152825419303565110234436049112  -0.085038174093143608718595922113
 210  -0.071873943661137979913137412022  -0.085038174093143608718595922113
 211   0.009077531981289150408161225068  -0.085038174093143608718595922113
 212   0.090029007623716280729459862158  -0.085038174093143608718595922113
 213   0.170980483266143411050758499248  -0.085038174093143608718595922113
 214   0.274252632767205805716384004746  -0.079363793718925367353350754480
 215   0.355204108409632936037682641836  -0.079363793718925367353350754480
 216   0.436155584052060066358981278926  -0.079363793718925367353350754480
 217  -0.436155584052060066358981278926  -0.061669495966417240238226519584
 218  -0.355204108409632936037682641836  -0.061669495966417240238226519584
 219  -0.274252632767205805716384004747  -0.061669495966417240238226519584
 220  -0.193301157124778675395085367657  -0.061669495966417240238226519584
 221  -0.112349681482351545073786730567  -0.061669495966417240238226519584
 222  -0.031398205839924414752488093477  -0.061669495966417240238226519584
 223   0.049553269802502715568810543613  -0.061669495966417240238226519584
 224   0.130504745444929845890109180703  -0.061669495966417240238226519584
 225   0.211456221087356976211407817792  -0.061669495966417240238226519584
 226   0.314728370588419370877033323291  -0.055995115592198998872981351951
 227   0.395679846230846501198331960381  -0.055995115592198998872981351951
 228   0.476631321873273631519630597471  -0.055995115592198998872981351951
 229  -0.476631321873273631519630597471  -0.038300817839690871757857117055
 230  -0.395679846230846501198331960381  -0.038300817839690871757857117055
 231  -0.314728370588419370877033323291  -0.038300817839690871757857117055
 232  -0.233776894945992240555734686202  -0.038300817839690871757857117055
 233  -0.152825419303565110234436049112  -0.038300817839690871757857117055
 234  -0.071873943661137979913137412022  -0.038300817839690871757857117055
 235   0.090029007623716280729459862158  -0.038300817839690871757857117055
 236   0.170980483266143411050758499248  -0.038300817839690871757857117055
 237   0.251931958908570541372057136337  -0.038300817839690871757857117055
 238   0.009077531981289150408161225057  -0.038300817839690871757857117036
 239   0.355204108409632936037682641836  -0.032626437465472630392611949422
 240   0.436155584052060066358981278926  -0.032626437465472630392611949422
 241  -0.436155584052060066358981278926  -0.014932139712964503277487714526
 242  -0.355204108409632936037682641836  -0.014932139712964503277487714526
 243  -0.274252632767205805716384004747  -0.014932139712964503277487714526
 244  -0.193301157124778675395085367657  -0.014932139712964503277487714526
 245  -0.112349681482351545073786730567  -0.014932139712964503277487714526
 246   0.049553269802502715568810543613  -0.014932139712964503277487714526
 247   0.130504745444929845890109180703  -0.014932139712964503277487714526
 248   0.211456221087356976211407817792  -0.014932139712964503277487714526
 249   0.292407696729784106532706454882  -0.014932139712964503277487714526
 250  -0.031398205839924414752488093488  -0.014932139712964503277487714507
 251   0.395679846230846501198331960381  -0.009257759338746261912242546893
 252   0.476631321873273631519630597471  -0.009257759338746261912242546893
 253  -0.476631321873273631519630597471   0.008436538413761865202881688003
 254  -0.395679846230846501198331960381   0.008436538413761865202881688003
 255  -0.314728370588419370877033323291   0.008436538413761865202881688003
 256  -0.233776894945992240555734686202   0.008436538413761865202881688003
 257  -0.152825419303565110234436049112   0.008436538413761865202881688003
 258   0.090029007623716280729459862158   0.008436538413761865202881688003
 259   0.170980483266143411050758499248   0.008436538413761865202881688003
 260   0.251931958908570541372057136337   0.008436538413761865202881688003
 261   0.332883434550997671693355773427   0.008436538413761865202881688003
 262  -0.071873943661137979913137412033   0.008436538413761865202881688022
 263   0.009077531981289150408161225057   0.008436538413761865202881688022
 264   0.436155584052060066358981278926   0.014110918787980106568126855636
 265  -0.436155584052060066358981278926   0.031805216540488233683251090532
 266  -0.355204108409632936037682641836   0.031805216540488233683251090532
 267  -0.274252632767205805716384004747   0.031805216540488233683251090532
 268  -0.193301157124778675395085367657   0.031805216540488233683251090532
 269   0.049553269802502715568810543613   0.031805216540488233683251090532
 270   0.130504745444929845890109180703   0.031805216540488233683251090532
 271   0.211456221087356976211407817792   0.031805216540488233683251090532
 272   0.292407696729784106532706454882   0.031805216540488233683251090532
 273   0.373359172372211236854005091972   0.031805216540488233683251090532
 274  -0.112349681482351545073786730578   0.031805216540488233683251090551
 275  -0.031398205839924414752488093488   0.031805216540488233683251090551
 276   0.476631321873273631519630597471   0.037479596914706475048496258165
 277  -0.476631321873273631519630597471   0.055173894667214602163620493061
 278  -0.395679846230846501198331960381   0.055173894667214602163620493061
 279  -0.314728370588419370877033323291   0.055173894667214602163620493061
 280  -0.233776894945992240555734686202   0.055173894667214602163620493061
 281   0.090029007623716280729459862158   0.055173894667214602163620493061
 282   0.170980483266143411050758499248   0.055173894667214602163620493061
 283   0.251931958908570541372057136337   0.055173894667214602163620493060
 284   0.332883434550997671693355773427   0.055173894667214602163620493061
 285   0.413834910193424802014654410517   0.055173894667214602163620493060
 286  -0.152825419303565110234436049123   0.055173894667214602163620493080
 287  -0.071873943661137979913137412033   0.055173894667214602163620493080
 288   0.009077531981289150408161225057   0.055173894667214602163620493080
 289  -0.436155584052060066358981278926   0.078542572793940970643989895590
 290  -0.355204108409632936037682641836   0.078542572793940970643989895590
 291  -0.274252632767205805716384004747   0.078542572793940970643989895590
 292   0.049553269802502715568810543613   0.078542572793940970643989895590
 293   0.130504745444929845890109180703   0.078542572793940970643989895590
 294   0.211456221087356976211407817792   0.078542572793940970643989895589
 295   0.292407696729784106532706454882   0.078542572793940970643989895589
 296   0.373359172372211236854005091972   0.078542572793940970643989895589
 297   0.454310648014638367175303729062   0.078542572793940970643989895589
 298  -0.193301157124778675395085367668   0.078542572793940970643989895609
 299  -0.112349681482351545073786730578   0.078542572793940970643989895609
 300  -0.031398205839924414752488093488   0.078542572793940970643989895609
 301  -0.476631321873273631519630597471   0.101911250920667339124359298118
 302  -0.395679846230846501198331960381   0.101911250920667339124359298119
 303  -0.314728370588419370877033323292   0.101911250920667339124359298118
 304   0.090029007623716280729459862158   0.101911250920667339124359298119
 305   0.170980483266143411050758499247   0.101911250920667339124359298118
 306   0.251931958908570541372057136337   0.101911250920667339124359298118
 307   0.332883434550997671693355773427   0.101911250920667339124359298118
 308   0.413834910193424802014654410517   0.101911250920667339124359298118
 309  -0.233776894945992240555734686213   0.101911250920667339124359298138
 310  -0.152825419303565110234436049123   0.101911250920667339124359298138
 311   0.009077531981289150408161225057   0.101911250920667339124359298138
 312  -0.071873943661137979913137412053   0.101911250920667339124359298172
 313   0.476631321873273631519630597471   0.119605548673175466239483533014
 314  -0.436155584052060066358981278926   0.125279929047393707604728700647
 315  -0.355204108409632936037682641836   0.125279929047393707604728700647
 316   0.049553269802502715568810543613   0.125279929047393707604728700647
 317   0.130504745444929845890109180703   0.125279929047393707604728700647
 318   0.211456221087356976211407817792   0.125279929047393707604728700647
 319   0.292407696729784106532706454882   0.125279929047393707604728700647
 320   0.373359172372211236854005091972   0.125279929047393707604728700647
 321  -0.031398205839924414752488093488   0.125279929047393707604728700667
 322  -0.112349681482351545073786730598   0.125279929047393707604728700701
 323  -0.193301157124779305463175702487   0.125279929047394798914673388437
 324  -0.274252636338093638840939418061   0.125279935232351771395952275471
 325   0.436155584052060066358981278926   0.142974226799901834719852935543
 326  -0.476631321873273631519630597471   0.148648607174120076085098103176
 327  -0.395679846230846501198331960381   0.148648607174120076085098103176
 328   0.170980483266143411050758499248   0.148648607174120076085098103176
 329   0.251931958908570541372057136337   0.148648607174120076085098103176
 330   0.332883434550997671693355773427   0.148648607174120076085098103176
 331  -0.233776894945993500691915355822   0.148648607174120076085098103179
 332  -0.152825419303565110234436049162   0.148648607174120076085098103196
 333   0.090029007623716273554250206817   0.148648607174120088512925781185
 334   0.009077531600223594526554485273   0.148648607834144967458690400369
 335  -0.314728374886405289370988930751   0.148648614618448476154724491543
 336  -0.071876721082852545018615964674   0.148653417149573566012448636826
 337   0.395679846230846501198331960381   0.166342904926628203200222338072
 338   0.476631321873273631519630597471   0.166342904926628203200222338072
 339  -0.031398206602055515752886988717   0.172017285300846438351553608218
 340  -0.436155584052060066358981278926   0.172017285300846444565467505705
 341   0.049553269802502701218391232931   0.172017285300846444565467505705
 342   0.130504745444929845890109180702   0.172017285300846444565467505705
 343   0.211456221087356976211407817792   0.172017285300846444565467505705
 344   0.292407696729784106532706454882   0.172017285300846444565467505705
 345  -0.274252636338093947673443559374   0.172017291485804508356691080528
 346  -0.355204115523681664023300001337   0.172017297622735957547338312504
 347  -0.112352114575341776849447300450   0.172022691660998134441753643390
 348  -0.193541016516799585098077003589   0.172427895569555407545119770960
 349   0.355204108409632936037682641836   0.189711583053354571680591740601
 350   0.436155584052060066358981278926   0.189711583053354571680591740600
 351  -0.152830973469141405338950646006   0.195385963097550344610457675912
 352  -0.476631321873273631519630597471   0.195385963427572813045836908234
 353   0.170980483266143411050758499247   0.195385963427572813045836908234
 354   0.251931958908570541372057136337   0.195385963427572813045836908234
 355   0.090029007230098916559219708618   0.195385964109338048414355119863
 356  -0.314728374886407269183486793090   0.195385970871901213115463296559
 357  -0.395679853344895229183949319882   0.195385975749462326027707715033
 358   0.009077027200950781950391383684   0.195386836390975106298526574714
 359  -0.072006687562707598520746256218   0.195615635282563587972088742506
 360  -0.234016754296303638197355545108   0.195796573768524769925800071873
 361   0.314728370588419370877033323291   0.213080261180080940160961143129
 362   0.395679846230846501198331960381   0.213080261180080940160961143129
 363   0.476631321873273631519630597471   0.213080261180080940160961143129
 364  -0.031399214619642114914494472364   0.218754641543428861536935283143
 365   0.049553269015268013062266975120   0.218754641554299174896194432519
 366   0.130504745444929816228333448381   0.218754641554299181526206310763
 367   0.211456221087356976211407817792   0.218754641554299181526206310763
 368  -0.355204115523681664023300001337   0.218754653876188694508077117562
 369  -0.436155593626153561310665707187   0.218754658137107706234756218591
 370  -0.112592285990072334802870070595   0.219160497783301139896902416346
 371  -0.193541016433380561104278131105   0.219165251823008144431413484106
 372  -0.274492492109025459150233104896   0.219165251909959270812737400602
 373   0.274252632767205805716384004747   0.236448939306807308641330545658
 374   0.355204108409632936037682641836   0.236448939306807308641330545658
 375   0.436155584052060066358981278926   0.236448939306807308641330545658
 376   0.170980483266143381388982766926   0.242123319681025550006575713292
 377  -0.395679853344897556768375368732   0.242123332002915062988446520033
 378  -0.476631321868953797037049327688   0.242123352854128371785937698222
 379   0.090028631275184128506106867075   0.242123970160203022412323798472
 380   0.009071666227075119488590125984   0.242132179370408987000644092384
 381  -0.072116548168541473814352240353   0.242529175909477935882365311333
 382  -0.153065278652528974234700893982   0.242533930019643509866486752359
 383  -0.234016754279320149787156690114   0.242533930021977506883453134586
 384  -0.314968229897346674936870926018   0.242533930093656859496606477648
 385   0.233776894945992240555734686202   0.259817617433533677121699948187
 386   0.314728370588419370877033323291   0.259817617433533677121699948187
 387   0.395679846230846501198331960381   0.259817617433533677121699948187
 388   0.476631321873273631519630597471   0.259817617433533677121699948187
 389  -0.031409186065587971205768399501   0.265491996733174284337582775722
 390   0.049552517903126958552388458454   0.265491997801716381676145151468
 391   0.130504744643756812948854317012   0.265491997807751911620080656233
 392  -0.436155584022598970309518395681   0.265492030939418347252484735295
 393  -0.112589540830998113246183063740   0.265902608145820305851949647347
 394  -0.193541016465250795107391571682   0.265902608161078010892311834847
 395  -0.274492492070508671388094640753   0.265902608210641414921991762040
 396  -0.355443967718562561927168746473   0.265902608220383218239565495291
 397   0.193301157124778668309857899190   0.283186295560260033330095392149
 398   0.274252632767205805716384004747   0.283186295560260045602069350716
 399   0.355204108409632936037682641836   0.283186295560260045602069350716
 400   0.436155584052060066358981278926   0.283186295560260045602069350716
 401  -0.476631321872438095140106535054   0.288860709114577337837623821703
 402   0.090169889322000000000000000000   0.289133911032000000000000000000
 403   0.008832244823562848202567251753   0.289261887552356772735291283797
 404  -0.072111058409463177777683287238   0.289266531840517754595750042747
 405  -0.153065278643719934118873741440   0.289271286287254806877774729835
 406  -0.234016754253572010892220327760   0.289271286344775599579314304454
 407  -0.314968229897349002388415934819   0.289271286347109596457345282648
 408  -0.395919695932305671778919421380   0.289271302987728647776252878426
 409   0.152825419112191088789314221987   0.306554973355516882556258657437
 410   0.233776894945992240555734686202   0.306554973686986414082438753245
 411   0.314728370588419370877033323291   0.306554973686986414082438753245
 412   0.395679846230846501198331960381   0.306554973686986414082438753245
 413   0.476631321873273631519630597471   0.306554973686986414082438753245
 414   0.049536987428468870951384863003   0.312229351474838638927859262005
 415  -0.031638065561081788028338299833   0.312639963754916344619420459632
 416  -0.112589540814014624675610444672   0.312639964399273042809602710001
 417  -0.193541016432041149903702497518   0.312639964470952395564777199442
 418  -0.274492492074786739777453605687   0.312639964471499952429578272264
 419  -0.436395433753520158712587694622   0.312639981114453419698920405197
 420  -0.355443958076427805349449487901   0.312639981174495309629548906107
 421   0.193301157124778668309857899190   0.329923651813712770290834197207
 422   0.274252632767205805716384004747   0.329923651813712782562808155774
 423   0.355204108409632936037682641836   0.329923651813712782562808155774
 424   0.436155584052060066358981278926   0.329923651813712782562808155774
 425   0.008843097514265559419849945554   0.335999242545779990293252744486
 426  -0.072113803001538446194944841647   0.336008642541133008938545762069
 427  -0.153065278602335840497688693885   0.336008642582970631561123194327
 428  -0.234016754253574338341388246625   0.336008642598228336540053109454
 429  -0.395919695932305649991807650325   0.336008659241181384736991683484
 430  -0.314968220199329778846030096425   0.336008659393344289230791988730
 431   0.089538559010146062221797254264   0.336400713467041589416913069172
 432  -0.476631321873273631519630597471   0.336419253112915420637414182298
 433   0.134400539308731394342063667065   0.349507322229475111158447207477
 434   0.233776894945992240555734686202   0.353292329940439151043177558303
 435   0.314728370588419370877033323291   0.353292329940439151043177558303
 436   0.395679846230846501198331960381   0.353292329940439151043177558303
 437   0.476631321873273631519630597471   0.353292329940439151043177558303
 438  -0.031638064799567984785639435009   0.359377320008369075376307367458
 439  -0.193541016432043477352870416383   0.359377320724405132525516004442
 440  -0.112589540789859661979773597693   0.359377320724830597625548231731
 441  -0.355443958071233631536791840734   0.359377337432272504038821380746
 442  -0.274492482336197966175970391919   0.359377337592679153694928378760
 443   0.049073475455122494870036574376   0.359787835616787139277431237001
 444  -0.436155584052060066358981278926   0.359787931239641789117783584827
 445   0.174876277014546446135255649243   0.372876000556077566769453947175
 446   0.436155584052060066358981278926   0.376661008067165519523546960832
 447   0.274176364726000000000000000000   0.377066202814000000000000000000
 448   0.358178933147254307461978004256   0.381186092459307441585536776597
 449  -0.072113802935753747523492988277   0.382745998794585745852987269567
 450  -0.153065278611074390861340682427   0.382745998851554950482162232422
 451  -0.314968220173156030772019490001   0.382746015692135249192230346223
 452  -0.234016744508749414175544078452   0.382746015729105681309043760759
 453  -0.395679846229947571690161587316   0.383156609364811166017509840261
 454  -0.476631321873273631519630597471   0.383156609366368157598152987355
 455   0.008597802833291587010443668100   0.383156626671793077230780315850
 456   0.089522519292258000499736194645   0.383202688215589631597474544419
 457   0.215352014835760007023513539935   0.396244678682803942649822372567
 458   0.134402393999183635312048959033   0.396247891006378831207816821186
 459   0.315406455868430170503369842514   0.400024766961369167300212716749
 460   0.476631321873273631519630597471   0.400029686193891888003916363361
 461   0.398654670968467872622627322801   0.404554770586033810065906179126
 462  -0.112589540789861989421609130171   0.406114676978283334586287036731
 463  -0.274492482324459195934837348331   0.406114693865364882271823591161
 464  -0.193541006680394066715413036779   0.406114693869048866216623438333
 465  -0.355204108409632936037682641837   0.406525287493094526078522389883
 466  -0.436155584052060066358981278926   0.406525287493094526078522389884
 467  -0.031877934950966224292584638504   0.406525304862528688907673521961
 468   0.049046846670427092640143288369   0.406571479270595569550823623269
 469   0.354624280089000000000000000000   0.427788643115000000000000000000
 470   0.439130408789681437783276641346   0.427923448712760178546275581655
 471  -0.234016744498701784294811885388   0.429483372000808310346047113622
 472  -0.153045759249404627608768560256   0.429517134445191856681968862800
 473  -0.476631321873273631519630597471   0.429893965619820894558891792413
 474  -0.395679846230846501198331960381   0.429893965619820894558891792413
 475  -0.314728370588419370877033323291   0.429893965619820894558891792413
 476  -0.072353672771796724788497061077   0.429893982989918544849939007824
 477   0.008571108886169281337114981765   0.429940157461331181227716829380
 478   0.088443736218268335173793497449   0.431716370670586843199444069927
 479   0.284673703360937516726330181062   0.435236673937211325727182656442
 480   0.189502352420000000000000000000   0.435454064630000000000000000000
 481   0.237975190913661901708357330440   0.437141773612766939996013426436
 482   0.133803183419230141308953977234   0.442981405920656672787650611178
 483   0.395577937689110598119140334737   0.451190745775685983658682969510
 484  -0.193541006594966877343926136207   0.452852050122501603164793411284
 485  -0.436155584052060066358981278926   0.453262643746547263039261194942
 486  -0.355204108409632936037682641836   0.453262643746547263039261194942
 487  -0.274252632741486405479147973847   0.453262643791094571046966213021
 488  -0.112809248189551145717833009473   0.453297548684498592627517373533
 489  -0.030897958145559762083611827362   0.454971602030253630354872027246
 490   0.476631321873273631519630597471   0.455817211231628469088634799948
 491   0.056007891587610265954127156983   0.465365983635047040069491710620
 492   0.309672824300347978142836178415   0.474726222197718017250799827478
 493  -0.233776894869709403306729373387   0.476631321869036769680985102017
 494  -0.153305118328825428045421567873   0.476631321873273509981413858558
 495  -0.476631321873273631519630597471   0.476631321873273631519630597471
 496  -0.395679846230846501198331960381   0.476631321873273631519630597471
 497  -0.314728370588419370877033323291   0.476631321873273631519630597471
 498  -0.072313378050276933420723445610   0.476631321873273631519630597471
 499   0.010648519634942011952336165311   0.476631321873273631519630597471
 500   0.101367653117661579286795426440   0.476631321873273631519630597471
 501   0.166238713720798703331112528029   0.476631321873273631519630597471
 502   0.212976069974251440291851333087   0.476631321873273631519630597471
 503   0.262974311853072363124863327793   0.476631321873273631519630597471
 504   0.356371336747623593160809029037   0.476631321873273631519630597471
 505   0.434784538630597603077471640437   0.476631321873273631519630597471
