   1  -0.477658603777502722200605722217  -0.477658603777502722200605722217
   2  -0.400265737038717370772251792190  -0.477658603777502722200605722217
   3  -0.322872870299932017721753622416  -0.477658603777502722200605722217
   4  -0.245480003561146658716765333753  -0.477658603777502722200605722217
   5  -0.168087136822361303311465869470  -0.477658603777502722200605722217
   6  -0.090694270083575949018736258604  -0.477658603777502722200605722217
   7  -0.013301403344790596794744512040  -0.477658603777502722200605722217
   8   0.064091463393994750114591986450  -0.477658603777502722200605722217
   9   0.451055797087921467825536863581  -0.477658603777502722200605722217
  10   0.373662930349136147519864081183  -0.477658603777502722200605722084
  11   0.141484330132780100013328430177  -0.477658603777502722200605722039
  12   0.218877196871565449182173647430  -0.477658603777502722200605721849
  13   0.296270063610350798351018864603  -0.477658603777502722200605721792
  14  -0.284176436930539340048892560373  -0.455317207555005449750543762635
  15  -0.206783570191753980860017929641  -0.455317207555005448868164955468
  16  -0.361569303669324694247002707362  -0.455317207555005447762821509857
  17  -0.129390703452968626312898818570  -0.455317207555005447744684591790
  18  -0.438962170408110046486428768924  -0.455317207555005446358003371000
  19  -0.051997836714183273748372123874  -0.455317207555005445119589031017
  20   0.102787896763387425420829850707  -0.455317207555005444415199437609
  21   0.334966496979743472935441472952  -0.455317207555005444401211444527
  22   0.257573630240958123766596255966  -0.455317207555005444401211444468
  23   0.180180763502172774597751038837  -0.455317207555005444401211444276
  24   0.025395030024602076659923737205  -0.455317207555005442444419495445
  25   0.412359363718528807672700472543  -0.455317207555005419404970883293
  26   0.477658603777502722200605722217  -0.441758149505735722766649553576
  27  -0.477658603777502722200605722217  -0.432975811332508166601817166650
  28  -0.400265737038717373031760506733  -0.432975811332508166601817166650
  29  -0.322872870299932021603406574897  -0.432975811332508166601817166650
  30  -0.245480003561146668552908406530  -0.432975811332508166601817166650
  31  -0.168087136822361306829847273481  -0.432975811332508166601817166650
  32  -0.090694270083575952642253503465  -0.432975811332508166601817166650
  33  -0.013301403344790599493387119572  -0.432975811332508166601817166650
  34   0.296270063610350798351018863740  -0.432975811332508166601817165766
  35   0.141484330132780100013328429912  -0.432975811332508166601817165642
  36   0.218877196871565449081008476335  -0.432975811332508166426593950700
  37   0.064091463393994753915064049209  -0.432975811332508161283415152343
  38   0.373662930349136133088277864801  -0.432975811332508141605576605510
  39   0.438962170408110062047769331179  -0.419416753283238419971014714652
  40  -0.206783570191753991389488986734  -0.410634415110010893269376399902
  41  -0.284176436930539345078157490668  -0.410634415110010892164032953709
  42  -0.129390703452968629607216781544  -0.410634415110010892145896036224
  43  -0.361569303669324697317583543692  -0.410634415110010890759214832319
  44  -0.051997836714183277125940495414  -0.410634415110010889520800474904
  45  -0.438962170408110047616183114475  -0.410634415110010888802422888867
  46   0.257573630240958123766596255151  -0.410634415110010888802422888198
  47   0.180180763502172774496585867760  -0.410634415110010888627199673113
  48   0.025395030024602075787121225165  -0.410634415110010886845630939878
  49   0.334966496979743458503855257060  -0.410634415110010863806182327726
  50   0.102787896763387471201010344450  -0.410634415110010809522812285917
  51   0.400265737038717387463346723437  -0.397075357060741142171620436869
  52   0.477658603777502722200605722217  -0.397075357060741117175379875728
  53  -0.477658603777502722200605722217  -0.388293018887513611003028611084
  54  -0.400265737038717373031760506734  -0.388293018887513611003028611084
  55  -0.322872870299932023862915291250  -0.388293018887513611003028611084
  56  -0.245480003561146672434561358773  -0.388293018887513611003028611084
  57  -0.168087136822361319384063191046  -0.388293018887513611003028611084
  58  -0.090694270083575955015340969893  -0.388293018887513611003028611084
  59  -0.013301403344790601845912237881  -0.388293018887513611003028611084
  60   0.218877196871565448740027678961  -0.388293018887513610237209330341
  61   0.064091463393994753915064048465  -0.388293018887513605684626596777
  62   0.296270063610350783919432649204  -0.388293018887513586006788050142
  63   0.141484330132780147249538160258  -0.388293018887513528837066970606
  64   0.361569303669324712878924115695  -0.374733960838243864372226159086
  65   0.438962170408110047616183114475  -0.374733960838243839375985597944
  66  -0.206783570191753995909312275290  -0.365951622665016336565244397961
  67  -0.129390703452968642869285461650  -0.365951622665016336547107480657
  68  -0.284176436930539348148738327377  -0.365951622665016335160426278193
  69  -0.051997836714183279294524725199  -0.365951622665016333922011919338
  70  -0.438962170408110047616183114475  -0.365951622665016333203634333301
  71  -0.361569303669324698447337898992  -0.365951622665016333203634333301
  72   0.025395030024602075967213179521  -0.365951622665016331246842384312
  73   0.257573630240958109335010040964  -0.365951622665016308207393773222
  74   0.180180763502172822169313103692  -0.365951622665016249275633279183
  75   0.102787896763387475298304847557  -0.365951622665016246476855047866
  76   0.322872870299932038294501507839  -0.352392564615746586572831881501
  77   0.477658603777502722200605722217  -0.352392564615746561576591320162
  78   0.400265737038717363031972438206  -0.352392564615746544256450320551
  79  -0.477658603777502722200605722217  -0.343610226442519055404240055518
  80  -0.400265737038717373031760506734  -0.343610226442519055404240055518
  81  -0.322872870299932023862915291250  -0.343610226442519055404240055518
  82  -0.245480003561146674694070075767  -0.343610226442519055404240055518
  83  -0.168087136822361323265716143290  -0.343610226442519055404240055518
  84  -0.090694270083575970215217975563  -0.343610226442519055404240055518
  85  -0.013301403344790601780496697244  -0.343610226442519055404240055518
  86   0.064091463393994753712733708039  -0.343610226442519050085838041211
  87   0.141484330132780149541746658426  -0.343610226442518968086864704887
  88   0.218877196871565482764295464854  -0.343610226442518947245817724875
  89   0.284176436930539363710078899599  -0.330051168393249308773437604581
  90   0.438962170408110047616183114475  -0.330051168393249283777197042378
  91   0.361569303669324686490693667047  -0.330051168393249263067681745020
  92  -0.129390703452968646750938422622  -0.321268830220021780948318909974
  93  -0.206783570191753998979893111605  -0.321268830220021779561637723126
  94  -0.051997836714183295216039875143  -0.321268830220021778323223363771
  95  -0.438962170408110047616183114475  -0.321268830220021777604845777735
  96  -0.361569303669324698447337898992  -0.321268830220021777604845777735
  97  -0.284176436930539349278492683509  -0.321268830220021777604845777735
  98   0.025395030024602075345803831708  -0.321268830220021775648053828745
  99   0.102787896763387479239734643575  -0.321268830220021682870117701346
 100   0.180180763502172810136729020301  -0.321268830220021666057049149345
 101   0.477658603777502722200605722217  -0.307709772170752005977802764595
 102   0.400265737038717363031972438120  -0.307709772170751988657661764984
 103   0.322872870299931995635902706050  -0.307709772170751957087182821142
 104   0.245480003561146737139364323489  -0.307709772170751947811861556234
 105  -0.477658603777502722200605722217  -0.298927433997524499805451499951
 106  -0.400265737038717373031760506734  -0.298927433997524499805451499951
 107  -0.322872870299932023862915291250  -0.298927433997524499805451499951
 108  -0.245480003561146674694070075767  -0.298927433997524499805451499951
 109  -0.168087136822361325525224860284  -0.298927433997524499805451499951
 110  -0.090694270083575974096870927807  -0.298927433997524499805451499951
 111  -0.013301403344790621046372760080  -0.298927433997524499805451499951
 112   0.064091463393994753030772113944  -0.298927433997524494487049485644
 113   0.141484330132780141830946275996  -0.298927433997524377382731625661
 114   0.438962170408110047616183114389  -0.285368375948254728178408486811
 115   0.361569303669324686490693667276  -0.285368375948254707468893189454
 116   0.206783570191754064511797878937  -0.285368375948254666623092980704
 117   0.284176436930539369065188129327  -0.285368375948254596125606773857
 118  -0.129390703452968649811047896635  -0.276586037775027223962849166671
 119  -0.051997836714183299097692827565  -0.276586037775027222724434807896
 120  -0.438962170408110047616183114475  -0.276586037775027222006057222168
 121  -0.361569303669324698447337898992  -0.276586037775027222006057222168
 122  -0.284176436930539349278492683509  -0.276586037775027222006057222168
 123  -0.206783570191754000109647468025  -0.276586037775027222006057222168
 124   0.025395030024602052408295489165  -0.276586037775027220049265273179
 125   0.102787896763387479021650724906  -0.276586037775027079188219020179
 126   0.477658603777502722200605722217  -0.263026979725757450379014209029
 127   0.400265737038717363031972438206  -0.263026979725757433058873209418
 128   0.168087136822361396206015134632  -0.263026979725757377948775457021
 129   0.322872870299932076189594368254  -0.263026979725757318327516861591
 130   0.245480003561146696437621684774  -0.263026979725757314936838198326
 131  -0.477658603777502722200605722217  -0.254244641552529944206662944385
 132  -0.400265737038717373031760506734  -0.254244641552529944206662944385
 133  -0.322872870299932023862915291250  -0.254244641552529944206662944385
 134  -0.245480003561146674694070075767  -0.254244641552529944206662944385
 135  -0.168087136822361325525224860284  -0.254244641552529944206662944385
 136  -0.090694270083575976356379644800  -0.254244641552529944206662944385
 137  -0.013301403344790624928025712324  -0.254244641552529944206662944385
 138   0.064091463393994725051891620785  -0.254244641552529938888260930078
 139   0.438962170408110047616183114475  -0.240685583503260172579619931245
 140   0.129390703452968733396719583542  -0.240685583503260079754262851538
 141   0.361569303669324754687729302341  -0.240685583503260040528122583864
 142   0.284176436930539401605924836295  -0.240685583503260040526818218290
 143   0.206783570191754026549053413148  -0.240685583503260019817302920933
 144  -0.051997836714183301704167478624  -0.231903245330032666524683626034
 145  -0.438962170408110047616183114475  -0.231903245330032666407268666602
 146  -0.361569303669324698447337898992  -0.231903245330032666407268666602
 147  -0.284176436930539349278492683509  -0.231903245330032666407268666602
 148  -0.206783570191754000109647468025  -0.231903245330032666407268666602
 149  -0.129390703452968650940802252542  -0.231903245330032666407268666602
 150   0.025395030024602048526642536921  -0.231903245330032664450476717613
 151   0.090694270083575979426960479420  -0.218344187280762939454304761438
 152   0.477658603777502722200605722217  -0.218344187280762894780225653463
 153   0.400265737038717449271728047137  -0.218344187280762762728728306081
 154   0.322872870299932080103306694631  -0.218344187280762762728728306025
 155   0.245480003561146728978358391742  -0.218344187280762759338049642760
 156   0.168087136822361178058323781014  -0.218344187280762375254457123519
 157  -0.477658603777502722200605722217  -0.209561849107535388607874388819
 158  -0.400265737038717373031760506734  -0.209561849107535388607874388819
 159  -0.322872870299932023862915291250  -0.209561849107535388607874388819
 160  -0.245480003561146674694070075767  -0.209561849107535388607874388819
 161  -0.168087136822361325525224860284  -0.209561849107535388607874388819
 162  -0.090694270083575976356379644801  -0.209561849107535388607874388819
 163  -0.013301403344790627187534429317  -0.209561849107535388607874388818
 164   0.051997836714183302901711395557  -0.196002791058265665016520548972
 165   0.361569303669324774687305439396  -0.196002791058265484929334028297
 166   0.438962170408110123856150654879  -0.196002791058265484929334028298
 167   0.284176436930539405519637162673  -0.196002791058265484928029662724
 168   0.206783570191754064393723852528  -0.196002791058265464218514365367
 169   0.129390708059182739833987874799  -0.196002783080069908894539806688
 170  -0.438962170408110047616183114475  -0.187220452885038110808480111035
 171  -0.361569303669324698447337898992  -0.187220452885038110808480111035
 172  -0.284176436930539349278492683509  -0.187220452885038110808480111035
 173  -0.206783570191754000109647468025  -0.187220452885038110808480111035
 174  -0.129390703452968650940802252542  -0.187220452885038110808480111035
 175  -0.051997836714183301771957037059  -0.187220452885038110808480111035
 176   0.013301403344790627187534429319  -0.173661394835768389173918220178
 177   0.090694270083577655416680473688  -0.173661394835768383855516205903
 178   0.400265737038717449271728047138  -0.173661394835768207129939750515
 179   0.322872870299932100102882831686  -0.173661394835768207129939750459
 180   0.245480003561146738978146426284  -0.173661394835768186419120028719
 181   0.477658603777502722200605722217  -0.173661394835768075078442403134
 182   0.168087141428575791523172317936  -0.173661386857572711457577659608
 183  -0.477658603777502722200605722217  -0.164879056662540833009085833252
 184  -0.400265737038717373031760506734  -0.164879056662540833009085833252
 185  -0.322872870299932023862915291250  -0.164879056662540833009085833252
 186  -0.245480003561146674694070075767  -0.164879056662540833009085833252
 187  -0.168087136822361325525224860284  -0.164879056662540833009085833252
 188  -0.090694270083575976356379644801  -0.164879056662540833009085833252
 189  -0.025395030024602047396888178423  -0.151319998613271111374523942395
 190   0.051997836714184956060846041090  -0.151319998613271109417731993437
 191   0.361569303669324774687305439428  -0.151319998613270929330545472676
 192   0.284176436930539425519213299727  -0.151319998613270929329241107158
 193   0.438962170408110047616183114475  -0.151319998613270797279048125350
 194   0.206783574797968466107594891692  -0.151319990635075433658183322961
 195   0.129390708059183163336021533588  -0.151319990635075353295751251124
 196  -0.438962170408110047616183114475  -0.142537660440043555209691555469
 197  -0.361569303669324698447337898992  -0.142537660440043555209691555469
 198  -0.284176436930539349278492683509  -0.142537660440043555209691555469
 199  -0.206783570191754000109647468025  -0.142537660440043555209691555469
 200  -0.129390703452968650940802252542  -0.142537660440043555209691555469
 201   0.013301403344792219270769860746  -0.128978602390773833575129664640
 202  -0.064091463393994721981310786165  -0.128978602390773833575129664612
 203   0.090694270083578119845055625806  -0.128978602390773828256727650339
 204   0.322872870299932100103635907469  -0.128978602390773651529846829375
 205   0.477658603777502722200605722217  -0.128978602390773519479653847567
 206   0.400265737038717373031760506765  -0.128978602390773519479653847511
 207   0.245480008167361152648661765135  -0.128978594412578176568304401400
 208   0.168087141428575837920444107344  -0.128978594412578075496356914476
 209  -0.477658603777502722200605722217  -0.120196264217546277410297277686
 210  -0.400265737038717373031760506734  -0.120196264217546277410297277686
 211  -0.322872870299932023862915291250  -0.120196264217546277410297277686
 212  -0.245480003561146674694070075767  -0.120196264217546277410297277686
 213  -0.168087136822361325525224860284  -0.120196264217546277410297277686
 214  -0.025395030024600493575422218911  -0.106637206168276555775735386856
 215  -0.102787896763387396565733393906  -0.106637206168276555775735386829
 216   0.051997836714185443319806541943  -0.106637206168276553818943437873
 217   0.438962170408110047616183114507  -0.106637206168276241680259569729
 218   0.361569303669324698448090974807  -0.106637206168276241678955204210
 219   0.284176441536753827233084372877  -0.106637198190080898768910123617
 220   0.206783574797968524461510980787  -0.106637198190080818406477992915
 221   0.129390708059183163478777802271  -0.106637198190080797449701467370
 222  -0.438962170408110047616183114475  -0.097854867995048999610902999903
 223  -0.361569303669324698447337898992  -0.097854867995048999610902999903
 224  -0.284176436930539349278492683509  -0.097854867995048999610902999903
 225  -0.206783570191754000109647468025  -0.097854867995048999610902999903
 226   0.013301403344792767605629575705  -0.084295809945779277976341109077
 227  -0.064091463393993210614428698593  -0.084295809945779277976341109071
 228  -0.141484330132780071150156001648  -0.084295809945779277976341109046
 229   0.090694270083578119845055625807  -0.084295809945779272657939094772
 230   0.477658603777502722200605722217  -0.084295809945778963880865291890
 231   0.400265737038717373032513582549  -0.084295809945778963879560926428
 232   0.245480008167361199045933588529  -0.084295801967583540607083715133
 233   0.168087141428575861976488941415  -0.084295801967583519650307189587
 234   0.322872874906146425577539440214  -0.084295801967583488918018498452
 235  -0.477658603777502722200605722217  -0.075513471772551721811508722120
 236  -0.400265737038717373031760506734  -0.075513471772551721811508722120
 237  -0.322872870299932023862915291250  -0.075513471772551721811508722120
 238  -0.245480003561146674694070075767  -0.075513471772551721811508722120
 239  -0.025395030024599906978793032036  -0.061954413723282000176946831293
 240  -0.102787896763385939665822803599  -0.061954413723282000176946831286
 241  -0.180180763502172745734578609390  -0.061954413723282000176946831262
 242   0.051997836714185443319806541943  -0.061954413723281998220154882306
 243   0.438962170408110047616936190258  -0.061954413723281686080166648589
 244   0.129390708059183187392066333674  -0.061954405745086241850912911803
 245   0.206783574797968536560911549158  -0.061954405745086241850912911804
 246   0.361569308275539100161962047956  -0.061954405745086211118624220669
 247   0.284176441536753797390388655866  -0.061954405745086130756192089968
 248  -0.438962170408110047616183114475  -0.053172075550054444012114444336
 249  -0.361569303669324698447337898992  -0.053172075550054444012114444336
 250  -0.284176436930539349278492683509  -0.053172075550054444012114444336
 251   0.013301403344792767605629575706  -0.039613017500784722377552553511
 252  -0.064091463393992581563215639777  -0.039613017500784722377552553509
 253  -0.141484330132778659928995880584  -0.039613017500784722377552553502
 254  -0.218877196871565420319001217131  -0.039613017500784722377552553479
 255   0.090694270083578143758344157209  -0.039613017500784717059150539206
 256   0.477658603777502722200605722217  -0.039613017500784408279468005288
 257   0.168087141428575861976488941416  -0.039613009522588964051518634021
 258   0.400265741644931774746384655666  -0.039613009522588933319229942831
 259   0.322872874906146471974811263608  -0.039613009522588852956797812185
 260   0.245480008167361134905366616495  -0.039613009522588832000021286639
 261  -0.477658603777502722200605722217  -0.030830679327557166212720166553
 262  -0.400265737038717373031760506734  -0.030830679327557166212720166553
 263  -0.322872870299932023862915291250  -0.030830679327557166212720166553
 264  -0.025395030024599906978793032035  -0.017271621278287444578158275727
 265  -0.102787896763385256147638247518  -0.017271621278287444578158275725
 266  -0.180180763502171378092940283037  -0.017271621278287444578158275717
 267  -0.257573630240958094903423824873  -0.017271621278287444578158275696
 268   0.051997836714185467233095073346  -0.017271621278287442621366326740
 269   0.129390708059183187392066333675  -0.017271613300091686252124356237
 270   0.438962175014324449330054187625  -0.017271613300091655518531299530
 271   0.361569308275539146559233871318  -0.017271613300091575157403534346
 272   0.206783574797968460320944008753  -0.017271613300091554200627008856
 273   0.284176441536753809489789224237  -0.017271613300091554200627008856
 274  -0.438962170408110047616183114475  -0.008489283105059888413325888770
 275  -0.361569303669324698447337898992  -0.008489283105059888413325888770
 276   0.013301403344792791518918107109   0.005069774944209833221236002056
 277  -0.064091463393992581563215639776   0.005069774944209833221236002058
 278  -0.141484330132777930732060855260   0.005069774944209833221236002059
 279  -0.218877196871564088592178355702   0.005069774944209833221236002067
 280  -0.296270063610350769487846432614   0.005069774944209833221236002087
 281   0.090694270083578143758344157210   0.005069774944209838539638016360
 282   0.400265741644931821142903403276   0.005069782922405702643295108955
 283   0.168087141428575785736521401012   0.005069782922405723598767268928
 284   0.245480008167361134905366616496   0.005069782922405723598767268927
 285   0.322872874906146484074211831947   0.005069782922405723598767268983
 286   0.477658603777502722200605722217   0.005069790900601097242405406229
 287  -0.477658603777502722200605722217   0.013852113117437389386068389013
 288  -0.400265737038717373031760506734   0.013852113117437389386068389013
 289  -0.025395030024599883065504500632   0.027411171166707111020630279840
 290  -0.102787896763385256147638247518   0.027411171166707111020630279841
 291  -0.180180763502170605316483463001   0.027411171166707111020630279843
 292  -0.257573630240956763176600964749   0.027411171166707111020630279850
 293  -0.334966496979743444072269040356   0.027411171166707111020630279870
 294   0.051997836714185467233095073347   0.027411171166707112977422228826
 295   0.206783574797968460320944008754   0.027411179144903001398161546711
 296   0.284176441536753809489789224205   0.027411179144903001398161546766
 297   0.361569308275539158657881363906   0.027411179144903001399465912284
 298   0.438962170408110094013454937869   0.027411187123098455404231814713
 299   0.130429545998726462219762126231   0.029120925247132295286556215103
 300  -0.438962170408110047616183114475   0.036193509339934667185462666796
 301   0.090795066383331565803536291467   0.049752453699947151140713867446
 302   0.013301403344792791518918107110   0.049752567389204388820024557622
 303  -0.064091463393992557649927108374   0.049752567389204388820024557624
 304  -0.141484330132777930732060855259   0.049752567389204388820024557625
 305  -0.218877196871563279900906070742   0.049752567389204388820024557626
 306  -0.296270063610349437761023572723   0.049752567389204388820024557634
 307  -0.373662930349136118656691648098   0.049752567389204388820024557653
 308   0.245480008167361134905366616464   0.049752575367400279197555824549
 309   0.322872874906146484073458756164   0.049752575367400279198860190067
 310   0.400265737038717431528432898498   0.049752583345595754160402618042
 311   0.477658603777502722200605722217   0.049752583345595813566058223197
 312   0.169125979368119136804184733973   0.051462321469629573085950492886
 313  -0.477658603777502722200605722217   0.058534905562431944984856944580
 314   0.052098633013938889278287207604   0.072093849922444425578498079912
 315  -0.025395030024599883065504500631   0.072093963611701666619418835406
 316  -0.102787896763385232234349716115   0.072093963611701666619418835408
 317  -0.257573630240955954485328678484   0.072093963611701666619418835409
 318  -0.180180763502170605316483463001   0.072093963611701666619418835409
 319  -0.334966496979742112345446180465   0.072093963611701666619418835417
 320  -0.412359363718528793241114255839   0.072093963611701666619418835437
 321   0.284176441536753809489036148422   0.072093971589897556998254467850
 322   0.361569303669324756944010290756   0.072093979568093031959796895825
 323   0.438962170408110059715583682846   0.072093979568093112322229026527
 324   0.130429545998726462219762126232   0.073803717692126850885344770670
 325   0.207822412737511811388607342360   0.073803717692126850885344771784
 326   0.013402199644546213564110241366   0.094435246144941701421100408708
 327   0.090795066383331565803536291468   0.094435246144941706739502423012
 328  -0.064091463393992557649927108373   0.094435359834198944418813113190
 329  -0.141484330132777906818772323856   0.094435359834198944418813113192
 330  -0.296270063610348629069751286226   0.094435359834198944418813113193
 331  -0.218877196871563279900906070742   0.094435359834198944418813113193
 332  -0.373662930349134786929868788207   0.094435359834198944418813113200
 333  -0.451055797087921467825536863581   0.094435359834198944418813113220
 334   0.322872870299932082359587683015   0.094435375790590309759191173609
 335   0.400265737038717385131161075104   0.094435375790590390121623304310
 336   0.477658603777502722200605722217   0.094435375790590411078399829856
 337   0.169125979368119136804184733974   0.096145113914624128684739048452
 338   0.246518846106904485987961810608   0.096145113914624128710601790615
 339  -0.025294233724846461020312366375   0.116776642367438979220494686492
 340   0.052098633013938889278287207604   0.116776642367438981177286635478
 341  -0.102787896763385232234349716114   0.116776756056696222218207390974
 342  -0.334966496979741303654173893967   0.116776756056696222218207390976
 343  -0.257573630240955954485328678484   0.116776756056696222218207390976
 344  -0.180180763502170581403194931597   0.116776756056696222218207390975
 345  -0.412359363718527461514291395948   0.116776756056696222218207390983
 346   0.361569303669324710546738467363   0.116776772013087667921017582093
 347   0.438962170408110047412206107423   0.116776772013087689231092647430
 348   0.130429545998726462219762126233   0.118486510137121406484133326236
 349   0.207822412737511811388607342360   0.118486510137121406484133327351
 350   0.285215274870082758858513345200   0.118486518115316881471538496373
 351  -0.477658603777502722200605722217   0.130335814105965943852769281860
 352   0.013402199644546213564110241367   0.139118038589936257019888964274
 353  -0.063990667094239135604734974116   0.139118038589936257019888964276
 354   0.090795066383331565803536291468   0.139118038589936262338290978579
 355  -0.141484330132777906818772323855   0.139118152279193500017601668758
 356  -0.373662930349133978238596501709   0.139118152279193500017601668759
 357  -0.296270063610348629069751286225   0.139118152279193500017601668759
 358  -0.218877196871563255987617539339   0.139118152279193500017601668759
 359   0.477658603777502722200605722217   0.139118168235584966677188385422
 360   0.400265737038717372827783499681   0.139118168235584967030486925213
 361   0.169125979368119136804184733975   0.140827906359618684283527604019
 362   0.246518841500690084259158876953   0.140827914337814159245070033109
 363   0.323911708239475387045664129548   0.140827914337814239633364904858
 364  -0.438962170408109648585001354701   0.152677210328462530509882947449
 365  -0.025294233724846461020312366374   0.161459434812433534819283242058
 366  -0.102687100463631810189157581857   0.161459434812433534819283242059
 367   0.052098633013938889278287207605   0.161459434812433536776075191044
 368  -0.334966496979741303654173893967   0.161459548501690777816995946542
 369  -0.257573630240955930572040147080   0.161459548501690777816995946542
 370  -0.180180763502170581403194931597   0.161459548501690777816995946542
 371   0.438962170408110047412206107423   0.161459564458082244829881202996
 372   0.130429545998726462219762126234   0.163169302582115962082921881802
 373   0.207822408131297409674736268567   0.163169310560311437044464309777
 374   0.285215274870082712446309661301   0.163169310560311517406896441593
 375   0.362608141608868049326709161867   0.163169310560311538742834247978
 376  -0.400265737038716731688845950048   0.175018606550959388613044750922
 377  -0.477658603777502722200605722217   0.175018606550960499451557837426
 378   0.013402199644546213564110241368   0.183800831034930812618677519841
 379  -0.063990667094239135604734974115   0.183800831034930812618677519842
 380  -0.141383533833024484773580189599   0.183800831034930812618677519843
 381   0.090795066383331565803536291469   0.183800831034930817937079534145
 382  -0.296270063610348605156462754822   0.183800944724188055616390224325
 383  -0.218877196871563255987617539338   0.183800944724188055616390224325
 384   0.477658603777502722200605722217   0.183800960680579522275976940989
 385   0.169125974761904735090313660826   0.185510706782808714843858587560
 386   0.246518841500690037861887052916   0.185510706782808795206290718261
 387   0.323911708239475374727354693619   0.185510706782808816516365784713
 388   0.401304574978260723911131769608   0.185510706782808816542228525761
 389  -0.361569303669324057104423342306   0.197360002773456666412439028705
 390  -0.438962170408109648585001354701   0.197360002773457086108671503015
 391  -0.025294233724846461020312366373   0.206142227257428090418071797624
 392  -0.102687100463631810189157581857   0.206142227257428090418071797626
 393  -0.180079967202417159358002797340   0.206142227257428090418071797627
 394   0.052098633013938889278287207606   0.206142227257428092374863746611
 395  -0.257573630240955930572040147080   0.206142340946685333415784502109
 396   0.130429541392512059508503416125   0.207852103005305990915726803289
 397   0.207822408131297363277464445174   0.207852103005306073005684996045
 398   0.285215274870082700142932085234   0.207852103005306094315760061382
 399   0.440001008347653398925175995156   0.207852103005306094341622803505
 400   0.362608141608868049296845440855   0.207852103005306094341622803544
 401  -0.322872870299931375354756617940   0.219701398995953931801266447859
 402  -0.400265737038716731688845950048   0.219701398995953944211833306488
 403  -0.477658603777502722200605722217   0.219701398995955055050346392993
 404   0.013402199644546213564110241369   0.228483623479925368217466075407
 405  -0.063990667094239135604734974115   0.228483623479925368217466075408
 406  -0.141383533833024484773580189598   0.228483623479925368217466075410
 407  -0.218776400571809833942425405081   0.228483623479925368217466075411
 408   0.090795061777117162197652462733   0.228483631458120845051252648553
 409   0.169125974761904687695654200473   0.230193499227803349077553211774
 410   0.246518841500690025558509477492   0.230193499227803372115154339165
 411   0.323911708239475374712422831873   0.230193499227803372141017081252
 412   0.401304574978260724340753387437   0.230193499227803372141017081328
 413   0.477658603777502722200605722217   0.231903245330032666407268666020
 414  -0.284176436930538700770334010198   0.242042795218451209600660725643
 415  -0.361569303669324057104423342306   0.242042795218451222011227584271
 416  -0.438962170408109648585001354701   0.242042795218451641707460058581
 417  -0.025294233724846461020312366373   0.250825019702422646016860353191
 418  -0.102687100463631810189157581856   0.250825019702422646016860353192
 419  -0.180079967202417159358002797339   0.250825019702422646016860353193
 420   0.052098628407724486483475496496   0.250825027680618120893854977349
 421   0.207822408131297349976699232791   0.252534895450300648187022554894
 422   0.285215274870082700128000224130   0.252534895450300649940411359032
 423   0.362608141608868049756330779696   0.252534895450300649940411359111
 424   0.130429541392512339874273419252   0.252534895450301192847137968835
 425   0.438962170408110047616183114498   0.254244641552529944206662943843
 426  -0.245449745299218452152617917073   0.264331700439997932235873633584
 427  -0.322872870299931375354756617939   0.264384191440948487400055003426
 428  -0.400265737038716731688845950048   0.264384191440948499810621862055
 429  -0.477658603777502722200605722217   0.264384191440949610649134948559
 430  -0.063990667094239135604734974114   0.273166415924919923816254630975
 431  -0.141383533833024484773580189597   0.273166415924919923816254630976
 432   0.013402195038331811899052888754   0.273166423903115398693249255133
 433   0.090795061777117131635863496691   0.273166423903115449671028565528
 434   0.323911708239475375171908171911   0.274876291672797927739805636820
 435   0.246518841500689895803935266611   0.274876291672798149000405818334
 436   0.169125974761905002155318451570   0.274876291672798491956607311955
 437   0.400265737038717373031760506757   0.276586037775027222006057221627
 438   0.477658603777502722200605722217   0.276586037775027222006057221667
 439  -0.206753311929825777568195309331   0.286673096662495210035267911367
 440  -0.284176436930538700770334010198   0.286725587663445765199449281209
 441  -0.361569303669324057104423342306   0.286725587663445777610016139838
 442  -0.438962170408109648585001354701   0.286725587663446197306248614148
 443  -0.102687100463631810189157581855   0.295507812147417201615648908759
 444   0.052098628407724457051440888950   0.295507820125612727470422843312
 445  -0.025294280630680394225965932854   0.295507893390507788130989939579
 446   0.285215274870082700587485564167   0.297217687895295205539199914599
 447   0.207822406175050153368340543278   0.297217691283615529831931108759
 448   0.130429600435775801068240492872   0.297217790160915875941646645694
 449   0.361569303669324698447337898972   0.298927433997524499805451499336
 450   0.438962170408110047616183114475   0.298927433997524499805451499450
 451  -0.168056878560433102983772701589   0.309014492884992487834662189150
 452  -0.245449745299218452152617917073   0.309014492884992487834662189151
 453  -0.322872870299931375354756617939   0.309066983885943042998843558992
 454  -0.400265737038716731688845950048   0.309066983885943055409410417621
 455  -0.477658603777502722200605722217   0.309066983885944166247923504125
 456   0.090795067586695336207679720722   0.317849216348109627594239250883
 457   0.013402195038126719179306410876   0.317849216348109954292037340014
 458  -0.063990714000073068810388540595   0.317849289613005065930384217363
 459   0.246518841500690153747930032283   0.319559084117792704599194373899
 460   0.169126031848920952281262584579   0.319559189771732913816970442498
 461   0.322872870299932023862915291228   0.321268830220021777604845777114
 462   0.400265737038717373031760506711   0.321268830220021777604845777193
 463   0.477658603777502722200605722217   0.321268830220021777604845777233
 464  -0.206753311929825777568195309331   0.331355889107489765634056466933
 465  -0.284176436930538700770334010198   0.331408380108440320798237836775
 466  -0.361569303669324057104423342306   0.331408380108440333208804695404
 467  -0.438962170408109648585001354701   0.331408380108440752905037169714
 468  -0.124737171940138753771310598115   0.334370986085779434061065553310
 469   0.052098634217302661623257112981   0.340190612570606905393633528667
 470  -0.025294332877976449498282849984   0.340190776330229300862245428831
 471   0.207822467174560952660852073585   0.341900582605910088584233707638
 472   0.130429636284829354131083947190   0.341900651474804506292865471858
 473   0.361569303669324698447337898947   0.343610226442519055404240054938
 474   0.438962170408110047616183114430   0.343610226442519055404240055016
 475   0.284176436930536816374662780702   0.343610226442523442522364132813
 476  -0.165071947707548345875132148153   0.353597473140757794988036339189
 477  -0.245449745299218452152617917073   0.353697285329987043433450744717
 478  -0.322872870299931375354756617939   0.353749776330937598597632114559
 479  -0.400265737038716731688845950048   0.353749776330937611008198973187
 480  -0.477658603777502722200605722217   0.353749776330938721846712059692
 481  -0.086040785476580012392541556855   0.356712463551367298375800861914
 482   0.013402200847909957591408270133   0.362532008793104132188589415109
 483   0.090795067586695336207679720723   0.362532008793104183193027806450
 484   0.169126071610469354510673436196   0.364242044308981681060128736998
 485   0.322872870299932023862915291182   0.365951622665016333203634332681
 486   0.400265737038717373031760506665   0.365951622665016333203634332760
 487   0.477658603777502722200605722171   0.365951622665016333203634332799
 488   0.245478834249965150793664435603   0.365953648093803252630916256435
 489  -0.203768381076941020459554755895   0.375938869363255072787430616972
 490  -0.361569303669324057104423342306   0.376091172553434888807593250970
 491  -0.438962170408109648585001354701   0.376091172553435308503825725280
 492  -0.283336076565000000000000000000   0.377432711770000000000000000000
 493  -0.124737276434519234820638610814   0.379053778530651805313770828155
 494  -0.047344404354483393080435866243   0.379053950268591533307662073382
 495   0.130436503281129719416498136045   0.386595326912926498840575070276
 496   0.050717741648000000000000000000   0.387449935312000000000000000000
 497   0.361569303669324698447337898901   0.388293018887513611003028610504
 498   0.438962170408110047616183114384   0.388293018887513611003028610582
 499   0.284176436930536813798015864133   0.388293018887517998121152688379
 500   0.206781507257087798128685119853   0.388296567936479265966288073786
 501  -0.242464814446333695043977363636   0.398280265585752350586824894756
 502  -0.165072004945218105739068703420   0.398280364724011202060577423487
 503  -0.322872870299931375354756617939   0.398432568775932154196420670125
 504  -0.400265737038716731688845950048   0.398432568775932166606987528754
 505  -0.477658603777502722200605722217   0.398432568775933277445500615258
 506  -0.008647875005228352814388182689   0.401395180248266014646236310545
 507  -0.086040889970960493441869569554   0.401395255996239669628506136760
 508   0.090795751277014959997368061942   0.407214801232868174321723567856
 509   0.322872870299932021286268374613   0.410634415110010888802422888247
 510   0.400265737038717373031760506619   0.410634415110010888802422888326
 511   0.477658603777502722200605722126   0.410634415110010888802422888366
 512   0.245478818013972285913164101823   0.410636444410344886852662202697
 513   0.167978691555394343242681035969   0.410826217120719738764151412915
 514  -0.125436984728239882722375965189   0.423731092113567252082694338687
 515  -0.364281415651000000000000000000   0.426082541394000000000000000000
 516  -0.208282904294000000000000000000   0.427063744301000000000000000000
 517   0.128730114440000000000000000000   0.432863093655000000000000000000
 518   0.361569303669324698447337898016   0.432975811332508166601817166070
 519   0.438962170408110047616183114338   0.432975811332508166601817166149
 520   0.284176422929513527248321568253   0.432975811332510360161276442199
 521   0.206783203996324471120928595206   0.432979360349258696248670580505
 522  -0.449788536046005638506380167137   0.433358365335557046964372413387
 523  -0.038134865812000000000000000000   0.436305081508000000000000000000
 524   0.058349223406635879616086877921   0.437935718697019145128969909864
 525  -0.260945464489222667991604955464   0.438962172063629347179749128570
 526   0.013717795755149264567538291215   0.440077588551276987159060874562
 527  -0.308417095557770594803327832057   0.440712380947775691780781712972
 528  -0.406100187712869588704899298923   0.442732807217878952681733924088
 529  -0.165771713238938753640806057796   0.442957678306926648829500934019
 530  -0.086740598264681141343606923929   0.446072569579155116397429647291
 531   0.322872870299932023862915290252   0.455317207555005444401211443814
 532   0.477658603777502722200605722080   0.455317207555005444401211443933
 533   0.400265737038717373031760505686   0.455317207555005444401211443977
 534   0.167415431442100945402575345636   0.455505459266566788086124823083
 535   0.245352238989589673567391155637   0.455539978256814925702485964096
 536  -0.477658603777502722200605722217   0.468284161895180816483244211516
 537   0.083860682649000000000000000000   0.477611787719000000000000000000
 538  -0.135121998591000000000000000000   0.477631488552000000000000000000
 539   0.128596003933258489970505770314   0.477632456093253146399368684239
 540   0.206219943150922275871932112759   0.477658603777502719843205870337
 541   0.438962170408110047616183113450   0.477658603777502722200605721723
 542  -0.433970255444366672399124854003   0.477658603777502722200605722217
 543  -0.378230119981372505010673743843   0.477658603777502722200605722217
 544  -0.333547327536377949411885188276   0.477658603777502722200605722217
 545  -0.283286863579163240194770475838   0.477658603777502722200605722217
 546  -0.238604065399282095788439435090   0.477658603777502722200605722217
 547  -0.193921272954287540189650879524   0.477658603777502722200605722217
 548  -0.055135624220975962955562458107   0.477658603777502722200605722217
 549  -0.010452831775981407356773902541   0.477658603777502722200605722217
 550   0.037888423286279936491850484972   0.477658603777502722200605722217
 551   0.284176436930539349278492682868   0.477658603777502722200605722217
 552   0.361569303669324698447337897635   0.477658603777502722200605722217
