   1  -0.246489683355818162092140596945  -0.477735991101393634414909091851
   2  -0.169365644089867824188569668919  -0.477735991101393634414909091851
   3  -0.092242451634055715301837178969  -0.477735991101393634414909091851
   4  -0.015108412097805981197801275529  -0.477735991101393634414909091851
   5   0.207786141743536448442430351207  -0.477735991101393634414909091851
   6   0.284922775781666028420163220753  -0.477735991101393634414909091851
   7   0.362047564966623096516439277682  -0.477735991101393634414909091851
   8   0.439172354149132003860977997460  -0.477735991097070922197098473895
   9   0.126685113984029766208428303678  -0.477735990534670126784499217485
  10   0.062121393037925936698004798635  -0.477735986170196339803336224206
  11  -0.400614971022514216885512018019  -0.477735889716061565625689612028
  12  -0.323499514968000000000000000000  -0.477735649358000000000000000000
  13  -0.477735573144000000000000000000  -0.477735605344000000000000000000
  14   0.167235627992329581956619045405  -0.459340333911119714948143693623
  15   0.023506487253295858822002046994  -0.455563085048405360909971051633
  16   0.246354458762601238431296785980  -0.455482243298701814571333260709
  17  -0.053677578673524068019678387781  -0.455476275413924741083009238306
  18   0.477735991101393634414909091851  -0.455474134167267087295849185662
  19   0.323485170374144562468301249217  -0.455471982202660323770507011407
  20   0.400609940703412072004740240315  -0.455471949543679935076168073114
  21  -0.207927663722842993140461277956  -0.455471332766379118770997467539
  22  -0.130804047861961769745203423944  -0.455470599451911353611798120400
  23  -0.439175588097543249272331956899  -0.455467168296974455213248778586
  24  -0.362057953576222872748689038207  -0.455462369597721453267604038309
  25  -0.284994364266531294772371330587  -0.455372317053664862190438927113
  26   0.093461158383024154022282411367  -0.446104300938767927037295906458
  27  -0.015117662531348886469299878337  -0.433207974265042467357719049016
  28   0.207786141743389958222547967242  -0.433207973304180903244727516519
  29   0.284922775781671321852529329669  -0.433207973303917844632300473001
  30   0.439172353659683242075790386106  -0.433207972451998783119154372559
  31  -0.092240575505731314083773374515  -0.433207944325651631549689413736
  32   0.362047536849544566346936920998  -0.433207924603789456450986264702
  33  -0.169366067494936938696988885627  -0.433205941116896837968070333474
  34  -0.477735857510035788181291248322  -0.433198400667897416282773322263
  35  -0.400618575990600010051808141279  -0.433193716595196445876595733558
  36  -0.246431497303040856020182598338  -0.433106199890017280515857701206
  37  -0.323552228300872381299442933224  -0.433100371602335630700783620645
  38   0.134594985600311592180911340465  -0.429052830990190563999560446376
  39   0.054753667220212736807452650753  -0.423839794514982594937318289287
  40   0.246354458762454748211414402015  -0.410954225501489083401151685377
  41   0.477735991101393634414909091851  -0.410946116370054356125667369364
  42   0.323485141005422898313757602604  -0.410943913536947203018621436517
  43   0.400609910998810614116241561468  -0.410943880296410992503752448790
  44  -0.130802725291429519529554515735  -0.410942581674340107732164077551
  45  -0.053679110374941423633210811566  -0.410942325629649287028620060701
  46  -0.439178639380016556924119114845  -0.410925184710214621692527084631
  47  -0.207868525935615116597055431902  -0.410838440966617561364428618620
  48  -0.284990154756183891418096428877  -0.410835712365284469182062446948
  49  -0.362112415403856827449515328093  -0.410832416202515207981336243871
  50   0.172623556903688982704366133723  -0.405888804276925977427764954554
  51   0.093316444304130461332205829678  -0.401576436247111201511628020203
  52   0.016200868005730636651355715541  -0.401555264839988328322298993524
  53   0.439172353659683242075790386106  -0.388679954654786051948972556261
  54   0.284922745776809342725756378296  -0.388679905740032106498552956627
  55   0.362047474563070860032412461569  -0.388679798923117627953589055674
  56  -0.092240991751422534661284870157  -0.388677427838392912574624736357
  57  -0.477735981914666105388937541434  -0.388652189440517039120120442810
  58  -0.169305422204637018804343931498  -0.388575492025515085979087713986
  59  -0.246428345509210203756875936818  -0.388569972599873365400515079822
  60  -0.323550352742010115977542244408  -0.388567828580524653676886743041
  61  -0.400672391154678009162046440749  -0.388564087220712520589633631740
  62   0.211201289388244297212791279862  -0.383622942108699674603290013513
  63   0.134063604701540748527441476468  -0.383620565569813614664555767953
  64   0.054763815223912640358314282441  -0.379292213144486146120597513433
  65  -0.022360550102375143293418326020  -0.379289564706358005426636830664
  66   0.477735991101393634414909091851  -0.366418098572841624955485553067
  67   0.400609909150758313570173142926  -0.366415859298261514962598645858
  68   0.323485079873322679806614945009  -0.366415789758243387565521175838
  69  -0.130742942891384406271089891231  -0.366309054465148212931209210339
  70  -0.207864763796861736282075258737  -0.366306196012326372755651106332
  71  -0.284988730111238190499800160685  -0.366302482658423371106169923321
  72  -0.362110267108099680317463939027  -0.366299470612183487085270739757
  73  -0.439229763372580811544617477830  -0.366291161639930838615082317236
  74   0.172637823549969260730570448118  -0.361360788765209113567476996826
  75   0.249762779502999015476769920323  -0.361357366682078249126522292271
  76   0.093325656770284796456339922839  -0.357027246369272220174448390630
  77   0.016202368015364063506497305208  -0.357026227441326227449707450748
  78  -0.060922461201760627774931895032  -0.357024718394021054928419811805
  79   0.439172353659683242075790386106  -0.344151936857573320778790739964
  80   0.362046755937256693616496087443  -0.344150536377939981012670714751
  81  -0.169302969926211741136253071080  -0.344040945339713274440285347847
  82  -0.246425531470077821833869331996  -0.344039362480118003193918107746
  83  -0.323548382885550791065507400259  -0.344033725466488741404645579125
  84  -0.400667691340903476968453147905  -0.344026594058847607222725612563
  85  -0.477735991101393634414909091851  -0.343930136171581688715571989576
  86   0.211199144053416229685736226971  -0.339094919593327811763126773728
  87   0.288325112837212279584611845499  -0.339093251681254204490424496715
  88   0.134080294746986263557656954256  -0.339088354197878350185491988643
  89   0.054764321042153350222698648737  -0.334761403564401191596681696716
  90  -0.022359638729334906103239979413  -0.334761308847134428538427024554
  91  -0.099424287625130938829838392268  -0.334656130351554953643368929036
  92   0.477735991101393634414909091851  -0.321890080775628893785303736770
  93   0.400609909033601767067313918362  -0.321887841298126640901333881036
  94  -0.207863793711871282766943670324  -0.321774215945385802521233906517
  95  -0.284984546399084419301186483746  -0.321769477378278541019514684964
  96  -0.362105977868043063677029136066  -0.321761405468002269146825014681
  97  -0.439173939425430670552388601872  -0.321665533334583771635672595866
  98   0.249761984917981731582581283728  -0.316829348891955046987451183701
  99   0.326886788901146293394492987933  -0.316827998300950797937574035627
 100   0.172641267802477922046060400219  -0.316821883306366600891439207011
 101   0.093327732178169932260645023408  -0.312498191480538338760982515195
 102   0.016202371138423360476317425018  -0.312496624459925163528120491078
 103  -0.060861501554127257829161075427  -0.312392744813063584987407949240
 104  -0.137984104145070969192169252204  -0.312387656697138186367454066965
 105   0.439172353659683242075790386106  -0.299623919060360589608608923666
 106  -0.246422660692330498762265113368  -0.299504098160961183306320435811
 107  -0.323542195071877169202143115633  -0.299497029299926774468379636368
 108  -0.477735991101393634414909091851  -0.299400926494888740336462048826
 109  -0.400612201291720070925224350539  -0.299400387454620993168061373675
 110   0.365449941997491366845310818852  -0.294565303221137457826237201912
 111   0.211203743246040720247158627966  -0.294558014446406302023487599925
 112   0.288319520601681606442090591675  -0.294556925946013350233499457545
 113   0.134080538809719355372405321651  -0.294554987057193366189561974059
 114   0.054765492139944962496765301369  -0.290233361134919784932676162118
 115  -0.022299449627223730324838706617  -0.290128026679132550899787108643
 116  -0.099421311082834610237533427630  -0.290124087945783179469881962759
 117  -0.176545180655045030061441503434  -0.290121364968589841728483651241
 118   0.477735991101393634414909091851  -0.277362062978416162615121920472
 119  -0.284980386713482402878368683551  -0.277232005016699257402072987594
 120  -0.362049027863873226149888637167  -0.277137060597942735530488524259
 121  -0.439174251812144016987956377863  -0.277135782616242095981843726891
 122   0.404012386623572841853787286596  -0.272301380983371406533512244542
 123   0.326886116151570727460716097615  -0.272299980508820170281534074917
 124   0.172643012038019815227906249962  -0.272291039253052888237776374515
 125   0.249757862691057316764089888825  -0.272279678719330841424284223973
 126   0.093328273625684260878321803635  -0.267969923440579416396742932950
 127   0.016263625240126478176059040865  -0.267864780256253051968223484396
 128  -0.060859203400432660590683419012  -0.267859444373597396039488038696
 129  -0.137982419084960793506285577334  -0.267857716325878875740338315218
 130  -0.215102499327187611860659148445  -0.267848566631520951081364926675
 131  -0.400611216363007715540254969073  -0.254872369668301230251694537253
 132  -0.323487190625641876469520046364  -0.254871986648652383467021425008
 133  -0.477735991101393634414909091851  -0.254870638737595451627225404955
 134   0.365449484004562109782781923698  -0.250037285426280069804388189603
 135   0.442578505325042533504003849928  -0.250036332195241053628625450334
 136   0.288326999941301243274862015101  -0.250027352532598360955548863175
 137   0.134080956267365575504880999490  -0.250026411505218743988173311923
 138   0.211196603395049957087631123838  -0.250011789660123945234046033550
 139   0.054826424408981268152845312556  -0.245601269030501817595188390445
 140  -0.022296164325389916357399613992  -0.245596102688597126616165785670
 141  -0.099420286059675709401438327877  -0.245593163294442781922231210501
 142  -0.176539488428265780928810828080  -0.245584310759943190156076380090
 143  -0.253659895104762692755915192611  -0.245575901775237384877576364692
 144  -0.362049314066951452061402298625  -0.232607508108922416034005284286
 145  -0.439173104055172323440689042893  -0.232607482815550833706077031995
 146   0.404015510307435253835341118701  -0.227773363295723409737249033969
 147   0.326891024816580667926589013569  -0.227766167605292189282220079421
 148   0.249761234181109973400020236715  -0.227751654411573326056703899026
 149   0.172631134660739718971361417352  -0.227741152721210107445508343144
 150   0.093405438206339675684639473531  -0.223357842788184402723205129227
 151   0.016266663637181055767502056910  -0.223332565045449232423193401073
 152  -0.060857280758541198455190268408  -0.223329743798250557217150464495
 153  -0.137976866133194922550987474293  -0.223319086389143319528701804598
 154  -0.215096020517406253357896218394  -0.223310028132089913674855660137
 155  -0.292168586665716615294727191484  -0.223219134495234448893324494928
 156   0.477735991101393634414909091851  -0.222710601412065944642128980195
 157  -0.400611201759116059961836372444  -0.210342621256172019488387779029
 158  -0.477735991101393634414909091851  -0.210342620940382720457043588658
 159   0.365455344811593292694834769893  -0.205505493934642345342831703798
 160   0.288330231443186603298296527986  -0.205499085590270488559100423073
 161   0.211197274527429234839194870663  -0.205483589892913851785391963349
 162   0.134135175224218495753607430472  -0.205362396933951051884813924475
 163   0.054840431932380278313065800986  -0.201073208047030275200374997294
 164  -0.022294492559811049527236473020  -0.201066353346477534191232699972
 165  -0.099413582952640027485744477093  -0.201055034729738787306150996894
 166  -0.176533476312970132788676132191  -0.201045061598061031655229544108
 167  -0.253606023312146793570918620991  -0.200955417901844037326301321763
 168  -0.330730788703034252027476753473  -0.200954792084509868169501489368
 169   0.439172996083786354746246360624  -0.200447632512548300750752563830
 170  -0.439173596339094329530008137274  -0.188078612335787615670836880595
 171   0.326893868809966314042804050229  -0.183237229378525580581143139847
 172   0.249761927081152895900118596101  -0.183223492355852859938245923608
 173   0.172703580252805464134521854790  -0.183100894067194410205117133770
 174   0.093406568194820665907306386900  -0.178815467794147938972363450676
 175   0.016279800565156682951315633666  -0.178804519940322445940031282595
 176  -0.060850641290704562462330976106  -0.178791105050170141443501976376
 177  -0.137969610413170394524146049518  -0.178779914704967977343403936112
 178  -0.215043782540065996915719276763  -0.178691075751143367505035736165
 179  -0.292168198616537322229688955260  -0.178691026079671908515820509360
 180  -0.369292676939335149726454289947  -0.178689906174181646384339208624
 181   0.477735990955852020050474543542  -0.178182583614853213709801469565
 182   0.400611802548589045582516529378  -0.178178440519835157361600281427
 183  -0.477735991101393634414909091851  -0.165814603143169989286861772361
 184   0.288330945655860380153299337154  -0.160970960474451975451775382119
 185   0.211268946321448893944694542875  -0.160839685682680594435644561165
 186   0.134142620336328317564267896243  -0.160834361059249208514195793309
 187   0.054845291549439869457549769883  -0.156545171220948927974115882293
 188  -0.022281555685576698823730675431  -0.156538329846401148804805002584
 189  -0.099406552973500070682479556371  -0.156515609451467658465587886229
 190  -0.176481035434707273262492562437  -0.156427543550013557457696919926
 191  -0.253605965648305677288234557211  -0.156426700554981046467406318625
 192  -0.330730114483856002985183337961  -0.156426188025225397783167222094
 193  -0.407855071519313419294626054776  -0.156425897253797242566788310190
 194   0.439175092797991581334210634520  -0.155915983016467991140084705828
 195   0.362051209374039929655427318620  -0.155911311765193038890552285131
 196   0.249834074151000000000000000000  -0.138578488427000000000000000000
 197   0.172709350324048834715711928925  -0.138570830178497559313853710408
 198   0.093409676345262625878437839881  -0.134284296997530497005625885472
 199   0.016282098904193191158569066058  -0.134276498396539853104907327140
 200  -0.060834857004536002745518761214  -0.134258570251102104870935076898
 201  -0.137918389294997686233857688882  -0.134163961409561395713660949016
 202  -0.215043134235115571115578906727  -0.134163013702053004917226322190
 203  -0.446417466065546555558365954756  -0.134161888274964553536300488367
 204  -0.369292679114574866034774246637  -0.134161884565787561426131227690
 205  -0.292167892106570944656311077740  -0.134161880843691335226173262325
 206   0.477735991101393634414909091851  -0.133649382670129118743794027233
 207   0.400614924611441414089970815783  -0.133648118314753591816991158184
 208   0.323489338172974761003182933037  -0.133646396350546737227335310905
 209   0.211274979345946754084800667710  -0.116306775192971878103934406718
 210   0.134147115825817273747910183480  -0.116306306989955959146498572239
 211   0.054847185426718378599785648705  -0.112017152708513893675572297510
 212  -0.022271187813056600770929096171  -0.111996714032319149073539949986
 213  -0.099349253588344401293140377899  -0.111911632547380333242047308687
 214  -0.176480485726021713141912045455  -0.111899390266070335960684677410
 215  -0.253605186186035343919849159708  -0.111898411189677784454789293258
 216  -0.407855073901677717352425200259  -0.111897875169756387807444062534
 217  -0.330730286685049655741139400865  -0.111897871920709619930140086906
 218   0.362052871702801042528993344702  -0.111383293999009500660987345906
 219   0.439176147846907282660082156138  -0.111380955308989825113623933530
 220   0.284999300774840717502192182047  -0.111257528803501477199706620258
 221  -0.477735991101393634414909091851  -0.102509173406759117785739204374
 222   0.172710506466101647797816770419  -0.094042812396294079763578886731
 223   0.093409824315563309711247901414  -0.089753566948860569029480660739
 224   0.016294147688321453938522653564  -0.089736943610446020847271106226
 225  -0.060785431083959955773449014543  -0.089649452408343619367887083231
 226  -0.137917834811224891299850200933  -0.089635800606844644557750197645
 227  -0.215042647917260798947396154436  -0.089634651147443398933580048400
 228  -0.292167892078424715216767609741  -0.089633863046478604064887083772
 229  -0.369292681231282795323581335189  -0.089633862941876936647812776132
 230   0.400613834600221330744050789068  -0.089116805515805202227319073806
 231   0.477735947728857202781473059398  -0.089112452844457804990463575099
 232   0.323562900436264862726294808098  -0.088994312761576811376388183440
 233   0.246439145546854311648101955317  -0.088989641662093418126894348493
 234  -0.439173586577311779946494686641  -0.080245147306229285150762868475
 235   0.134148419190071407026905589759  -0.071778271218342077484810746230
 236   0.054857029410204153245582928403  -0.067472939176416481144105179657
 237  -0.022220306265371673584371349555  -0.067390083423493189629090686810
 238  -0.099348616595767529514490836585  -0.067383614754723829398875621509
 239  -0.176479910732882572815302817473  -0.067371235476243990302620068864
 240  -0.253605188869741345563312379562  -0.067370388695248177245821583609
 241  -0.330730287056199689385472506714  -0.067369853320193553325649127228
 242   0.439173797996602908166795441336  -0.066847860440340221651240513839
 243   0.207875849626536378498408380646  -0.066727193981955369541848369744
 244   0.285005596218366026802024676384  -0.066721489402215871021047656674
 245   0.362128064106855852160444352693  -0.066720604086078490309057539130
 246  -0.477735991101393634414909091851  -0.057981155609546386615557388077
 247  -0.400611185971484221677643759745  -0.057981127992320452614455286501
 248   0.093455942645000000000000000000  -0.045222588760000000000000000000
 249   0.016342352083588229607873212073  -0.045126478419921249668725054081
 250  -0.060785056410410720130609104661  -0.045121425199231148162361885766
 251  -0.137917381170293816342571620032  -0.045107460280050845128463329265
 252  -0.215042686851614465270488670333  -0.045106565864232520503112378694
 253  -0.292167892823262331643747618771  -0.045105843798716669522645215203
 254   0.477735960421980890961265764924  -0.044583331739180247148234665640
 255   0.169313762350506137727497199986  -0.044462652804003367263080229243
 256   0.246440809733890935577350853958  -0.044461623895979292181484280559
 257   0.323568144090997362647117373687  -0.044452309644889476030190512774
 258   0.400687817141431082071105570952  -0.044452020501542627958757293810
 259  -0.439173586400392305883421779169  -0.035717129202582717561858558308
 260  -0.362048787312732766461498132295  -0.035717112262466769626383554640
 261   0.054926515602421737575811276710  -0.022900217049623023642982733986
 262  -0.022219977901416570772833081553  -0.022862065627491189279032828123
 263  -0.099347976873255277257046821514  -0.022855596962106462147285686415
 264  -0.176479913911726431670601944452  -0.022843212295294777156198354169
 265  -0.253605188918842585662999274764  -0.022842370652575616297069363112
 266   0.207876484775128069948132465390  -0.022199176189272524873524309757
 267   0.285002851461381682696555816528  -0.022193321048347084133261583281
 268   0.439249938852432221862562795090  -0.022187538964915096267611982193
 269   0.362129763389210243902536883091  -0.022180040316212583937934059845
 270   0.131198506296975335846734906901  -0.021441540213108085125778247396
 271  -0.477735991101393634414909091851  -0.013453137812333655445375571779
 272  -0.400611185971484368743638261255  -0.013453110195107721444273470204
 273  -0.323486319990342497091271888849  -0.013452984191616384565683304130
 274   0.016342649877097815946090486561  -0.000598460623704306978917623175
 275  -0.060784591250871683788217022421  -0.000593304665754047323091459622
 276  -0.137917439220125781978326706592  -0.000579342132886959492377806721
 277  -0.215042753302350668313914471397  -0.000578432809668998843921917167
 278   0.246437978022968388524978500943   0.000066393811193648833459899582
 279   0.323562512440785326114598224810   0.000075802133194399104214691515
 280   0.400693867152502323595968911910   0.000087725942333034267881093719
 281   0.477735990894504826101781028572   0.000208178642783319633814502508
 282   0.092623198741927294340402635628   0.000800087784463208173378265455
 283   0.169766957982768490973540056398   0.000831419474134037296670939977
 284  -0.284923598484245191450169584883   0.008810458466518814071103840816
 285  -0.439173586090933341343666565126   0.008810889130629233662431000326
 286  -0.362048787434910872185262680721   0.008810905534745961376179195542
 287  -0.022219552767585799578593480580   0.021666124251708604317244572674
 288  -0.099347977028319957865181408600   0.021672420835106268752896965743
 289  -0.176479921825058162634969274752   0.021684819365222971146580042314
 290   0.284999336826491651962701205415   0.022338604571902705116885158506
 291   0.362131400626324950470016282820   0.022351732965864418977725458410
 292   0.439180250212412494885255481641   0.022483798533601024057621312327
 293   0.054061875197717175890802895862   0.023065951690174123052115425410
 294   0.131199397029717958624643738223   0.023086477575195594416808650923
 295   0.208347027422830182550205306816   0.023127700177631881769623435431
 296  -0.246361183669284494455248738600   0.031074476397966691343217161397
 297  -0.477735991101393634414909091851   0.031074879984879075724806244518
 298  -0.400611185971484368743638261255   0.031074907602105009725908346093
 299  -0.323486477614824781382731341763   0.031075061262924507672433775924
 300  -0.060784591797810845707154284700   0.043934713810274963141325511561
 301  -0.137917481722002696373542392331   0.043948749437138694096746816303
 302   0.323562083319985112014881989625   0.044603909774760595530519648286
 303   0.400618177615208064265289821624   0.044748468792120123986939903306
 304   0.477735649358000000000000000000   0.044760490104000000000000000000
 305   0.092625052444743416012796684410   0.045329775639748407259722857035
 306   0.015499745770489635317673661008   0.045330419862278425114530776395
 307   0.169766018685559775615685792488   0.045359437261439756095264115260
 308   0.246911361431034431109320433730   0.045404975661870530556767112912
 309  -0.207798313798940905912989432918   0.053337674081975108535755504253
 310  -0.284923740141186230315453107680   0.053338476263506218694796140812
 311  -0.439173586090933341343666565126   0.053338906927841964832612816624
 312  -0.362048886448469851361008808876   0.053339081165168338779022147875
 313  -0.099347976968765460086571234526   0.066200438632318999883252865896
 314   0.362056263899850336382188500980   0.067013323058099760210196495178
 315   0.439172959832065288384573016793   0.067025772321144976228545322283
 316   0.054062719712413866495247108138   0.067593969479378356334084448497
 317  -0.023062539068864317073991422662   0.067594618857917725815151106045
 318   0.131198457732509243266789474314   0.067614495362501313215401826207
 319   0.208340634689622911040927824546   0.067655717515953334014615927591
 320   0.285474381113119559689745416485   0.067670699190011565013447497700
 321  -0.169235769529341404862546214714   0.075601700446762980242316949019
 322  -0.246361346016539303274042536410   0.075602494567210791367347972921
 323  -0.477735991101393634414909091851   0.075602897782091806894988060815
 324  -0.400611320487304743207184395693   0.075603139240322367031668255423
 325  -0.323486522545351160170341006143   0.075603143219347542595358219237
 326   0.400611074998972955229711349831   0.089291080908691581910363449296
 327   0.477735505372000000000000000000   0.089291464753000000000000000000
 328   0.015500267266680582994460293416   0.089858437656437368011217013370
 329  -0.061624892619956677467467605929   0.089858698842265791168223019716
 330   0.092624666776157481189696547524   0.089858753502627468932647716744
 331   0.169759936148097100669055807167   0.089887992905503588870409633065
 332   0.246910970010667798035338398734   0.089933111405728135804019117194
 333   0.323960517905039149022557849474   0.090066709821219415683662920010
 334  -0.130667605488485184846893452324   0.097855946996607015796993005853
 335  -0.207798482688549813077669712249   0.097865691899933011072020806819
 336  -0.284923748030763495433241949621   0.097866494060718250918196789587
 337  -0.439173759223515587705548768070   0.097867188508401951427019715048
 338  -0.362048967633292591358342765518   0.097867220432043586920195548039
 339   0.439173590350934600914879313160   0.111556564348111928262739501727
 340  -0.023062456986076425506703781633   0.112122636655054801427311658999
 341   0.054062375842634902742612467895   0.112122941942973909576584657850
 342   0.131192064575616618697209155698   0.112142512700761936406183248816
 343   0.208339970282175208188571330345   0.112183735308209216907854895432
 344   0.285397177461707933116197109712   0.112329080377847672205190786603
 345   0.362515127440773950664084076206   0.112344217325181875282952299558
 346  -0.169236098167430428627105450476   0.120129718242762958196641230463
 347  -0.246361358967559410937473352686   0.120130512536433090713600078465
 348  -0.400611406574429341728988478376   0.120131270055063711602687247049
 349  -0.323486630237120582891862813613   0.120131328397391930739251909325
 350  -0.477735979025493871924079127187   0.120131521739111526791548965866
 351  -0.092942989471038164121726130588   0.121511837368724326190135377458
 352   0.477735915738654226545523770300   0.133821776275888405654414571510
 353   0.015499871299447585605627111570   0.134386760400407289688801235357
 354   0.092621595383715154569203649491   0.134392530122451155044017199468
 355   0.169759513148344554371760185547   0.134416429618471055711036402398
 356   0.246826469662281829506163750416   0.134578684167582537229995504828
 357   0.323951525290552976224765068762   0.134607022984635817786115771644
 358   0.401077135930820654711621561820   0.134608983662611554899865587355
 359  -0.207798499280271318536742919852   0.142393715847893565633661729255
 360  -0.284923759089456599556864501546   0.142394511857929608855308495492
 361  -0.439173579470708277874753842682   0.142395688627483625233607530485
 362  -0.362049936215313445416174474016   0.142396879696210299227129966350
 363  -0.054380553837157912160962306291   0.143775775181513336449224016741
 364  -0.131505395427543727132970179325   0.143775826584373843338205270010
 365   0.054059067639514646375380051051   0.156656322494365641368651072259
 366   0.131191422007219363113784701378   0.156670568889149539318727164193
 367   0.208242717764000000000000000000   0.156821176349000000000000000000
 368   0.285379126393194858576423942297   0.156859551025433468751309612759
 369   0.362513146706924432828701608511   0.156872501278333019226995942577
 370   0.439639250468168337597799868209   0.156873759457275632178314743828
 371  -0.246361374882791279179459995686   0.164658539000008802524272034875
 372  -0.323486733422678017955677716844   0.164659488692528967370591282006
 373  -0.477735969448148448107322183871   0.164659851178019388901385885134
 374  -0.400613310764695228658106783045   0.164663466714365656250540704242
 375  -0.170067796540384617042607648700   0.166039824189504450775225768803
 376  -0.092942904334116612106319740958   0.166039860455754137380764932501
 377  -0.015818225502819290530231857740   0.166039898975163742982779682671
 378   0.092621133857409552916882127197   0.178920900144875478654061930445
 379   0.169672986858137020256221061946   0.179074605232259644908431385083
 380   0.246801193436834849024434315106   0.179106694790799479699350182733
 381   0.323934776496199096317659658693   0.179135237638501157523612666662
 382   0.401075098650784326858003223348   0.179137399562534664503006104693
 383   0.477735928545237312837805492306   0.179925740572473487042107304267
 384  -0.284923780008214136296223363039   0.186922529655137426328019274740
 385  -0.362049509743214105454319401336   0.186925152193247480824784204169
 386  -0.439175696564732588059735789988   0.186927690920157232012952306305
 387  -0.131505408423900524907627653499   0.188303844381584677890275942363
 388  -0.208630177094417309230754205830   0.188303857403521514933199854871
 389  -0.054380426864788428658714320733   0.188304242555602832052843599545
 390   0.022761797406324416999329049655   0.188330177975919079024182939138
 391   0.131102978058000000000000000000   0.201327406822000000000000000000
 392   0.208227873925099213341939362082   0.201351772516875734627000268536
 393   0.285363843887023822403959769802   0.201387566200083897583711472711
 394   0.362509339908000000000000000000   0.201400635569000000000000000000
 395   0.439172563657115460415921873103   0.202188191511936012809585560301
 396  -0.323486285766267976268556119974   0.209187724494147053555051454267
 397  -0.400613245588434248543859676229   0.209191688772198641935452320210
 398  -0.477735943796719755162468418435   0.209195567397564174994626572646
 399  -0.092943032586135933534957023029   0.210567885764403821346832728173
 400  -0.247192605939002255057908095933   0.210567885907639240882742872053
 401  -0.170067781713663940954599293298   0.210567890177662146011085212211
 402  -0.015815987556697639160361475503   0.210567916716137693556593770757
 403   0.061323940093729289713484989805   0.210594706854324644090827102961
 404   0.169658640301256687177350971659   0.223603996236718569821063672686
 405   0.246788649929597616298744628155   0.223634710821264164185122538306
 406   0.323945454470000000000000000000   0.223663506036000000000000000000
 407   0.400608275816000000000000000000   0.224449512276000000000000000000
 408   0.477735542694898843036758139015   0.224453838731752831290374919231
 409  -0.362049421954022971914733082440   0.231453231528433313009500053044
 410  -0.439173460514092804035787798062   0.231459626101714578645003411497
 411  -0.208630200027206403341733708001   0.232831875200728340688750032992
 412  -0.131505228359787823564537989714   0.232832239023895506802974538800
 413  -0.054378954642781241563849409937   0.232832270660038440771753339107
 414  -0.285754697460752311413650001837   0.232832419732021599837965957091
 415   0.022761648459647939274116272134   0.232858894081280700641930250892
 416   0.100279027441000000000000000000   0.233474901533000000000000000000
 417   0.208215564590080364056231239024   0.245880205238728263112037907354
 418   0.285374913310091349264358130604   0.245915584000203795528092653861
 419   0.362044661406000000000000000000   0.246713496901000000000000000000
 420   0.439171849480000000000000000000   0.246716418863000000000000000000
 421  -0.477735935638245936539272513712   0.253723625240852540845483162083
 422  -0.400611087682804850713467382682   0.253723672691893068625092553022
 423  -0.092941643984428536258082362779   0.255095903539964850985668510170
 424  -0.170067819219204857703987915378   0.255095907974859081894736822087
 425  -0.015816316496029609822184031925   0.255095934512135447174759400387
 426  -0.247192279360462712494963700523   0.255096430135524148889964923341
 427  -0.324316997497317022123286210548   0.255096592405598649665673034901
 428   0.061366482741910070915811060822   0.255122704331034826322467843723
 429   0.138839555431000000000000000000   0.255743523070000000000000000000
 430   0.246800131394235166831625873118   0.268162728620467548000942885372
 431   0.323474239585945525210543921916   0.268964471354444496141542459248
 432   0.400608205125000000000000000000   0.268978810991000000000000000000
 433   0.477735453557104792353868532232   0.268981957043657513425752761960
 434  -0.439173556009951027674190032017   0.275987666814260093665434369669
 435  -0.131503890358665996788112892117   0.277360268472492460578744409655
 436  -0.208629842593291966692373844703   0.277360559830328396335742598861
 437  -0.285754557047244620798470552561   0.277360641519636003010565507612
 438  -0.054376594804001220658171017508   0.277363609927365927925406342460
 439  -0.362877109680419238054663523738   0.277364554085453089967145672198
 440   0.022792334129992767884136784679   0.277386903375822128430235011052
 441   0.100271715722000000000000000000   0.278006961907000000000000000000
 442   0.177412282920447177258569117475   0.278034633758630639158491553587
 443   0.284900370778411104025732889966   0.291208697786981827584616768523
 444   0.362044885543000000000000000000   0.291242159841000000000000000000
 445   0.439161665456000000000000000000   0.291261091343000000000000000000
 446  -0.477735991101393634414909091851   0.298251711164127985224407955012
 447  -0.092941233773642267831233262533   0.299623921335288065201144738480
 448  -0.170066583024702480969970784818   0.299623925754912090674395175237
 449  -0.015785705999945700623939096490   0.299623941787853762490688085868
 450  -0.247192071830028109457541606544   0.299624855250707051539433953532
 451  -0.401439544074373811726133344225   0.299628494045865377250908832995
 452  -0.324313797326704119499546455279   0.299630112955209005590247584151
 453   0.061355660072055699282654687911   0.299650723205332005086317342215
 454   0.138833913058000000000000000000   0.300272493024000000000000000000
 455   0.215975765931456660782144286641   0.300296901356728748516340579469
 456   0.323474546266000000000000000000   0.313493219413000000000000000000
 457   0.477735649367491355755571968104   0.313510075120399698125360475013
 458   0.400596844464000000000000000000   0.313526606894000000000000000000
 459  -0.208628994566768394391932015065   0.321888589709397405797695033998
 460  -0.054356172827943855912117875096   0.321891665528681800581187049776
 461  -0.131501018903957900630244008458   0.321892481802449736967879923450
 462  -0.440001947437645352397350599794   0.321892487753132667446578982914
 463  -0.362877087135824937927583650375   0.321892571882660113958372520845
 464  -0.285751318745025070706035585408   0.321894316473213604851087966293
 465   0.022788702381947987328711322969   0.321915012698106225188354759467
 466   0.100272485301320042893787731058   0.322540773838710565130977162052
 467   0.177416631222497993747679306935   0.322566650494688330298032636492
 468   0.255888158152000000000000000000   0.324989735450000000000000000000
 469   0.439158456557000000000000000000   0.335794173513000000000000000000
 470   0.361157987215000000000000000000   0.337340753475000000000000000000
 471  -0.092921289388574965668660036474   0.344151934808059522102248229140
 472  -0.170066156213474382435317039527   0.344151943550079280256977211086
 473  -0.015790655271881424218426804820   0.344151959310011663228583746582
 474  -0.401439522351507463251624550660   0.344156511843072809701927551354
 475  -0.324313579771507770806423377257   0.344158563004866056355525636727
 476  -0.247187270919216824932695073988   0.344159817857993502898781647829
 477   0.061353685660106787907413490329   0.344178785418189549376431047762
 478   0.138837091356344568374427176157   0.344801077000047395429917715379
 479   0.216009713804372991031687299967   0.344824951582114508622035555061
 480  -0.477735991101393634414909091851   0.345533264342137349668750010817
 481   0.294475676905000000000000000000   0.347284222663000000000000000000
 482   0.477734529737180388951741596916   0.358038171756876692914598799099
 483   0.400577879091000000000000000000   0.358055847925000000000000000000
 484  -0.054354811395317159805560118854   0.366419771072739222318286752444
 485  -0.131487334549551830778133693352   0.366420555640533805303159370861
 486  -0.362877119889063645765024049097   0.366420593960851293512893581941
 487  -0.285750575155918421687472265096   0.366422347593435554817246187812
 488  -0.208624222636916613754592001624   0.366423529740097045706764130450
 489   0.022791297809159541174503437628   0.366443109248572804685643933155
 490   0.100287980023000000000000000000   0.367088941152000000000000000000
 491   0.177445325149190496580043464254   0.367094814503420418934489184016
 492  -0.439173586905338319679477398269   0.367797256606979456891568407431
 493   0.255899269571267949386918660969   0.369524322604372055268016418782
 494   0.332107166694000000000000000000   0.371088367304000000000000000000
 495   0.439098486315000000000000000000   0.380398537015000000000000000000
 496  -0.092921090666871841186551069504   0.388679952822624720912563557132
 497  -0.170053150792993619199972887179   0.388679959448027527445919185887
 498  -0.015788423716878060095352844654   0.388679977051306368147909252059
 499  -0.247186004485373150569010873892   0.388688704167726499865081971201
 500   0.061358442681611055303709375788   0.388706846267791608834619046784
 501   0.138865386427406507436506111230   0.389329169887124836764543553055
 502   0.216029821633205259394519299817   0.389353035106220131354243431055
 503  -0.324928074456000000000000000000   0.389757627524000000000000000000
 504  -0.477735990569913196958733870777   0.390061282139350077667092282347
 505  -0.400611152963852001794561334739   0.390061393375466304786830195065
 506   0.371525349458000000000000000000   0.391801303323000000000000000000
 507   0.293530358850000000000000000000   0.393329077823000000000000000000
 508   0.477735545458000000000000000000   0.402566679160000000000000000000
 509  -0.054354916298520593293730399861   0.410947869222623759895438954924
 510  -0.131485268379204844197774134488   0.410948697697779428601982801100
 511  -0.285749789444073550836490572990   0.410950421553098966486398453919
 512  -0.208618370373778095957315080442   0.410951634387215010694578019657
 513   0.022788301564560953163678709773   0.410971205785104766111428846875
 514   0.100307520718000000000000000000   0.411617638149000000000000000000
 515   0.177470680178067932706590613200   0.411622932667599786988183791490
 516  -0.439173605119030478180015802197   0.412325306871784295428766654030
 517   0.410000585432000000000000000000   0.414217651444000000000000000000
 518  -0.364053341376013213884610637971   0.415483312941634940970865236069
 519   0.331159760282000000000000000000   0.417155526711000000000000000000
 520   0.268164876968000000000000000000   0.429927214361000000000000000000
 521   0.223756818391000000000000000000   0.433206609478000000000000000000
 522  -0.092919734011091134532365167124   0.433207971765997948909211421365
 523  -0.170050431825278661958510311548   0.433207977162227519585826050885
 524  -0.015790250192823066301275049364   0.433207994811059376831877406239
 525  -0.247181019747764268899171168587   0.433216856487544559938942158148
 526   0.061350988947300880064748709672   0.433234943874158818768308863516
 527   0.138891088773489796220049639071   0.433857252094607351624830172825
 528  -0.323682812193121749488024534926   0.434270701950445224253477172653
 529  -0.477735989527437671234282864459   0.434589342837053771763003014095
 530   0.448668371218000000000000000000   0.436299961959000000000000000000
 531   0.371349414143000000000000000000   0.436339349992000000000000000000
 532  -0.402615811581832533533950387485   0.437747299863060565055399968767
 533   0.305786711988000000000000000000   0.453748062266000000000000000000
 534   0.185169164161000000000000000000   0.455482599231000000000000000000
 535  -0.131493236622000000000000000000   0.455486305377000000000000000000
 536  -0.054338438778000000000000000000   0.455503901174000000000000000000
 537  -0.209064687395000000000000000000   0.456239775226000000000000000000
 538   0.023445695466865345184166544112   0.456600239719325777023862865479
 539   0.104701773414363469721921526672   0.462385274514101497931025547873
 540  -0.290415761113000000000000000000   0.463873388629000000000000000000
 541   0.477535397917000000000000000000   0.470278634100000000000000000000
 542  -0.377778071964698439466125160454   0.474704936134469098589049115229
 543   0.387831707335000000000000000000   0.477730429321000000000000000000
 544   0.146597896118000000000000000000   0.477734232043000000000000000000
 545   0.432360658250000000000000000000   0.477735474600000000000000000000
 546   0.223741231086000000000000000000   0.477735498195000000000000000000
 547   0.343302662191000000000000000000   0.477735557025000000000000000000
 548  -0.248099550332000000000000000000   0.477735558305000000000000000000
 549   0.268270566695000000000000000000   0.477735649358000000000000000000
 550   0.062903362305475504839951628527   0.477735937797603042514051609492
 551  -0.333353319119084419277435060057   0.477735968145833258973554703428
 552  -0.466730861245118128627586283968   0.477735980695047445566225379647
 553  -0.422202825218325824214747488799   0.477735981835542554284211867044
 554  -0.092921151082892146871118213669   0.477735990395372081887906495832
 555  -0.170068967799002890796935873739   0.477735991101393634414909091851
 556  -0.015746485859487312878420736754   0.477735991101393634414909091851
