   1  -0.478168806421482047481690104529  -0.478168807655147586998151301562
   2  -0.326917723114649330004409797245  -0.478168807655147586998151301562
   3  -0.024415837935703178943868829661  -0.478168807655147586998151301562
   4   0.051209625925640928477878594472  -0.478168807655147586998151301562
   5   0.126835092022633137445953828160  -0.478168807655147586998151301562
   6   0.202460560684250932582561169765  -0.478168807655147586998151301562
   7   0.278086029346437160285293255432  -0.478168807655147586998151301562
   8   0.353711498008623387988025407648  -0.478168807655147586998151301562
   9   0.429336966670806892252920728124  -0.478168807655147586998151301562
  10  -0.100041304324350849155034244104  -0.478168807655147586998151301559
  11  -0.251292250454229930968777740516  -0.478168807655147586998151301555
  12  -0.175666777787377640852571254967  -0.478168807655147586998151301556
  13  -0.402543227107676916660646962941  -0.478168807655147531952834728306
  14   0.478114311681000000000000000000  -0.459094978626000000000000000000
  15  -0.440356016764579585699758833124  -0.456337711137687715661011978432
  16  -0.364730475111163107442328544181  -0.456337645907729889546921218414
  17  -0.137854041055864608665682469066  -0.456337619467944959923866731019
  18  -0.213479514120803785910674497741  -0.456337618778438085023409498286
  19  -0.289104986784439630486593768877  -0.456337618772867036748765771557
  20   0.315898763677530274136659331540  -0.456337615310295173996302602710
  21   0.240273295015344046433927212598  -0.456337615310295173996302545076
  22   0.391524232339715140120473067886  -0.456337615310292815429950278853
  23   0.164647826353442035014257498962  -0.456337615309802896953707539299
  24  -0.062228571130027014049451536877  -0.456337613341353145110308766412
  25   0.089022358974137032961916211316  -0.456337613088772138843026699152
  26   0.013396893994968874767004882405  -0.456337611152644466145026891591
  27   0.440356073324068675403312530632  -0.435919747010491683599975865239
  28  -0.100041309125191870298712490573  -0.434506422965443024929585644399
  29  -0.175666781785611129258634022006  -0.434506422965442944056729836444
  30  -0.251292254452463419374840507561  -0.434506422965442944056729836431
  31  -0.326917726054784565020615384203  -0.434506422965442859985785477811
  32  -0.478168807009509155548559494843  -0.434506422965442764954107989991
  33   0.278086029346437160285293288707  -0.434506422965442760994453846224
  34  -0.402543230047812905353693949640  -0.434506422965442149061254594843
  35   0.353711498008622026269106991778  -0.434506422965440402428101580001
  36   0.202460560684535148865623541796  -0.434506422964950483951858782813
  37   0.126835093304945930530219882119  -0.434506420743427448798582936888
  38   0.051209627043464979251042499249  -0.434506416586269017989902289180
  39  -0.024415837935333747806470867691  -0.434506414649501471954525037724
  40   0.402543338992976923270864870394  -0.414088554665636912031774842530
  41   0.478168807655147586998151301562  -0.414088554665614671568239765573
  42  -0.440356018528661185366200241757  -0.412675324410985050821977085779
  43  -0.364730478051298362771950546269  -0.412675261218025162534530156430
  44  -0.213479518119037274316737264780  -0.412675234088733442081988033168
  45  -0.137854045455401476432695657962  -0.412675234083162312934622788448
  46  -0.289104990253623967928538748858  -0.412675233166822216494400351068
  47   0.315898763677528912417740948945  -0.412675230620587989426252823515
  48   0.240273295015628262716989617904  -0.412675230620098070950010083961
  49  -0.062228575930868035193129783350  -0.412675228651648583041743109256
  50   0.164647827636039044381585924952  -0.412675228398575035796734180402
  51   0.089022361374273876819346170052  -0.412675224240924327945458526917
  52   0.013396895113162468355239967835  -0.412675220083125830368045474536
  53   0.364730604661883809419498794286  -0.392257362320784499029926143678
  54   0.440356073324055834865703641324  -0.392257362320759900000038742864
  55  -0.100041311690385058477006501107  -0.390844038275738274279251532692
  56  -0.175666784350804317437286675557  -0.390844038275738193406407426308
  57  -0.326917728619978837658244830978  -0.390844038275738109335526780362
  58  -0.478168807134016915931996854728  -0.390844038275737939127933906442
  59  -0.251292257017656811598580808399  -0.390844038275737873270192206282
  60  -0.402543232613504014173549689360  -0.390844038275737188965069248820
  61   0.278086029346720014849437278142  -0.390844038275243299381809061252
  62   0.202460561967132158232952001060  -0.390844036053722622794885481550
  63   0.126835095705366990670712212885  -0.390844031896071914943609770431
  64   0.051209629443971365923543638638  -0.390844027737781140323601712273
  65  -0.024415838856682495512900152888  -0.390844027112573279410378526177
  66   0.326917870330790695568132751453  -0.370426169975932086028077387192
  67   0.402543338992962721014337565216  -0.370426169975907486998190044012
  68   0.478168807655147586998151301562  -0.370426169975905128431837720155
  69  -0.440356019873760718094640482616  -0.369012937607141090805215124907
  70  -0.364730480616492783269538809948  -0.369012876528320228966287273574
  71  -0.213479520684230481708494656609  -0.369012849399028691431666751818
  72  -0.137854048020594664610996424389  -0.369012849393457562284300378295
  73  -0.289104992818817770557647023204  -0.369012848477117465844111964425
  74  -0.062228578496061223371417037979  -0.369012843961943832391420699104
  75   0.240273296298223910365399661298  -0.369012843708867851226684458842
  76   0.164647830036460104522078288993  -0.369012839551219501941761071579
  77   0.089022363775064479775257354389  -0.369012835392928727321150768781
  78   0.013396931684945270123421531453  -0.369012772048373046460562786114
  79   0.364730604661869607162971522383  -0.348594977631055073996341287526
  80   0.440356073324052921921400859577  -0.348594977631050028628809309652
  81   0.289105135999981797999829080650  -0.348594977630587395983633624929
  82  -0.402543248688777028518374783184  -0.347181653586035246448962448689
  83  -0.326917737195829860836400205495  -0.347181653586034125535264839541
  84  -0.100041313963923513444018140101  -0.347181653586033507468099936209
  85  -0.175666786624342772403957635378  -0.347181653586033426595275242554
  86  -0.478168807655147511848122885699  -0.347181653586033116234202902033
  87  -0.251292259291195270661633394835  -0.347181653586033066083599192729
  88   0.202460564367551856654525949231  -0.347181647206364730373560048870
  89   0.126835098106157593627708708045  -0.347181643048076314317422314553
  90  -0.024415838857110770230904787067  -0.347181642422868338302606792393
  91   0.051209670603861343849876668277  -0.347181571757210841399230824861
  92   0.478168807655147586998151301562  -0.326763785286200302428140323280
  93   0.402543338992959808069658959922  -0.326763785286197615626309550055
  94   0.326917870331060709594667851580  -0.326763785285710383951897525263
  95   0.251292402951485693515791463806  -0.326763783064211947828509022518
  96  -0.440356028171961880739122225632  -0.325350539447085782351677715871
  97  -0.364730496692262802929655250858  -0.325350491838618259393835626452
  98  -0.213479522957768917462060952247  -0.325350464709323924620533567616
  99  -0.137854050294133119578019271338  -0.325350464703752795473168194555
 100  -0.289105001394669263744290998519  -0.325350463787413482043942339243
 101  -0.062228578496489564544753871470  -0.325350459272239006387725403281
 102   0.164647832437249345762850974130  -0.325350450703221542744554098797
 103   0.013396932423886250741863095416  -0.325350386078818925937438018563
 104   0.089022412141207412738147124232  -0.325350366930821281017298881766
 105   0.440356073324028513537380411306  -0.304932592941302926063857782552
 106   0.364730604662150910501355289120  -0.304932592940852925581865787791
 107   0.289105137282564605110630234736  -0.304932590719334935796772922852
 108   0.213479671020813639804917751740  -0.304932586561708826975384612547
 109  -0.326917780026612257598302235336  -0.303519268896350307041049073916
 110  -0.402543263928686561892679403245  -0.303519268896333080112667966241
 111  -0.251292268533644178926831285625  -0.303519268896328750155479272137
 112  -0.100041313964351854617354973468  -0.303519268896328681464404640187
 113  -0.175666786624771113577294468838  -0.303519268896328600591579946747
 114  -0.478168807655147554510767960207  -0.303519268896328290230505505157
 115  -0.024415838857088264964091354913  -0.303519257733163512298909401309
 116   0.051209670757253674517891933325  -0.303519186801886365170040906155
 117   0.126835183229643560835044462465  -0.303519110920827975679866548333
 118   0.478168807655147586998151301562  -0.283101400596495476424442926404
 119   0.402543338993219615969076740503  -0.283101400595958236019414020289
 120   0.326917871613654575655854107663  -0.283101398374477078428982185672
 121   0.251292405351892551399756522670  -0.283101394216831814943648512881
 122   0.175666939090511128913242776638  -0.283101390058565639346378662474
 123  -0.440356035791915782840322464217  -0.281688141559176000018746283905
 124  -0.364730521977644432257053370911  -0.281688089749624817252357803368
 125  -0.213479532200217555443869393939  -0.281688080019620076837075775221
 126  -0.137854050294561460751356104812  -0.281688080014047969469472898743
 127  -0.289105044225451666831088812703  -0.281688079097729652594684018889
 128  -0.062228578496467059277940439319  -0.281688074582534180384028012201
 129   0.013396932423927675747021171884  -0.281688001389106120001725012837
 130   0.089022412141535981231813236027  -0.281687982241115927283373509412
 131   0.440356073324338689429847630759  -0.261270208251150786379999164140
 132   0.364730605944723097766353105633  -0.261270206029582071282505194972
 133   0.289105139682982521422205580781  -0.261270201871973956670385235525
 134   0.213479673421590040508081547568  -0.261270197713688627314642562808
 135   0.137854289882905343985436264973  -0.261270050276172072281691112010
 136  -0.326917787106933158328139930776  -0.259856884206646055112089160773
 137  -0.251292311364426762463477933408  -0.259856884206644608157963158364
 138  -0.402543285386938850600492406221  -0.259856884206633527029753048207
 139  -0.175666799871457301544482212801  -0.259856884206625784037162628472
 140  -0.100041313964329349350541541316  -0.259856884206623855460707249105
 141  -0.478168807655147586998151301562  -0.259856884206623464226808108282
 142  -0.024415838857051447156822270837  -0.259856873043458686295212019956
 143   0.051209670757582299174856918969  -0.259856802112180914158355786319
 144   0.478168807655147586998151301562  -0.239439015905806096335555401877
 145   0.402543340275842584945810013068  -0.239439013684775338224874563197
 146   0.326917874014051043465083488194  -0.239439009527078949406785080316
 147   0.251292407752679997908754717508  -0.239439005368830747175493942870
 148   0.100041518794797764382205038536  -0.239438921596460023885198073089
 149   0.175667027259522787286532433898  -0.239438852656315936422922957428
 150  -0.440356046521040313926563657152  -0.238025738286019185353353889799
 151  -0.364730543435896729978017737794  -0.238025705059925264169447314922
 152  -0.213479575030999952205838063789  -0.238025695329936258342860009653
 153  -0.137854063541247648718543848761  -0.238025695324345152915055580463
 154  -0.289105051305772570399472894265  -0.238025694408025395749216780877
 155  -0.062228578715382552410520574161  -0.238025689892829354929132444108
 156   0.013396932424256320464963465112  -0.238025616699400634243393235950
 157   0.440356074606651482514113683855  -0.217607821339430648180430800906
 158   0.364730608345170531234936301001  -0.217607817182272217371750153227
 159   0.289105142083748524265867768307  -0.217607813023935747362485885211
 160   0.062228777410844082325248721477  -0.217607741467525010760180349996
 161   0.137854289882905563279499690623  -0.217607665586466867608420728107
 162   0.213479763475875012678695360966  -0.217607657046116646880338111260
 163  -0.326917816724745732298501082784  -0.216194499516951274537974928380
 164  -0.175666842702239698306450882632  -0.216194499516941965542946862912
 165  -0.251292318444747733290009828960  -0.216194499516940234817984799645
 166  -0.402543292436192013775707705136  -0.216194499516929258743784126527
 167  -0.100041331209270643880455433425  -0.216194499516922434997068706549
 168  -0.478168807655147586998151301562  -0.216194499516918638223110711406
 169  -0.024415849692577275534432268091  -0.216194488353755204796868737693
 170   0.478168807655147586998151301562  -0.195776626773055200025306199991
 171   0.402543342675979428803239971775  -0.195776624836927527327306390913
 172   0.326917876414868059546097433981  -0.195776620679128961841457507803
 173   0.024416039077518103615355267620  -0.195776556054744730845217799626
 174   0.100041518794797940498570046968  -0.195776536906754893998185894830
 175   0.251292505723514780215469866121  -0.195776450989454049272362444547
 176   0.175667040076848167595203341462  -0.195776445766379788110808385386
 177  -0.440356050045666760295530487498  -0.194363347491466105294462338294
 178  -0.364730554580462517627122775220  -0.194363313276927276188778700466
 179  -0.213479582111320852935700624793  -0.194363310640232006413900096514
 180  -0.137854106372030045480512518515  -0.194363310634661334420839814902
 181  -0.289105080923585144369834046274  -0.194363309718330615175102548473
 182  -0.062228598014946346205042522305  -0.194363305203128794303577787432
 183   0.440356075724475533287277589493  -0.173945430270552079172181790017
 184  -0.013396733621583811715109855797  -0.173945430165367810120728579085
 185   0.364730610745676957114401104746  -0.173945428333784271797013745475
 186   0.062228777410844386797555080154  -0.173945356777819658553990431187
 187   0.137854293786599873933048815552  -0.173945274135404445684660737158
 188   0.289105243584264012587633057516  -0.173945252531216303494475163193
 189   0.213479779802301561476687907377  -0.173945244078268250178969903633
 190  -0.326917823773994060871398230530  -0.172532114827247017581322843312
 191  -0.251292348062560307260370980980  -0.172532114827245454243870567246
 192  -0.402543329239896050590368514483  -0.172532114827239943946542315930
 193  -0.100041374040053040642424102867  -0.172532114827238616502852940982
 194  -0.175666849782560599036313443653  -0.172532114827237713613986949773
 195  -0.478168807655147586998151301562  -0.172532114827213812219413314530
 196  -0.051209474397337995698742552475  -0.152114248982999613133979642623
 197   0.478168807655147586998151301559  -0.152114233768048958319057380034
 198   0.402543343794173068429946534208  -0.152114233767408811809373527400
 199   0.024416039077518396971299326968  -0.152114171365039397893140330290
 200   0.100041519097488698133938084842  -0.152114151692837816984871835507
 201   0.326917982808412889688381154390  -0.152114051710451345742049651746
 202   0.251292518690474325344156465102  -0.152114043840483028372784128615
 203   0.175667055970338015975079498520  -0.152114033548399263540896513814
 204  -0.440356068447514824599921188844  -0.150700930928778014218426296143
 205  -0.364730591384128067644323063563  -0.150700928587237961360290168709
 206  -0.213479611729133426906061776810  -0.150700925950537225839785864121
 207  -0.137854113452350946210375079622  -0.150700925944957082491879901763
 208  -0.289105087972833747222522906910  -0.150700925028625883151841849538
 209  -0.089022215173092289470394615523  -0.130283067800631606305787950737
 210  -0.013396733621583811044243026231  -0.130283045475662984116133057728
 211   0.440356075724845122140820246281  -0.130283037264905690956249117406
 212   0.062228778732264176965721148140  -0.130282969799410891586888055938
 213   0.137854296631475483986729148632  -0.130282884518330533283249847115
 214   0.364730715856909486595666551463  -0.130282857144075044694310036282
 215   0.213479792793418688105884073689  -0.130282836887455709570630096680
 216   0.289105265076145261841309556400  -0.130282830615615086019084107022
 217  -0.326917860577239044815798493217  -0.128869730137557702398335015266
 218  -0.175666879400373173006674595677  -0.128869730137542933039872717381
 219  -0.251292355111811526450923732812  -0.128869730137536190591204558611
 220  -0.402543331815924969790584127250  -0.128869730137535193934170630136
 221  -0.478168807655147586998151301562  -0.128869730137508986215715917654
 222  -0.126834951906666885448641873810  -0.108451879616999713368276287879
 223  -0.051209474397337995028394254938  -0.108451864293294787130282245700
 224   0.478168807655147586998151301557  -0.108451840761762423593440854775
 225   0.024416039344535147994520402010  -0.108451786212911141430676666580
 226   0.100041524366566672081226425506  -0.108451757876905264186596302596
 227   0.402543447787581542325421203994  -0.108451660641571920344420618369
 228   0.326917998124641965721942521549  -0.108451636049238599688396785916
 229   0.175667069678078661503315650954  -0.108451625116360628459830934590
 230   0.251292538756830826937488409304  -0.108451624393960822527465327440
 231  -0.440356069735529272776011192409  -0.107038544008165724232876803579
 232  -0.213479618778381755479935418064  -0.107038541260832968883133779211
 233  -0.289105124776133917969458887537  -0.107038540338840981608090504299
 234  -0.364730596196574708903841852098  -0.107038540024006990915013216197
 235  -0.164647688638123155483297993584  -0.086620691429698771337413238582
 236  -0.089022215173092288800046317982  -0.086620683110926780302090553806
 237  -0.013396733621546264701922162000  -0.086620660785958158112435676993
 238   0.062228781399135174929771735362  -0.086620580490636523550197434698
 239   0.137854301120819680872669253202  -0.086620492053073762418637869304
 240   0.440356179717884007182752579493  -0.086620464138428652981611801101
 241   0.364730730055314030655106727538  -0.086620439546735459397762408848
 242   0.289105271805327541489271524511  -0.086620429827584317713819435995
 243   0.213479814418938815573908672970  -0.086620414740385518506911735418
 244  -0.326917863149456902307537875170  -0.085207345447852952161281531904
 245  -0.402543338992946039787747197000  -0.085207345447830957793255640207
 246  -0.478168807655147586998151301562  -0.085207345447804160212018520778
 247  -0.251292391918403770886068661874  -0.085207345442048622119417100845
 248  -0.202460425370006996606953002641  -0.064789503243138404344608232238
 249  -0.126834951906666884778293576301  -0.064789494927294887364578891004
 250  -0.051209474397300448686073390719  -0.064789479603589961126584864967
 251   0.024416041604531026970217630652  -0.064789397608865543952162864574
 252   0.100041526367113733614729088341  -0.064789369722390244977781568393
 253   0.402543461985616495512517146310  -0.064789243043592192034816684851
 254   0.326918003735999614532401260996  -0.064789233325081163376324617479
 255   0.251292547467435524976871464249  -0.064789220174009022611274816650
 256   0.175667128318591597455228158660  -0.064789138857643834701151632496
 257   0.478168807655147586997923728703  -0.064789087515094882369228647097
 258  -0.364730603373598232581611730387  -0.063376155334301278810297920314
 259  -0.289105127536804531367235644296  -0.063376155322726435810782120897
 260  -0.440356073324039077597578814666  -0.063376153102978413083605773834
 261  -0.240273163037014100670048586432  -0.042958316676259531557831402453
 262  -0.164647688638123154812949696074  -0.042958306739993945333715841706
 263  -0.089022215173054742975962566853  -0.042958298421221954298393173073
 264  -0.013396733621486577337161074234  -0.042958276096253332108738320914
 265   0.062228783714797045887967623654  -0.042958191790326186542628857566
 266   0.137854302526758681928417497832  -0.042958104928206002419422442270
 267   0.364730735666302081186839889668  -0.042958036821937892900837369247
 268   0.289105279398107590821155080637  -0.042958023671505880742534052973
 269   0.213479866719535880355240747777  -0.042957935020606120682305132283
 270   0.440356089922880075549124868190  -0.042957866420258421038479211753
 271  -0.326917870330746620584985068592  -0.041544960758148716722235886604
 272  -0.402543338992945963746212738143  -0.041544960758126000081757075701
 273  -0.478168807655147586998151301562  -0.041544960758099334208321123903
 274  -0.278085898651997131366063541523  -0.021127126555169836867148278285
 275  -0.202460425370006995936604705131  -0.021127118553433578340910835362
 276  -0.126834951906629495464861228676  -0.021127110237590061360881510136
 277  -0.051209474397240761321312302953  -0.021127094913885135122887508888
 278   0.024416042718176453047443527276  -0.021127010990510096653341897871
 279   0.100041531381086314146392512710  -0.021126976348199479866419064675
 280   0.326918011328410055755613016945  -0.021126827168362613246137602659
 281   0.251292605186995769186067703967  -0.021126727196122441611825504286
 282   0.175667145073289371199763873815  -0.021126720704969642980124498372
 283   0.402543363603565662492828972084  -0.021126660198604119705868651670
 284   0.478168807655147430641240881406  -0.021126645325421627429698830615
 285  -0.364730604661839734436351145204  -0.019713768413296303720387188625
 286  -0.440356073324039077597578814666  -0.019713768413273587079908376958
 287  -0.315898632978170622867612652966   0.000704065798203611996417534779
 288  -0.240273163037004050146695015023   0.000704068013462701308022389432
 289  -0.164647688638085819728208717312   0.000704077949710880669981539208
 290  -0.089022215172995055584028132070   0.000704086268482871705304183006
 291  -0.013396733621343223969694564881   0.000704108593451493894958840631
 292   0.062228789022949080804275915493   0.000704202093398780698269255156
 293   0.137854304135427563863816467744   0.000704286990501782269995784900
 294   0.289105337237360653905381796808   0.000704469514973713181571518262
 295   0.213479881688839709280856317345   0.000704483911916593125637466786
 296   0.364730639265673638713009048553   0.000704549454971162809148858027
 297   0.440356081335833056837291193708   0.000704560896232741891044059244
 298  -0.402543338992945963746212738143   0.002117423931578825921940321176
 299  -0.478168807655147586998151301562   0.002117423931605491795376272973
 300  -0.353711367309263736718978729578   0.022535258143056024998266232758
 301  -0.278085898647077509016246576884   0.022535258143056024998266233676
 302  -0.202460425369970031847302445691   0.022535266136271247662786545867
 303  -0.126834951906569782590139868059   0.022535274452114764642815845908
 304  -0.051209474397097407953845793590   0.022535289775819690880809652657
 305   0.024416046299483539185677825007   0.022535379902229300351611031244
 306   0.100041528816105834891906960425   0.022535408341505809716048702178
 307   0.175667147720113214007520270191   0.022535676884406388442029919325
 308   0.251292614808766188476950296993   0.022535682475545543654995294398
 309   0.478168807655147290930240143221   0.022535767117887437850178675820
 310   0.402543356997941064431372738039   0.022535770549808078747195470696
 311   0.326917965174624242211864406259   0.022535846138307498501688677643
 312  -0.440356073324039077597578814666   0.023948616276431238923789019917
 313  -0.315898632978170622867612653496   0.044366450487908438000114931655
 314  -0.391524101640347168081400885430   0.044366450487925208562909516828
 315  -0.240273163036967296039262649546   0.044366452703167527311719770852
 316  -0.164647688638026175411937375511   0.044366462639415706673678895345
 317  -0.089022215172851701725497856634   0.044366470958187697709001344549
 318  -0.013396733621343223969566093243   0.044366493283156319898656237539
 319   0.062228786458136711469309404294   0.044366586783395245449845244914
 320   0.137854301455807804552402134505   0.044366675354100229628073806757
 321   0.213479879820377474657364396874   0.044366873681928542340581122540
 322   0.440356083317255250584897295455   0.044366976771462879216322601903
 323   0.289105242746029777145023917040   0.044367059098879329601405672702
 324   0.364730683635717757624019304802   0.044367068495500138702143047761
 325  -0.478168807655147586998151301562   0.045779808621310317799073669849
 326  -0.278085898647040754908814211415   0.066197642832760851001963615083
 327  -0.429336835971440281932766961649   0.066197642832777621564758215487
 328  -0.353711367309253353591345639159   0.066197642832778835106565605662
 329  -0.202460425369910214456048225581   0.066197650825976073666483901768
 330  -0.126834951906426297703745115144   0.066197659141819590646513007021
 331  -0.051209474397097407953717321970   0.066197674465524516884507049533
 332   0.024416043734503693839883271473   0.066197764591935687885855775685
 333   0.100041524280756598585462582361   0.066197793490872265672644805538
 334   0.175667145025079491602402598172   0.066198065222754517019809957311
 335   0.478168807655147255827058600231   0.066198186425038475786276439523
 336   0.251292507757641063686421272004   0.066198250305262328912232885018
 337   0.402543412177013303133607707743   0.066198278565714393857908627722
 338   0.326917961082228248711368176638   0.066198281239747679192101932136
 339  -0.315898632978133868760180288028   0.088028835177613264003812313062
 340  -0.391524101640347168081400885182   0.088028835177630034566606913717
 341  -0.467149570302522030017924595202   0.088028835177649720651146874490
 342  -0.240273163036910317256146291484   0.088028837392873439954331804108
 343  -0.164647688637882567738401235070   0.088028847329120532677376056055
 344  -0.089022215172851701725369385004   0.088028855647892523712698741444
 345  -0.013396736186324014358971994574   0.088028877972861070561456637807
 346   0.062228781657778658637904859789   0.088028971473752570544292233980
 347   0.137854300587163786641555653285   0.088029066855885272880528561081
 348   0.213479772962343074179282526036   0.088029441846088292415962885614
 349   0.289105226495879241774375618127   0.088029473142483910469241585016
 350   0.440356136804089514595298259827   0.088029488720168691651011755552
 351   0.364730689547576762647481836157   0.088029491178418016620983733866
 352  -0.278085898646986519061676349780   0.109860027522465677005660978274
 353  -0.353711367309216599483913273688   0.109860027522483661110262987072
 354  -0.429336835971428916166558518735   0.109860027522502133652995572720
 355  -0.202460425369766408862056244457   0.109860035515680899670181061826
 356  -0.126834951906426297703616643525   0.109860043831524416650210403897
 357  -0.051209476962078198343123223302   0.109860059155229267547307449800
 358   0.024416040902322881746185998780   0.109860152691278663857929511253
 359   0.100041519479240594986063922506   0.109860178180690919648107026085
 360   0.251292491621139687436478639009   0.109860664545713040118377109403
 361   0.326917954456513933004336305690   0.109860682206964223555078362050
 362   0.402543413885509586631712733729   0.109860700832062079377446766028
 363   0.478168807655147286930076379541   0.109860791015298832845776952425
 364   0.175716255071705230452671416659   0.109945658520396974220147931865
 365  -0.478168807655147586998151301562   0.130277861733989123503220079130
 366  -0.315898632978079632913042426394   0.131691219867318090007509676252
 367  -0.391524101640310413973968519714   0.131691219867334860570304295124
 368  -0.240273163036762835700934735519   0.131691222082578265958311823526
 369  -0.164647688637882567738272763451   0.131691232018825358681073452931
 370  -0.089022217737832492114775286336   0.131691240337597274375499141711
 371  -0.013396740987050783852850417053   0.131691262662565632642586784948
 372   0.062228778510575919428660834607   0.131691359028928112714526795594
 373   0.137854353118139391056910776447   0.131691467708613853938538889605
 374   0.289105219475744231823226974655   0.131691873426543740147183164110
 375   0.364730678794406552642279629845   0.131691891860538692064264679895
 376   0.440356082622226918792332559806   0.131692006789312379803555109294
 377   0.213533957679350003535150709331   0.131785466742277705834509781274
 378  -0.440356073324054473146785225095   0.152109054078841536505068777361
 379  -0.278085898646836921941834633207   0.153522412212170503009358118873
 380  -0.353711367309162267015138559112   0.153522412212188654467544489845
 381  -0.202460425369766408861927772838   0.153522420205385725673878458702
 382  -0.126834954471407088093022544857   0.153522428521229167313010804164
 383  -0.051209481762804967837002943163   0.153522443844933829628435349808
 384   0.024416036100755404538923957123   0.153522537381008227478997354804
 385   0.100041568164520302469000955051   0.153522572372444501595718670335
 386   0.326917943837607356472506259099   0.153523083121636344018901169552
 387   0.402543345487615646941208274819   0.153523201357223702206476042116
 388   0.478168806332974845748141873113   0.153523218173183179838850500856
 389   0.175716255717848731599994338841   0.153608052637236012634186640812
 390   0.251347142908852772594064686365   0.153617463287720393812978918076
 391  -0.402543338992948158325619472028   0.173940246423671084756515237411
 392  -0.478168807655147586998151301562   0.173940246423693949506917476006
 393  -0.315898632977930035793200709819   0.175353604557022916011206816852
 394  -0.240273163036762245269854613383   0.175353606772284114618776722365
 395  -0.164647691202863358127678664782   0.175353616708530109343873853198
 396  -0.089022222538559261608655006196   0.175353625027301836456627041720
 397  -0.013396745788632695687588470186   0.175353647352270194629696342747
 398   0.062228825079573760395435106255   0.175353749555170994675048245345
 399   0.137854355367711103731614871995   0.175353864617201685260452874123
 400   0.364730608047275851429645804878   0.175354396919908440876903866291
 401   0.440356067812589810908973142707   0.175354414497271803516840660266
 402   0.213533950650931107247410405268   0.175447862460828141248803198777
 403   0.289160938527682934096794670497   0.175450517691556040130189728871
 404  -0.364730604661848534938833582911   0.195771438768512222912283147048
 405  -0.440356073324054473146785225095   0.195771438768546362508766174237
 406  -0.278085898646836921941834633737   0.197184796901875329013055515749
 407  -0.202460427934747199251333674170   0.197184804895090476336678858970
 408  -0.126834959272133857586902264717   0.197184813210933729394138704172
 409  -0.051209486564386879671749000689   0.197184828534638391615531043584
 410   0.024416084140427022551048538656   0.197184930454534791413892773419
 411   0.100041563359557139410433473866   0.197184957062149512038802460227
 412   0.478168806332974786056432115070   0.197185607216679086837994827486
 413   0.402543330852344795982049635002   0.197185609228408570154099184647
 414   0.175716350648178028018070851830   0.197270625045421795229489205111
 415   0.251347129493186375959515700383   0.197279848489690848564893837256
 416   0.326974789012830830104875485977   0.197283874018782506590252654367
 417  -0.326917870330728105897893300590   0.217602631113317324617970876699
 418  -0.402543338992948158325619472028   0.217602631113375910760212634287
 419  -0.478168807655147586998151301562   0.217602631113398775510614872882
 420  -0.240273165598234268913388105010   0.219015991468066229700829520302
 421  -0.164647696004445269962424722319   0.219016001398234671330969546992
 422  -0.089022227340141173443401063716   0.219016009717006398443722735506
 423  -0.013396702589349562164641323213   0.219016032041953650086680440770
 424   0.062228820274610693532875133636   0.219016134244876171734658815866
 425   0.137854343439718788539782155925   0.219016250971992660041925761668
 426   0.440356057295926499725094597727   0.219016816521711238278149366625
 427   0.213534158320877886865383847063   0.219110630608385944984866331374
 428   0.289160832691063945258630448926   0.219112949676888433989110416644
 429   0.364788297249468181295738325490   0.219116443810238007853901892463
 430  -0.289105135999634992046527223884   0.239433823458169737619819575759
 431  -0.364730604661848534938833582911   0.239433823458217048915980543924
 432  -0.440356073324054473146785225095   0.239433823458251188512463571113
 433  -0.202460432736329111086079731721   0.240847189584795038323774552745
 434  -0.126834964073715769421648322243   0.240847197900638291381234397948
 435  -0.051209443365103746148801853806   0.240847213224321847072515141451
 436   0.024416079335463830931230206794   0.240847315144239752387442202200
 437   0.100041550470232058260749196227   0.240847341751853049267953686396
 438   0.478168807655147394751877426704   0.240847991906384137587131482353
 439   0.175716491287685827256445038617   0.240933277032648719975015970252
 440   0.251347367849356965158212958855   0.240942876691351776649133962467
 441   0.326974774122135904018715971292   0.240946269862923257782350066181
 442   0.402601041980747937659136065855   0.240947684480397820962757068389
 443  -0.326917870330728105897893300590   0.261265015803022150621668273575
 444  -0.402543338992948158325619472028   0.261265015803080736763910031163
 445  -0.478168807655147586998151301562   0.261265015803103601514312269758
 446  -0.251292399931339084816839271454   0.261265018811945928277081042555
 447  -0.164647700805172039456304442158   0.262678386087939233412097447000
 448  -0.089022184140858039920453916843   0.262678394406689853900706833398
 449  -0.013396707394312984352891179662   0.262678416731658211701778215292
 450   0.062228807385285490080073216815   0.262678518934579497128400202712
 451   0.137854332599054512275878991275   0.262678639210103263756785826035
 452   0.213534796309042330939793128039   0.262774350995676577863196543037
 453   0.289161312947193449438655070822   0.262776203228899064277161420634
 454   0.440413800766902198227582359923   0.262778867211769614570820901876
 455   0.364788429796183199443603359310   0.262779090664814278940818652617
 456  -0.289105135999634992046527223884   0.283096208147874563623516972635
 457  -0.364730604661848534938833582911   0.283096208147921874919677940800
 458  -0.440356073324054473146785225095   0.283096208147956014516160967988
 459  -0.213479508481706029037052081476   0.283096258290618797759495582726
 460  -0.126834920874432635898701179519   0.284509582590321746838218495815
 461  -0.051209448170067168337051710254   0.284509597914026408687612915973
 462   0.024416066446138496366240341339   0.284509699833942850688053825702
 463   0.100041537580906582627529479440   0.284509726441555972779276577758
 464   0.175716862959574512045639486470   0.284596535899278590377804451491
 465   0.251347919953909687774625480216   0.284606254697626003736025247997
 466   0.326975397186167475170722606383   0.284609766367267990512954674616
 467   0.402601755539942169491468032966   0.284611253076491836730704487405
 468   0.478168806332974845748141873113   0.284709747751641545491976099140
 469  -0.326917870330728105897893300590   0.304927400492726976625365670451
 470  -0.402543338992948158325619472028   0.304927400492785562767607428038
 471  -0.478168807655147586998151301550   0.304927400492808427518009666633
 472  -0.251292270025597552548578809609   0.304927403501457504395287589057
 473  -0.174318882090989146063800817019   0.305256221746044629545520760932
 474  -0.089022188945821462108703773267   0.306340779096394415515804607920
 475  -0.013396720283638419831979996582   0.306340801421361135213074402769
 476   0.062228794495960014446831238830   0.306340903624282420639684536496
 477   0.137854206709629533713573783687   0.306341031719836808869849263973
 478   0.213535672720415253623369088852   0.306438290698533376237981105319
 479   0.289161964032115253360207089863   0.306439748270508609729952693945
 480   0.364788930862685444437710246721   0.306442288936452076354129418806
 481   0.440356754916262890570691396298   0.306542141313993997911710135674
 482  -0.212328123886530403597326839425   0.326743459235304387713015111328
 483  -0.289105066992914337122031441670   0.326758592837524858392498362648
 484  -0.364730604661848534938833582911   0.326758592837626700923375337676
 485  -0.440356073324045123470304472173   0.326758592837660840519858363863
 486  -0.136505880485430961956347644102   0.327087468599307790682692417289
 487  -0.051209461059392643970293688224   0.328171982603729332198897249749
 488   0.024416053556813020732998363360   0.328172084523645774199338159483
 489   0.100041453921290713628032526884   0.328172225709207095061299918173
 490   0.175717548436891336387071285096   0.328260144709311462799782015807
 491   0.251348758239441110262567577431   0.328270123999585954710128102935
 492   0.326976183630725823075966668166   0.328273458936333412314638987193
 493   0.402543912261561808390110371631   0.328373208122895445317115832876
 494   0.478168289965000000000000000000   0.328375483534000000000000000000
 495  -0.250140885430419881261909390236   0.348574604446143040380703673861
 496  -0.326917870330728105897893300590   0.348589785182431802629063067327
 497  -0.402543338992938808649138719105   0.348589785182490388771304823913
 498  -0.478168807655147586962401949047   0.348589785182513253521707063509
 499  -0.174318646287284932698339828460   0.348918606435112713106995796354
 500  -0.098693148556819788166350237850   0.348918665105380459360278529394
 501  -0.013396733172963895465221974560   0.350003186111064058724358736546
 502   0.062228712982143719914199651409   0.350003406608570448620953541166
 503   0.137854189201848643152849469241   0.350003416409538124730972722794
 504   0.213536669326717765826856589072   0.350102434203686610369661561247
 505   0.289163103849315368305956971012   0.350104052932752977189953404820
 506   0.364730445190258067539546040199   0.350205617309056667534170821774
 507   0.440354917048285987154259993482   0.350207397788471729234463160792
 508  -0.287953622412245662856355628741   0.370405792199791151867489495918
 509  -0.212327888082826190231865850866   0.370405843924372471274490146750
 510  -0.364730604661794660084849875101   0.370420977527331526927072701314
 511  -0.440356073324018697184053769149   0.370420977527379949054110120826
 512  -0.136505885786896854904321652566   0.370749853289012294835661620684
 513  -0.060880411937303901545437084126   0.370749870596310620769036165887
 514   0.100041421024497020295286470641   0.371834644486792572763196115766
 515   0.175718572386993444219543618578   0.371924335602267447502893973674
 516   0.251349991231450474891356669475   0.371934590052586851400229819111
 517   0.326916947610410395799416002163   0.372036930492586414394702017772
 518   0.478168506579000000000000000000   0.372039040007000000000000000000
 519   0.402541472406650309236501699953   0.372039769456021109909213383979
 520   0.023432372762558932720906600855   0.373455760185630754239579192212
 521  -0.325766357778605339892619111566   0.392236982751509179868211422335
 522  -0.250140649626715667896448401677   0.392236989135211123942178709284
 523  -0.402543338992904136340027754395   0.392252169872195214775002207022
 524  -0.478168807655142523295571640140   0.392252169872218079525404460091
 525  -0.174318651588750825646313836923   0.392580991124817217259964999750
 526  -0.098693153858285681114324246314   0.392581049795084963513247732789
 527  -0.020748429206018286832785844843   0.393042196348630427744195730815
 528   0.062135892849357138374814085827   0.393665692636843405693304052809
 529   0.137854175985681550286772371002   0.393665801099240950533880952236
 530   0.213538338966475742426127385955   0.393767656483677157178959296100
 531   0.289103006177545695722537587564   0.393868894219158771705419388448
 532   0.364727872545385640310798400785   0.393871256503559503026124172578
 533   0.440354762921000000000000000000   0.393871363314000000000000000000
 534  -0.363579092109671149889773059055   0.414068175096408884532797913156
 535  -0.287953386608541449490894640181   0.414068176888859235428964531340
 536  -0.212327893384292083179839859329   0.414068228614076975427459350145
 537  -0.440205319654644809996724998218   0.414342632917535790768597959954
 538  -0.058850144881984216878090500357   0.414365026820676640244979019753
 539  -0.136424742626000000000000000000   0.415027349895000000000000000000
 540   0.100041462284712780470843963932   0.415497029176477903663537671092
 541   0.175720399702175011393055572906   0.415589831136846613410402208525
 542   0.251291328723448950473590541825   0.415702004005353395459991157308
 543   0.402541472290000000000000000000   0.415702796426000000000000000000
 544   0.478168102371000000000000000000   0.415703578314000000000000000000
 545   0.326908830064000000000000000000   0.415712251403000000000000000000
 546   0.018814806240000000000000000000   0.416874294081000000000000000000
 547  -0.325766121974901126527158123006   0.435899367440577263429686457757
 548  -0.401391826440758097360025816500   0.435899367441271978020033709588
 549  -0.250140654928181560844422410140   0.435899373824915628095147912679
 550  -0.478168807655147586998151301562   0.435914554561922905529101856673
 551  -0.096662886802965996446977662545   0.436196206019450982989190586654
 552  -0.174714778963673853656706052616   0.436241578842972278360251183743
 553  -0.021333174174620298159159475511   0.436700665287811804260572999864
 554   0.062228587894981367261502479910   0.437327978930855622903231311843
 555   0.137854217245896471849477971328   0.437328185788926281435069058976
 556   0.213473385898759664582794897710   0.437524184786595677343741509496
 557   0.364727629685000000000000000000   0.437534356646000000000000000000
 558   0.440354624149000000000000000000   0.437534903114000000000000000000
 559   0.289096497897036932820767514404   0.437546294347412613730922833802
 560  -0.059675253644000000000000000000   0.459851702063000000000000000000
 561   0.326599335627000000000000000000   0.460422249663000000000000000000
 562   0.478114311681000000000000000000   0.461536243187000000000000000000
 563  -0.289017201682000000000000000000   0.461781277716000000000000000000
 564   0.035542142488910281990504630001   0.471885720008370482131068588737
 565  -0.423769402819933769488038646509   0.473391338744284699311263131404
 566  -0.152114891360282721286424669382   0.473599963672965373420730647033
 567   0.184681558013000000000000000000   0.478113998112000000000000000000
 568   0.273086496124000000000000000000   0.478168088438000000000000000000
 569   0.380708938754000000000000000000   0.478168506579000000000000000000
 570   0.424371925595000000000000000000   0.478168506579000000000000000000
 571   0.229423890648883702404088251012   0.478168806017554060021121378174
 572   0.078750089054498044687669642229   0.478168807655147586998151301557
 573   0.122412473744202870691367039112   0.478168807655147586998151301557
 574  -0.467169628943739956042498211278   0.478168807655147586998151301562
 575  -0.380369176696127582933579081740   0.478168807655147586998151301562
 576  -0.336706792006422756929881684864   0.478168807655147586998151301562
 577  -0.239199960230704056374984547150   0.478168807655147586998151301562
 578  -0.195537575540999230371287150274   0.478168807655147586998151301562
 579  -0.108692207179566212201562188489   0.478168807655147586998151301562
 580  -0.007665804076677480706660382222   0.478168807655147586998151301562
