   1  -0.476572435020341350309950463249  -0.476572449925872771248747366699
   2  -0.395416803160713080734767695423  -0.476572449925872771248747366700
   3   0.334981633424925750584045164839  -0.476572449925872771248747366700
   4   0.416137045657676824822350820272  -0.476572449925872771248747366700
   5   0.253826236277772105461553070326  -0.476572449883769137207177779138
   6  -0.151950201045139880555642859605  -0.476572449762248187652734419763
   7   0.091515589585362506982618125330  -0.476572449762248187652734419763
   8   0.172670831269173861426184525903  -0.476572449729896019089899183399
   9   0.010360273897877585531809639555  -0.476572449519727862243538103326
  10  -0.314261193953727072927423524884  -0.476572449114499137555663016643
  11  -0.070794835834638067870882624244  -0.476572444214941135834763787768
  12  -0.233105599959927465554029203926  -0.476572443723726799249850309374
  13   0.476517450866000000000000000000  -0.459686580632000000000000000000
  14  -0.435994622436838121684365266725  -0.453145037982227545573340142043
  15  -0.354839003077259385058055228104  -0.453145022170449076946270391420
  16  -0.273683388491882203922524164716  -0.453144997509118152980637533191
  17   0.375559339541301287703197992555  -0.453144898277524747379199783942
  18   0.213248533788234635594404979301  -0.453144891313165338836800247088
  19   0.294403935046810004902839975901  -0.453144884874471939253966994170
  20  -0.192527894929848202151591781305  -0.453144875502892878844813843075
  21  -0.111372541506284307154464719868  -0.453144816364894173346757578352
  22   0.050937931573167845540068840971  -0.453144812958388410151161847958
  23   0.132093210539499705254249395190  -0.453144749501228091378229228088
  24  -0.030217273109455774141962221596  -0.453144618499723775222234081939
  25   0.435994760118579424009913742200  -0.434133416168113692410239053112
  26  -0.395416888298907648138235694809  -0.429717349777695664046969960873
  27  -0.476572441647337950029802762279  -0.429717349777618782394092534101
  28  -0.314261340177502118154882408489  -0.429717347343248630772957780779
  29  -0.233105716452467522246547864168  -0.429717335138971742093568756386
  30   0.334981641318883741116909654818  -0.429717332956446955847910430134
  31   0.253826232755538838300951113036  -0.429717326600850644055475762280
  32  -0.151950222163343732398056347553  -0.429717219657742154954311816780
  33   0.172670913053055431796616749028  -0.429717190925737245560092884718
  34   0.091515552578775766227521162647  -0.429717113223817624667519456151
  35  -0.070794979056556224007120585160  -0.429717015209837028458123344825
  36   0.010360384838547269056960230839  -0.429716980138311529035653608577
  37   0.395417054002203886890760914483  -0.410705864519765668540691470354
  38   0.476572449925872771248747366699  -0.410705836271631928802148068758
  39  -0.435994665388416154417236745988  -0.406289888051423852647482040996
  40  -0.354839119314439901546693816977  -0.406289881131255519408912073762
  41  -0.273683559758947411637512844211  -0.406289879012352013935646462505
  42   0.294403939025137250752663528412  -0.406289774687113045170784038691
  43  -0.192528006213731715639957086130  -0.406289768136843134590674803786
  44   0.213248612294719232328075248851  -0.406289626593367430731381394816
  45   0.132093255353453337134109780970  -0.406289554675691543407037818347
  46  -0.111372652201627701373025189981  -0.406289405782933770100008177950
  47  -0.030217318699520138866386109675  -0.406289383150272809587454310569
  48   0.050938007265063240729467752570  -0.406289282388640053155886776000
  49   0.354839355852074514734162786256  -0.387278299073481195205073821445
  50   0.435994743809497234129594538983  -0.387278284623283904932600486001
  51  -0.395416938727656924870033997888  -0.382862249629468344025182585273
  52  -0.476572449925872771248747251871  -0.382862249629365056232877428933
  53  -0.314261441380793537112986033462  -0.382862245572355053832267071737
  54  -0.233105899124821632305072144834  -0.382862223903996580716898618727
  55   0.253826318563082219445134276992  -0.382862074681769633036063195677
  56   0.172670954853758957273196295731  -0.382861990636936911973933552888
  57  -0.151950426354916468449299885454  -0.382861965370416297717448920305
  58   0.091515711497849895492134563487  -0.382861720997327662465186534334
  59   0.010360314228071203092843285982  -0.382861704065318146801183935330
  60  -0.070772405589389331491206151336  -0.382822696500205792684852019653
  61   0.314261653559839981208884948890  -0.363850740801528499685636948962
  62   0.476572449925872771248747366700  -0.363850732974935881063052903243
  63   0.395417045690318503282636554195  -0.363850719123391395304043880060
  64  -0.273683683028446978642099021895  -0.359434761147103917310712137000
  65  -0.435994691298676096526513289998  -0.359434754184918470536986073897
  66  -0.354839191666894858449420999475  -0.359434746424989999627854240296
  67  -0.192528234146912801601586561505  -0.359434569637801485548042323676
  68   0.213248661112775115212680269083  -0.359434438741528218181667673646
  69  -0.111372690911352867778005997130  -0.359434293715711280505153907418
  70   0.132093415866570149489890943904  -0.359434149514756507600408002244
  71   0.050938017088715732911971810066  -0.359434146156078706234843705048
  72  -0.030190263996727116250033723844  -0.359387227565106342624485642610
  73   0.435994752073607663372368855511  -0.340423167012735827171709649623
  74   0.354839343391698948979677606073  -0.340423160862497875022608353651
  75   0.273684033099409450180440955859  -0.340423040793371394540295710703
  76  -0.395416965299394462596604547648  -0.336007149481221420998471200713
  77  -0.476572446887606059840908521388  -0.336007149481110697236880316630
  78  -0.314261485640753385479836924434  -0.336007143800896798696182953152
  79  -0.233106007928704333025258670724  -0.336007115319223038628552781767
  80  -0.151950467219322047717875518494  -0.336006851219122637132519753574
  81   0.172671126045817651116385654273  -0.336006590829421733039182434587
  82   0.091515717481410836791021910935  -0.336006584475555481151827207611
  83  -0.070772488883187293880731649950  -0.335967503387618587175715141462
  84   0.010388814380863886201349075098  -0.335957293547527100698208871785
  85   0.395417049793662005096694262055  -0.316995608719498185295752027435
  86   0.476572449599397737468920729325  -0.316995600450238158909094483923
  87   0.314261722928829167159848695002  -0.316995460858565640129065586468
  88   0.233106375648727159132791448308  -0.316995404853779819136452932239
  89  -0.435994704435756321060949668087  -0.312579642120089142201598475347
  90  -0.354839227389985033394444360860  -0.312579640207458996173024889893
  91  -0.273683757192460820363332111728  -0.312579617030628529426859252064
  92  -0.192528272208911402585741719038  -0.312579453957674864560902711366
  93  -0.111372808527443787780510870935  -0.312579160831409172268633383297
  94   0.132093423597817935382505984730  -0.312579032827262123351009153300
  95  -0.030190268140446522746436270313  -0.312532125409427855437176452864
  96   0.050966864883061337241740632715  -0.312529127993639048379696042643
  97   0.435994747167532889172272538533  -0.293568041765634046417943736409
  98   0.354839430580578049706434411244  -0.293567906550892004930304404211
  99   0.273684065475278018943217056912  -0.293567824923943046819469107380
 100   0.192528840651711935580477171156  -0.293567556820531873660141906776
 101  -0.395417005748180460833677050052  -0.289152049332984422686999083956
 102  -0.476572449925872771248746629318  -0.289152049332856338240883204328
 103  -0.314261517833873530942066403076  -0.289152042029901549583942726622
 104  -0.233106047605343073754062684350  -0.289152005433211116608415081495
 105  -0.151950557034930355516043671835  -0.289151679616271442124140266314
 106  -0.070772228240565066028169477691  -0.289111941700096311205570331091
 107   0.091544700315619004630941123011  -0.289101352999676662858642095228
 108   0.010391141622100934375681375337  -0.289098142274875277684914960706
 109   0.476572449697456694745220907366  -0.270140483037357734544283966052
 110   0.395417130711310301316550862544  -0.270140333269556029264159004591
 111   0.314261776933694851146181011196  -0.270140264022960571138438843859
 112   0.151951138058721477093261956126  -0.270139999069503485529997778675
 113   0.233106535098749738995825287642  -0.270139968887914491933104880161
 114  -0.354839274408381636758300958446  -0.265724535660766856203782200810
 115  -0.435994727745791807997001157625  -0.265724520482265326911896798682
 116  -0.273683792760911990758576223716  -0.265724507036882087779221294348
 117  -0.192528359656541506564219569283  -0.265724292085402448309068171993
 118  -0.111372812275909015670295125092  -0.265724058359898508720908648448
 119  -0.030190274965506457276724611150  -0.265677018526301245407669006227
 120   0.050968847971319855642234286073  -0.265670590817524155237981345851
 121   0.435994834580293373659943954786  -0.246712772448506431434546864925
 122   0.354839475491665332891256154759  -0.246712691604499589090069665945
 123   0.192528827866054038200146205183  -0.246712419173089642218451996134
 124   0.273684252469366060934824534610  -0.246712397746883412932346460139
 125   0.111418420790703681308438857014  -0.246634696672514697192435446189
 126  -0.395417011436477683648906191475  -0.242296949184730310469480859400
 127  -0.476572449147112128304149136478  -0.242296949184601887210118869670
 128  -0.314261587537864054418090407254  -0.242296940381885367400059991307
 129  -0.233106137756905896698752199319  -0.242296863641602205360451869563
 130  -0.151950544337092730643462874401  -0.242296549416139917892992368659
 131  -0.070771414663653944847573525133  -0.242255415022219956165937593015
 132   0.010393291742363909894436384872  -0.242239315849785220085635163847
 133   0.395417181491166396223923680020  -0.223285126401965692757322691036
 134   0.476572447832519260834763787768  -0.223285048373141808274621587087
 135   0.233106534767568497446952571667  -0.223284866165084626508369424048
 136   0.314261965121812075108106279519  -0.223284798867716346886267608017
 137   0.070826615774919687489911148912  -0.223231582019470579638054968411
 138   0.151996110598036242415323106071  -0.223207116776100853880889663648
 139  -0.435994730671803858133587927781  -0.218869415622576816288243389147
 140  -0.354839301484924459268236820094  -0.218869400106287794847922221916
 141  -0.273683884050783152219008124738  -0.218869379244933716247715684694
 142  -0.192528354165242522857672377634  -0.218869175213373087682090040087
 143  -0.111372819139835166196939182130  -0.218868958162223263450937385412
 144  -0.030190275061600218892639684020  -0.218821918142714187071221052805
 145   0.435994790238847101400765125201  -0.199857395751834783026470275901
 146   0.273684233203044779462104700404  -0.199857289670217523906406315935
 147   0.354839680535215241505159597044  -0.199857217049975431493164143913
 148   0.030254167879105270563797022822  -0.199794925226225106636969263166
 149   0.111418393885925059586615228503  -0.199779583480113252108545851666
 150   0.192576103559541118837253825375  -0.199775622111004214362235970336
 151  -0.395417020006369756891488215756  -0.195441849036476636692225508445
 152  -0.476572449925872771248744810997  -0.195441849036347436179354535012
 153  -0.314261596657445142238391714366  -0.195441837875835806205958272877
 154  -0.233106134909068458992423872684  -0.195441751575464013419482302563
 155  -0.151950540623311059734301932111  -0.195441433130491597081886505471
 156  -0.070771299523132598099481891298  -0.195400114976530214597763858140
 157   0.476572446892234556508037077256  -0.176429744898613478410585223788
 158   0.314261954383970745850028089341  -0.176429696857417523446334316154
 159   0.395417283777671103904129125778  -0.176429473613540299480788833437
 160  -0.010332504576463940325536914762  -0.176382910599386723283180503231
 161   0.070831854025842613867102845690  -0.176367338989486265388407984945
 162   0.151996119379253758378298720384  -0.176352016627847219232041935631
 163   0.233154200754898303674474251143  -0.176347356107369127294649147462
 164  -0.435994735182841104638952392297  -0.172014311095863521651097680196
 165  -0.354839311605110820121109939997  -0.172014299360350635206640864385
 166  -0.273683886350969327183538061034  -0.172014277422543577505960665500
 167  -0.192528350769935653853106511055  -0.172014061668728221930946015621
 168  -0.111372819130796908242844015470  -0.172013857998308893248964678330
 169   0.354839602699402403886438598298  -0.153001865599336518907993780388
 170   0.435994942244661660776586735501  -0.153001816825250537768176085009
 171  -0.050902737919157224811233240752  -0.152942420493111791350067445668
 172   0.030254143471673067471372989106  -0.152939795027623931720027237474
 173   0.111418877004290168254986022961  -0.152923661774242707772394386956
 174   0.192576079970699833507120167373  -0.152920520471821167935549266943
 175   0.273733082464834382810028175636  -0.152917761971822707691852648350
 176  -0.395417021303114429181395621723  -0.148586748888222197133836675185
 177  -0.476572449697446126946465983413  -0.148586748888092979233658790342
 178  -0.314261599562246972207840145652  -0.148586737392233353677031653933
 179  -0.233106135736695586125129325207  -0.148586646593770709076674303776
 180  -0.151950537669588251931832307458  -0.148586327866227445320323907252
 181  -0.091515022434951239675109796006  -0.129574862719327373356759247060
 182   0.395417270891493628481460610489  -0.129574189914927212135424994690
 183   0.476572440977435416971042985820  -0.129573857570344698770127220493
 184  -0.010325055075529388797919394538  -0.129514828535232166765607219320
 185   0.070831863241823131621922161109  -0.129512238841232714236509534851
 186   0.151998640495792667050170296281  -0.129492505036012347113037044451
 187   0.233154194645318693701766632884  -0.129492253967175682784571996115
 188   0.314310680584468045530193288934  -0.129490016774218635464078215187
 189  -0.435994735833633413137502652947  -0.125159210053347735014456761528
 190  -0.354839313499644422317885087580  -0.125159198598645515394047607724
 191  -0.273683888614365542605416934482  -0.125159175938539862084172961350
 192  -0.192528345918969024918685232878  -0.125158953118308280040583283922
 193  -0.132092740973742583364098087995  -0.106147332587245925428118475984
 194   0.435994774435659121215159707482  -0.106146178600083124446765399764
 195  -0.050901909009861261370762712156  -0.106085800926412143027814061882
 196   0.030260051454820520791558191703  -0.106074480880561840804874062352
 197   0.111418857272424419294842403712  -0.106068550367153747182985323449
 198   0.354888331372473172205895970881  -0.106062366027731693829000584148
 199   0.273735123174775524472377952576  -0.106058700061438020900855193146
 200   0.192585934254741053602519927854  -0.106048346659708630215174090727
 201  -0.395417022897326353986917974926  -0.101731648739967766752302798577
 202  -0.476572449925872771248747366700  -0.101731648739838522287963045673
 203  -0.314261601767046971216927134681  -0.101731636477434274590647223489
 204  -0.233106132868556362543793801030  -0.101731541477735298577587022090
 205  -0.172670546477645088676009725254  -0.082719953083972102540975438074
 206  -0.091515056617082594107634691506  -0.082719743250008812263996007998
 207   0.476572436464351638398014776346  -0.082718474106248678362417441482
 208  -0.010324195404448236915391563126  -0.082658261784198549788175724813
 209   0.070837936024508899564166636222  -0.082646567717514142137382425912
 210   0.151998644248434852539121149538  -0.082637399393756716855187615231
 211   0.395465804723733404168658953447  -0.082634401413434677258354781547
 212   0.314315000853248690985656993450  -0.082627198057577754182965879257
 213   0.233165615091684388661236940323  -0.082616932602574198772646665750
 214  -0.435994736411562252978559394570  -0.078304109905093281076149873153
 215  -0.354839315747684192887959141512  -0.078304098450391111820386736657
 216  -0.273683887906542917224509310927  -0.078304074564299871302459599108
 217  -0.213248335984402749866916649468  -0.059292545872583499353564114840
 218  -0.132092755690667278140200600277  -0.059292179403194531078317639065
 219  -0.050899067857669694153280095984  -0.059225802773079690053144644229
 220   0.030260024913229767465324185610  -0.059219369961469236098748490675
 221   0.436043439891401975553044125113  -0.059206721490595097092945317535
 222   0.111423614913599648822883109231  -0.059205209243074000529329101529
 223   0.354893425518783840920339634786  -0.059197519833614767012606209698
 224   0.192585684186480931018452215336  -0.059193216184765389777464375321
 225   0.273747684212378244720077206822  -0.059181639614180410242933276425
 226  -0.395417022897326353986917974926  -0.054876548591713309249797531976
 227  -0.476572449925872771248747366699  -0.054876548591584064785457779072
 228  -0.314261601756592184130701779406  -0.054876536311071582398124476121
 229  -0.253826090964370525450554614636  -0.035865078858656123556178407854
 230  -0.172670571435630549769476910001  -0.035864817638139429284820219807
 231  -0.091515033052578881414083401364  -0.035864643101760280325980717942
 232  -0.010318631561518265702766900268  -0.035793463804525605023667850912
 233   0.070837941252471295424769487803  -0.035791460296295081518207156644
 234   0.152002446657929876455727045835  -0.035775226028882702965543786353
 235   0.395471894376839660657459594497  -0.035768400430972953011164795270
 236   0.233165527894004881024724056280  -0.035761775720142499309068193216
 237   0.314326898759207731935754104240  -0.035750570854002595617791790035
 238   0.476572438198372667470554886409  -0.035694992021850093902343822354
 239  -0.435994736411562252978559394570  -0.031449009756838823573644606552
 240  -0.354839315747555237169530977033  -0.031448998301913296458897135212
 241  -0.294403805055866208905565443945  -0.012437541023625581744649847310
 242  -0.213248365893345325944078953356  -0.012437419002131912046156852316
 243  -0.132092728153772964958977793963  -0.012437072374570391861091063716
 244  -0.050899099613323966463045451113  -0.012370695446539901793951524280
 245   0.030265663048906245198765568717  -0.012354508266982206125574038589
 246   0.111423366325033818780549058331  -0.012350035799482066501183877509
 247   0.192585600643395681818000101566  -0.012338050334285515901265820813
 248   0.273747212017209279532565875236  -0.012326396260243014488026600645
 249   0.354906161961566573448934070205  -0.012320042368032148257912741485
 250   0.436002102560714375531296433798  -0.012254588306851950969082372692
 251  -0.395417022897326353986917974926  -0.008021448443458851747292265375
 252  -0.476572449925872771248747366699  -0.008021448443329607282952512471
 253  -0.334981519051714812259323780568   0.010989996977070677013663576748
 254  -0.253826120699133277495690153715   0.010990048313485192186065066304
 255  -0.172670544554444630700629613392   0.010990288254752247802306403024
 256  -0.091515039273896719109654967199   0.010990509128242111338829544136
 257  -0.010317133628246593900338310451   0.011064227083150595743964345222
 258   0.070843221502796729082868745527   0.011073301559871801338685229714
 259   0.152005358039422121117309548568   0.011085128964070032957863369576
 260   0.233165480885024047084520307990   0.011094236321101769366459132071
 261   0.314326767652841395315220172946   0.011104638855078779450962859602
 262   0.476571708113000000000000000000   0.011190063383000000000000000000
 263   0.395435183685828295435941707162   0.011191760035937702870518267827
 264  -0.435994736411562252978559394570   0.015406090391415633928860660050
 265  -0.375559226201485929076710779664   0.034417546835525121725268444502
 266  -0.294403834694981880849448490366   0.034417586314181450944378490312
 267  -0.213248342328801545304250956761   0.034417681146116619871707332123
 268  -0.132092732060753600366445610967   0.034418084109799835209077691863
 269  -0.050898889537169380237869826068   0.034484764361368682832295646911
 270   0.030266195723957741079093913605   0.034502062082456593498378847407
 271   0.111425034003530393604930430105   0.034508167284659592400665882462
 272   0.192587605253092763407516157278   0.034521548184425854352623659059
 273   0.273748311565103941354977575000   0.034530973927564013020055417742
 274   0.354856300810778149715852256857   0.034617419832294960217276604541
 275   0.436003647452000000000000000000   0.034635801536000000000000000000
 276  -0.476572449360949571898348155960   0.038833651704924846813965954033
 277  -0.416136939715721828068352199308   0.057845085670399607401421369927
 278  -0.334981541844752997666835489472   0.057845136172635895655983358049
 279  -0.253826097134589496855862157120   0.057845148461733724103929250742
 280  -0.172670562894485392459313420631   0.057845419744862256971550137163
 281  -0.091515017520414428580267180001   0.057845643918209676033225949736
 282  -0.010314034546169998976333242437   0.057925261855601072229353334735
 283   0.070845575983362149640166699152   0.057932705423895862016818108534
 284   0.152005168100806981414871455549   0.057940957358050188259528864884
 285   0.233166577976249392293745586092   0.057951602266500556749597855505
 286   0.314277455896208135645622808969   0.058043140099375107749459527890
 287   0.395423334515000000000000000000   0.058064444590000000000000000000
 288   0.476571209628000000000000000000   0.058082353402000000000000000000
 289  -0.375559255358988896658476909116   0.081272675007510381332136283474
 290  -0.294403811130438100209620493771   0.081272686462429982862242674751
 291  -0.213248366409838403264207385943   0.081272802692437936280201481986
 292  -0.132092718420802492072654188962   0.081273206122532493722709494090
 293  -0.050897243493333334499730150081   0.081343294245526548272769782239
 294   0.030267762971721148083335332645   0.081360093895347495098147079787
 295   0.111428227229560412118787078309   0.081369888216923823652038763233
 296   0.192589143982128406711566228000   0.081379707701688695943835712926
 297   0.273697367718578660009082876596   0.081466706606884215001630395784
 298   0.354842396242000000000000000000   0.081493507949000000000000000000
 299   0.435990848040000000000000000000   0.081512159321000000000000000000
 300  -0.476572449925872771248747366699   0.085688751853179300910884420536
 301  -0.432549434702803084179702332106   0.101731648741594730600662407519
 302  -0.334981518280209217027007492877   0.104700236320884427573847542488
 303  -0.253826122322800720796483199136   0.104700268090363648760655560912
 304  -0.172670549668532325636800559281   0.104700543971708004851785079010
 305  -0.091515178141795454669870256117   0.104701046531833134180594330496
 306  -0.010311444408382096253757925555   0.104785065841914205362936926975
 307   0.070845296385663880803405030196   0.104788441847049696672746051440
 308   0.152008612911951465426733907976   0.104802419562823967963107772778
 309   0.233119234367592852505644985258   0.104893659558030521791167840660
 310   0.314259653772000000000000000000   0.104921399701000000000000000000
 311   0.476569952323000000000000000000   0.104940521091000000000000000000
 312   0.395408199636000000000000000000   0.104943078103000000000000000000
 313  -0.391971692524640194035489123816   0.125159259702454494671033015247
 314  -0.294403829472571837613870198242   0.128127817948818093472260428649
 315  -0.213248357019693252351926872137   0.128127920609407221172704166636
 316  -0.132092992038207392941772411916   0.128128428231929687969540559243
 317  -0.050895547689718612560924403609   0.128201556112639303654287900816
 318   0.030271124331750987107840619432   0.128222167396850801254651084603
 319   0.111430123680978731548214314832   0.128228697247408983071519810951
 320   0.192539856715094789062592109053   0.128318456688926915957359930096
 321   0.273679752412258979819403396455   0.128351122272884155769282760823
 322   0.435987957496000000000000000000   0.128369666052000000000000000000
 323   0.354824970193000000000000000000   0.128372594617000000000000000000
 324  -0.476572449925872771248747366700   0.132543852001433758413389687137
 325  -0.432549434702803084179702332106   0.148586748889849188103167674120
 326  -0.351393985499387969425537479845   0.148586809776581988511756411980
 327  -0.253826122881606621593629921974   0.151555368775152735156308198286
 328  -0.172670824186209634735455144083   0.151555773321390759372644190894
 329  -0.091515248817301680595746292596   0.151556239683568669721904784711
 330  -0.010311670520215271209426785861   0.151640956662210973366709695902
 331   0.070850516434154282335166821202   0.151653009586532957680758177347
 332   0.151961282827347926562874906513   0.151744621766455406066396470501
 333   0.233098305633670626938057474321   0.151779472263086419398182657211
 334   0.476569113320000000000000000000   0.151801319894000000000000000000
 335   0.395404777272000000000000000000   0.151801438792000000000000000000
 336   0.314242603136000000000000000000   0.151805130230000000000000000000
 337  -0.391971692436526809900564371225   0.172014360003326339841037804042
 338  -0.310816248881661870353837271096   0.172014409284248550504777394020
 339  -0.213248680985622914856230068936   0.174983378060643064422931586979
 340  -0.132093085799818124057226568237   0.174983584348104804962089943052
 341  -0.050893963024261478446612816730   0.175060616467676306199565981223
 342   0.030274137916646090066899474314   0.175082943039951782276979839001
 343   0.111382868005158444214192748507   0.175171130905651669437861066433
 344   0.192517351913484486238330680088   0.175209715023038801250458982481
 345   0.435987521519000000000000000000   0.175232035081000000000000000000
 346   0.273660480665000000000000000000   0.175234620541000000000000000000
 347   0.354818221080000000000000000000   0.175240854651000000000000000000
 348  -0.476572449925872771248727225976   0.179398952149688215916512859390
 349  -0.432549434702803084179432814531   0.195441849038103645605672940721
 350  -0.351393984695531495522736987902   0.195441909924836439118691841030
 351  -0.270238539527603193756868323136   0.195441961143906651822991428165
 352  -0.172670947451319542488035549447   0.198410882219687118043479441325
 353  -0.091515717870126923343504529793   0.198411761205318643943386306120
 354  -0.010304965384670416779281759740   0.198508128378139542734572844935
 355   0.070805205769339542877732959456   0.198598842322448406732326549268
 356   0.151937168143286725323747532791   0.198639345066234720044078629118
 357   0.476569247236000000000000000000   0.198661511987000000000000000000
 358   0.395404442086000000000000000000   0.198663360691000000000000000000
 359   0.233079247428599198592613162233   0.198664834297086316662049806218
 360   0.314235433586000000000000000000   0.198672188009000000000000000000
 361  -0.391971691458825748618545175716   0.218869460740145369191923516974
 362  -0.310816200443397293183649310903   0.218869591083967013964739740762
 363  -0.229660278152726163407981666387   0.218870284470733203256075020098
 364  -0.132093684598460819261634987351   0.221839226293814385872659006993
 365  -0.050892913226038564873290636248   0.221918014459210108508171312782
 366   0.030224935424170069057207167580   0.222022062027225206595957004152
 367   0.111357279357764487246654888512   0.222070811297717210258924843796
 368   0.435985304199000000000000000000   0.222091347124000000000000000000
 369   0.192497409245147544443517376212   0.222097226109043281756796043445
 370   0.354815098651000000000000000000   0.222102067580000000000000000000
 371   0.273653063258000000000000000000   0.222103472259000000000000000000
 372  -0.476572449885122597204934372217   0.226254053798314719689251432155
 373  -0.432549434087594158968460503834   0.242296949186358099069322026653
 374  -0.351393983813261212743816611925   0.242297010073090888314728341031
 375  -0.270238438334147096497404061072   0.242297061292659420945883672722
 376  -0.189082523550776883660110130672   0.242297794732572766086065635473
 377  -0.091515971424206874886960637877   0.245266890177467564881725914480
 378  -0.010364062248052476670618932939   0.245430110469197978044623207012
 379   0.070776438143395127869476365553   0.245495056923844426594833353383
 380   0.395403202961000000000000000000   0.245521413639000000000000000000
 381   0.476570273385000000000000000000   0.245523426254000000000000000000
 382   0.151917780613249987787820270939   0.245528311464202778634125985818
 383   0.233071013122000000000000000000   0.245533976402000000000000000000
 384   0.314233853304000000000000000000   0.245534619758000000000000000000
 385  -0.391971659505295048817353760258   0.265724615306280330145162764551
 386  -0.310816130849401142045754486769   0.265724694274806985904448648579
 387  -0.229660098422818082644790399670   0.265725582142777429783218909547
 388  -0.148503177873178433968686707104   0.265726926856370516329673179554
 389  -0.050987150123185023725967072379   0.268778948203033369343020968371
 390   0.030187908372775239803259522694   0.268903974841855099376046847862
 391   0.435986789797000000000000000000   0.268954582799000000000000000000
 392   0.111335213930339015443418571533   0.268955480403553787397264654475
 393   0.192489953073000000000000000000   0.268967702981000000000000000000
 394   0.354810922875000000000000000000   0.268968994051000000000000000000
 395   0.273646647869000000000000000000   0.268971881366000000000000000000
 396  -0.476572449744825006927216864814   0.273109154877475104455808127985
 397  -0.432549433578274460830242562056   0.289152049334612553803648865603
 398  -0.351393918431663265844411978519   0.289152110221299729082485775349
 399  -0.270238371056621348697093477502   0.289152161580933659115607235762
 400  -0.189081816593199655727039590398   0.289152906093321467086883917472
 401  -0.107925492922822741122492744877   0.289154587952730840367502212603
 402  -0.010416531136524420317911895732   0.292285294298438488678796497197
 403   0.070742742161672624254425549884   0.292371203029923992453496274557
 404   0.476569776259000000000000000000   0.292382879481000000000000000000
 405   0.395403100985000000000000000000   0.292384132031000000000000000000
 406   0.151906977680276195315375692678   0.292393494893231061634863900964
 407   0.314229821587000000000000000000   0.292401275352000000000000000000
 408   0.233066428175000000000000000000   0.292405272675000000000000000000
 409  -0.391971617657667173940532476939   0.312579751666439397573530395265
 410  -0.310815923723127563752055470987   0.312580038339424901859406410818
 411  -0.229659677689227599477256628418   0.312580703025744126409250686920
 412  -0.148468586441857071286370804761   0.312642051161637506000428078857
 413  -0.066845526974196012092464423606   0.312868806223434699121659810383
 414   0.030133693348641799503171946082   0.315765333818676127736089061989
 415   0.435984736989000000000000000000   0.315814229619000000000000000000
 416   0.111311619410510600480663980062   0.315814289644207542475048105346
 417   0.192480411061000000000000000000   0.315833034826000000000000000000
 418   0.354807581587000000000000000000   0.315834454113000000000000000000
 419   0.273639262444000000000000000000   0.315846978946000000000000000000
 420  -0.476572449114192685804816348631   0.319964307187513633433045686322
 421  -0.432549413117868538822562585620   0.336007149482862544042087160164
 422  -0.351393855014960609354860619647   0.336007210369511270465261296003
 423  -0.270237966348665185336419074415   0.336007262313731334773528201725
 424  -0.189081821797211733076222238911   0.336008013395885709422321243788
 425  -0.107588116910732653618058517252   0.336008509062344764823925100170
 426  -0.026306736165488108579025233878   0.336363695769137379647632893271
 427   0.070697698445101124986371531480   0.339226398885294049494572525393
 428   0.395402657113000000000000000000   0.339243778905000000000000000000
 429   0.476570273385000000000000000000   0.339244595680000000000000000000
 430   0.151882354939000000000000000000   0.339254730814000000000000000000
 431   0.314227686489000000000000000000   0.339267522013000000000000000000
 432   0.233055506946000000000000000000   0.339272183086000000000000000000
 433  -0.391971479743954406860359609179   0.359435027648631335246702166101
 434  -0.310815684275269751249790961027   0.359435140271556214393664701234
 435  -0.148393776261983242449017945933   0.359497110065787906128966406111
 436  -0.229623875661409379881157581744   0.359497282404327135905127664028
 437  -0.066965758110674074783076141737   0.359737847905070913876329990859
 438   0.014513623023097814905736250827   0.359940162511587309673463307932
 439   0.111282844097000000000000000000   0.362671124501000000000000000000
 440   0.435986293718000000000000000000   0.362676010885000000000000000000
 441   0.192455121481000000000000000000   0.362694149437000000000000000000
 442   0.354804220718000000000000000000   0.362702823238000000000000000000
 443   0.273550338386000000000000000000   0.362851341983000000000000000000
 444  -0.476572444214941135834763787768   0.366819470060547726603558751110
 445  -0.432549378874826436073729360952   0.382862249631104488649211341240
 446  -0.351393614627481565179207052915   0.382862310517149080688188108743
 447  -0.270237785343162216077747581879   0.382862362788885339130328943650
 448  -0.189007012148777426979549897584   0.382863059278998835916639045711
 449  -0.107780617107432695869549549736   0.382863231670607629758493609261
 450  -0.026149863680631507597969244072   0.383218558135007973557036887866
 451   0.055070470720017518752604905295   0.383403865751254906398358669462
 452   0.476568970798000000000000000000   0.386104529353000000000000000000
 453   0.395403032748000000000000000000   0.386105899521000000000000000000
 454   0.151858625023000000000000000000   0.386112088056000000000000000000
 455   0.314216268450000000000000000000   0.386133784743000000000000000000
 456   0.232950657474000000000000000000   0.386270499172000000000000000000
 457  -0.391971477238286660656966941392   0.406290127797111124723038207563
 458  -0.310779588489396452347291085358   0.406351991796785057303222436821
 459  -0.229549049869019004865292719795   0.406352324412210869210946614732
 460  -0.148283831258453388489732935084   0.406419390711197235947421062474
 461  -0.066758493360945569264101930458   0.406592509107683461970328187855
 462   0.014874401357747057162017721830   0.407498864600580904864975462965
 463   0.101944078998000000000000000000   0.408589719647000000000000000000
 464   0.435980841417000000000000000000   0.409544433925000000000000000000
 465   0.354792578506000000000000000000   0.409572448734000000000000000000
 466   0.272775150613000000000000000000   0.411050568186000000000000000000
 467  -0.476572449114192685804816348631   0.413674614177783731087343658779
 468   0.187148177149000000000000000000   0.417751966489000000000000000000
 469  -0.432549373895588681399734361099   0.429717349779358681582773855356
 470  -0.270162760948587025555693765398   0.429717403328610612946502373840
 471  -0.351393615942846649023995313922   0.429717410665403519727545304765
 472  -0.107509361537425331456124853716   0.429717565282995754481575392011
 473  -0.188935703401268622207578919261   0.429718106788214884235122570550
 474   0.060248346624358119632370528791   0.429972018495178589312131617370
 475  -0.026183834807386423386631701127   0.430073745365999184385462541656
 476   0.142518576885000000000000000000   0.432031783388000000000000000000
 477   0.476570273385000000000000000000   0.432963982564000000000000000000
 478   0.395395420774000000000000000000   0.432965292848000000000000000000
 479   0.314187826307000000000000000000   0.432993380941000000000000000000
 480   0.231426770052000000000000000000   0.433103673745000000000000000000
 481  -0.391940233545928968204808835617   0.453198726873239269817835628660
 482  -0.310704563526012153301449551299   0.453207031969269029158572525918
 483  -0.148012564500348776517365349569   0.453273721092497121151360749306
 484  -0.229437577088671265691981567693   0.453276522182272072121444661210
 485  -0.065368076970221425561599809934   0.455764211724000173953230016238
 486   0.022476848714000000000000000000   0.457706145857000000000000000000
 487  -0.476572395010000000000000000000   0.460530180084240008082937271074
 488   0.111224945237000000000000000000   0.466916670394000000000000000000
 489   0.203586062994000000000000000000   0.470796911074000000000000000000
 490   0.365561230961000000000000000000   0.476517449523000000000000000000
 491   0.296950665800000000000000000000   0.476567691018000000000000000000
 492   0.250089959451000000000000000000   0.476570160339000000000000000000
 493   0.459412316856000000000000000000   0.476570273384000000000000000000
 494   0.157082317616000000000000000000   0.476570336271000000000000000000
 495   0.412554101923000000000000000000   0.476570373405000000000000000000
 496   0.065372146808000000000000000000   0.476570868325000000000000000000
 497  -0.020414295536400038278319873660   0.476572414587980890961265764924
 498  -0.107349287242566273563156871220   0.476572436464351638398014776346
 499  -0.188664390786679226120704043261   0.476572445707550064632617172269
 500  -0.270090994473868036912581904975   0.476572449313140042899737068760
 501  -0.432548970051288798432721835128   0.476572449925872771248747366699
 502  -0.351318079178023544950587842665   0.476572449925872771248747366700
