   1  -0.468297878641193591509882891044  -0.477251964606903289807110337653
   2  -0.389496401659322815985108755505  -0.477251964606903289807110337653
   3  -0.310694980205982415016451772158  -0.477251964606903289807110337653
   4  -0.231892674957378591161619918825  -0.477251964606903289807110337653
   5  -0.153090344607301129234325062702  -0.477251964606903289807110337653
   6  -0.074287787918929514387220374750  -0.477251964606903289807110337653
   7   0.004507042674045316373092632412  -0.477251964606903289807110337653
   8   0.083305342288482515438267510480  -0.477251962022960707350675535510
   9   0.240852292005259662469213249016  -0.477251933861272517499697534129
  10   0.162081761904077369354862089403  -0.477251925292264175805539520015
  11   0.319650980568000000000000000000  -0.477251712754000000000000000000
  12   0.398451117891000000000000000000  -0.477251603097000000000000000000
  13   0.477251366276000000000000000000  -0.477251410845000000000000000000
  14  -0.113689066214285673145201520328  -0.454504838949488503696302501610
  15  -0.192491509782339860197972490763  -0.454504643010028691566610399491
  16  -0.271293827581680503089035845492  -0.454504621270619183162293684256
  17  -0.428897140150258203747495823275  -0.454503903956569930552248401318
  18  -0.350095690918044969215316194059  -0.454503855842289878846569082234
  19   0.043906191736599201059065438875  -0.454501151205746220095874772093
  20   0.437851611329000000000000000000  -0.454500458189000000000000000000
  21   0.359051470639000000000000000000  -0.454500449403000000000000000000
  22   0.280252031666158533672088674155  -0.454500131266189223018558433155
  23  -0.034890372622442099007063871169  -0.454498148994166558899526826395
  24   0.122693559776201828762955319541  -0.454482120489973284603838468782
  25   0.201467017407588665397066160911  -0.454476889541043036408109682516
  26  -0.477251964606903289807110337653  -0.432645722874372146060103915475
  27  -0.153089294044363059034505274075  -0.431755893832839295852247606208
  28  -0.310694609304687142959038187045  -0.431755893822221733725869186424
  29  -0.231892304056083319104206333712  -0.431755893822221733725869186423
  30  -0.389496429423587982665465467631  -0.431755795217257632023694573703
  31  -0.074291650917990103834840806173  -0.431751023336419598202561263211
  32   0.477251324613000000000000000000  -0.431749387100000000000000000000
  33   0.398451136790000000000000000000  -0.431749328107000000000000000000
  34   0.319651754402793657123133186284  -0.431749022204913034818811096810
  35   0.004508776438301394606236411683  -0.431747335596144116371688121120
  36   0.083294380609296037538481775357  -0.431731359224159644416372329208
  37   0.240866267419268225581158210603  -0.431726031352118927916337758276
  38   0.162078719578164233868232948954  -0.431706999840030672522488390549
  39  -0.437851193126546997588520178003  -0.409897655601881591153712462096
  40  -0.192490459219401789998152702137  -0.409008572235964697611747668046
  41  -0.271293456680385231031622260379  -0.409008550485937627081052533027
  42  -0.350095306714105368555835933131  -0.409007762016867116446139848937
  43  -0.113691878748067489724144559920  -0.409002078219770390358506367809
  44  -0.034892548450405038420203270380  -0.409000129250009393950295162142
  45   0.437851627883000000000000000000  -0.408998246255000000000000000000
  46   0.359051797979298920535692834924  -0.408997586302310248968325118614
  47   0.043896962820468036737729362181  -0.408977547926821754411590461492
  48   0.280265647586485259082622574199  -0.408975436650455540445975626309
  49   0.122679520537074450319100524744  -0.408956272234649114383923312889
  50   0.201477887603217003126677453900  -0.408956066561234314096297978165
  51  -0.477251964606903289807110337653  -0.387149652088178725674324590780
  52  -0.231890800181778886597940951101  -0.386259823060883623755560670187
  53  -0.310694399539836212064380835976  -0.386259823036511885788500585392
  54  -0.389496058522237211052198901637  -0.386259724432576076394906971494
  55  -0.153093043923106220687791987981  -0.386254756622895792118006429647
  56  -0.074292776280482424309507024127  -0.386251184133360186106240266740
  57   0.477251322496000000000000000000  -0.386247086885000000000000000000
  58   0.398451888221198452293821832555  -0.386246710133095746975509869074
  59   0.004495675962992963043172766844  -0.386230402500231864611571365239
  60   0.319665134238443998657335366724  -0.386225028777557741850813312388
  61   0.240877266171192477921467895872  -0.386205393817009526883632952510
  62   0.162078681488912107358044530623  -0.386205348237499350566038112109
  63   0.083282094009736593506652480763  -0.386202476067738026110054227922
  64  -0.437851229939269944925567883300  -0.364401584815703064104295811489
  65  -0.271291952806080798525356877767  -0.363512479724599517110744016790
  66  -0.350095093576150719316723672296  -0.363511672135281415713138960223
  67  -0.192493384885483317287580236946  -0.363506007447814718261819431787
  68  -0.113693954349470889946488992102  -0.363503840207265801829397090656
  69   0.437852007136000000000000000000  -0.363495270802000000000000000000
  70  -0.034904553273484517588639966375  -0.363481459819409365415610217368
  71   0.359065215661191824080175373448  -0.363474070487105847435286631614
  72   0.280276770087613356499758909071  -0.363455064903593055083622717604
  73   0.201478019615370369737729812296  -0.363454713941745975556093747248
  74   0.043880202522182202871755348603  -0.363454285075287358658426797207
  75   0.122681217080076260666073959667  -0.363451617660404227409647559141
  76  -0.398450476866551528058333152342  -0.341653549421740080722366750413
  77  -0.477251964606903289807110337653  -0.341653517543227402534267032197
  78  -0.310692306325739122948550631220  -0.340763752298471472715838190399
  79  -0.231894537509785229214996163612  -0.340758664111530611617002778391
  80  -0.153094295311847986546277241067  -0.340755091032184727973210092797
  81   0.477251309749000000000000000000  -0.340743375218000000000000000000
  82  -0.074305718442129513079258810334  -0.340734138208997449105449377049
  83   0.398464736383000000000000000000  -0.340722801794000000000000000000
  84   0.004479796282591085158988425786  -0.340705036328721239696067757871
  85   0.319676525773626909872418060753  -0.340705029986008540871570627825
  86   0.240877554381185173664994395809  -0.340704342170946183760424506301
  87   0.083279279451999009224679844415  -0.340703307598274318994971881386
  88   0.162080512378958362057041151368  -0.340701057514908707374600723917
  89  -0.359049710546513702197280417453  -0.318905536972822805815647951292
  90  -0.437851121048643450425475141142  -0.318905325424722020261281462425
  91  -0.271294891029443553638189917065  -0.318009936685402567222096951999
  92  -0.192495447936149898473693167733  -0.318007747695900621328393439400
  93  -0.113706059404506609679047059298  -0.317985389033916375249262379190
  94   0.437864270170000000000000000000  -0.317970635642000000000000000000
  95   0.280277241543806297595398473787  -0.317954312602181309163904678271
  96   0.043878973917083992404164265145  -0.317954272413898593135916654503
  97   0.359075661225667605482872340142  -0.317954069307422514160245444453
  98   0.122678651858444787861039750719  -0.317952852803531800682890047750
  99   0.201479981792333890990952489630  -0.317950798899795672396455098587
 100  -0.035034384447647050186967154039  -0.317763400665850766804584682331
 101  -0.319648686379843136071324145918  -0.296157971133820066199950057280
 102  -0.477251964606903289807110337653  -0.296157446757033982148487707503
 103  -0.398450354727926596449999520493  -0.296157312966411461114646442379
 104  -0.231895801455808222896886921186  -0.295259020269772576933487613009
 105  -0.153107212028808521606462985965  -0.295238045697632268604445725794
 106   0.004476794333108019691092112664  -0.295207709403166470552446231346
 107   0.083278397005211154802687064172  -0.295203933574552162713767214421
 108   0.319676398182539505169819266331  -0.295203145902528516990290730456
 109   0.162078638182804582240193871367  -0.295203145867356250107703426329
 110   0.398474695412046107012231729005  -0.295202801291886748869581508580
 111   0.240879625809378861844918431752  -0.295200842666519662874236774672
 112   0.477251829431000000000000000000  -0.295198083355000000000000000000
 113  -0.074434725410024146786755403004  -0.295014651490769692948397684472
 114  -0.359049238535724585459333740806  -0.273409424757694875834277953853
 115  -0.437851356612151084743682609811  -0.273409160082512953174345202492
 116  -0.280242611453088955312412342178  -0.273402417630846290022136336809
 117  -0.192507565548466846029656739417  -0.272489318271504224209539899402
 118   0.043876243382963831091427874125  -0.272457415518504905654883444458
 119   0.122678290186750214261573637526  -0.272454408870382312212529598705
 120   0.201478410127397762342620640567  -0.272453287974337594534817878152
 121   0.359075310022493817301177535993  -0.272451217469890133915642490640
 122   0.280278669443405385755581578894  -0.272449846683277059391122623653
 123   0.437861599142117524323603574842  -0.272430672125606188401508559191
 124  -0.113835878034326058714171329670  -0.272267308154485586303581031075
 125  -0.035076367153027367553912108182  -0.272193343633939579998903379094
 126  -0.319647704158932581835626283251  -0.250661900358229296774692589123
 127  -0.398450535705612228723999453502  -0.250661242180577994040559291435
 128  -0.477251959583042775430665527242  -0.250660864706540641200940489239
 129  -0.240840250783685149874433319532  -0.250650845198342403237058025710
 130   0.004475575296320801821520561140  -0.249709209106104786661702669532
 131   0.083275962603169260230787448639  -0.249707575916396718381077167049
 132   0.162078026557113695882175285144  -0.249704612585672339017580907175
 133   0.240877503544100825490517814948  -0.249702184331582917732115343184
 134   0.319677382952692801888981213113  -0.249698259229372396962249196838
 135   0.398462744553499725227996881727  -0.249678661320694142363070069556
 136   0.477251933861272517499697534129  -0.249664342479009498659389846619
 137  -0.153236231553984383137365083123  -0.249518580728357541908675204684
 138  -0.074477519777329279481328034849  -0.249446000297655473354086725698
 139  -0.359049697654689080721071091485  -0.227913353973818031582679165012
 140  -0.437851231149882266618321531335  -0.227912746310930727824914426626
 141  -0.280243045757083062427586211510  -0.227906346846725795452171970181
 142  -0.199479765123941373225384822087  -0.227530660706335808522028873959
 143   0.043875297461711224602987959778  -0.226959388221702971058400035215
 144   0.122676234996044871571488751634  -0.226958338128523046652118263762
 145   0.201477061851607873965321868772  -0.226953602161015242456747224035
 146   0.280276240426999479430156515639  -0.226950536549809822570842676194
 147   0.359064379396463864741870727824  -0.226926384555535250078325806810
 148   0.437853164332374636969927844433  -0.226912612587138416097410728509
 149  -0.113877873296987603904521788302  -0.226697272871527428959180899306
 150  -0.035099618140942479111519969076  -0.226658430885860626500951707350
 151  -0.239111587142366812078364483945  -0.205187627329415588587540048506
 152  -0.319648649559244606468933924054  -0.205165829581858502108319254555
 153  -0.398450286977447280238393924781  -0.205165034958961682034298393843
 154  -0.477251936828741025359727067394  -0.205164582239542529005306132165
 155  -0.160208405320951115683208893768  -0.204559919160807031524685755433
 156   0.004473839742745876304742451485  -0.204212186475931683042915333979
 157   0.083275463083117583017274552981  -0.204210335362560221692281520593
 158   0.162075245044969565132089212126  -0.204207283989126760662314130728
 159   0.240875760387123152359818912097  -0.204202008568655257984866910321
 160   0.319663319274004466494162504248  -0.204178599108610163961399854796
 161   0.398454778759322495117021389821  -0.204160384451789106221739760990
 162   0.477251634386844550263144706769  -0.204158161885485379544111732766
 163  -0.074499971660600803534713722528  -0.203909703459732582106045880958
 164  -0.278844362229580908607045116039  -0.182431780973347559048488254805
 165  -0.359049031002137732253158296795  -0.182417150518298670867813390140
 166  -0.437854027804671008136233791653  -0.182411563310917789685808149966
 167  -0.199807405788404068552779955236  -0.182035769690120451108005903787
 168  -0.120843374911435742316879126536  -0.181737577095850267797596278572
 169   0.043874122584361765815828129394  -0.181463317450679396800523218242
 170   0.122674473130986188839360794930  -0.181459281223965222345830543448
 171   0.201473955205462566909541689949  -0.181455666981011744290792806339
 172   0.280262757564591904787703362953  -0.181430153336444101793370862221
 173   0.359053741539802321670803244437  -0.181412546588103821754244041170
 174   0.437852520048711411534585395202  -0.181407070108737120963196882477
 175  -0.035139849467000062598260232196  -0.181091438015419318303389323945
 176  -0.239438828468075365081754399040  -0.159692027985393420699922515978
 177  -0.318249463855139989016924646626  -0.159691279156947739074159130724
 178  -0.398450034401252833883595807316  -0.159668960688388690097740154378
 179  -0.477251893629652667437978759589  -0.159658400864218455045003363563
 180  -0.160286974637401669624081455638  -0.159063916217198514063759931306
 181  -0.081465473275048941947071060762  -0.158950007684055420944461260223
 182   0.004473324747264925904248141905  -0.158715359591070385849173006698
 183   0.083273137942256564318103321995  -0.158712254114303198712927013775
 184   0.162073170717592515812469198093  -0.158707685988420158197306088077
 185   0.240860996718166789016779131171  -0.158683710561647913989851043238
 186   0.319653169206886760297807206802  -0.158664169371565690715403705047
 187   0.398450730255256983263322478846  -0.158657726087076197573576477660
 188   0.477251933861272517499697534129  -0.158656451478803068544392486323
 189  -0.357790445765111988414858624719  -0.136938491565076850464809351856
 190  -0.278853507880788859291315161363  -0.136934936967366612944966092150
 191  -0.437833248518000000000000000000  -0.136890176035000000000000000000
 192  -0.199816104767859829281736978566  -0.136539699735561971451305658613
 193  -0.120930173602650952016785100123  -0.136239922936149572325770813249
 194  -0.042105351079077687002009046897  -0.136131742239374898892693278962
 195   0.043872334793802140366121895363  -0.135964305454279668018400188379
 196   0.122671857000737689626780534883  -0.135960621685488630501804199332
 197   0.201460154428950127657780658891  -0.135935818002141089846152277422
 198   0.280251424035094461271743947985  -0.135917671790409656704646926985
 199   0.359049839962243248119568141066  -0.135909035904441921535463611124
 200   0.437850922158551620263654746141  -0.135908593472723625143699658314
 201  -0.239447527447531125810711422370  -0.114195958030834941043222270804
 202  -0.318386829697294104628339045084  -0.114195415744899697324377248898
 203  -0.397191100432607921002256290254  -0.114190285729120174411014426946
 204  -0.477246069808000000000000000000  -0.114161866841000000000000000000
 205  -0.160413433339976932368903642373  -0.113567753293032698000515646310
 206  -0.081551308870636025132959926588  -0.113454017869206325789630825551
 207   0.003496891623324205792397512381  -0.113229768077528498534646752002
 208   0.083271032377732684574019626489  -0.113212710220707409967771980587
 209   0.162058882280061373503175190623  -0.113188681692792967874615225486
 210   0.240850544618343980579969678523  -0.113169821073827862537585194116
 211   0.319647949088138438195582634166  -0.113162132866680629807729366120
 212   0.398450270447974291202081952489  -0.113160257175460733349072709973
 213   0.477251280449000000000000000000  -0.113159274715000000000000000000
 214  -0.278980699793459951778938339037  -0.091439043974705468102175423519
 215  -0.357793488124671765815566223180  -0.091436755270498198906256318533
 216  -0.436789158589000000000000000000  -0.091405471031000000000000000000
 217  -0.199942866887447450871710856897  -0.091043797106878447710682465207
 218  -0.036209389047836117600464957588  -0.091019326112965165762259386879
 219  -0.120977632374031323161216475522  -0.090743876899760191297963515237
 220   0.042912003571757769969892097115  -0.090478371134687098401772066771
 221   0.122658016083754009857639319586  -0.090440842235758678026625780081
 222   0.201449298556768157202897554434  -0.090422639572556663181548072048
 223   0.359048039781294245814568278362  -0.090412827260162073665555155711
 224   0.437850209531494157735180059740  -0.090410686697593310033469317460
 225   0.280241484917425763963359370165  -0.090404755794441091743024186310
 226  -0.239574719359601127404184166841  -0.068700065038172115743245107408
 227  -0.318386264702538959363528503667  -0.068699344962214481799344248894
 228  -0.397316871829414250018391739909  -0.068694375221193035257945453459
 229  -0.477251667529000000000000000000  -0.068665202243000000000000000000
 230  -0.075651204577102336954560322732  -0.068342143308825222519190370547
 231  -0.160422082259053961789431174936  -0.068071543507167094578785356705
 232   0.003507334117694211193891429026  -0.067733698489742855121857496102
 233   0.082318008564699850559942391527  -0.067726622209161343941772075994
 234   0.162048399937339840467218763151  -0.067674856273154574678199716437
 235   0.319647017181279027209886947685  -0.067664972013766232808251744873
 236   0.398447807189166883170794030028  -0.067662845693196576190394630731
 237   0.477251387149000000000000000000  -0.067662431914000000000000000000
 238   0.240839858819455837615564068048  -0.067654815488724552876890949281
 239  -0.357919283968235404428803034380  -0.045940858396295746214110903407
 240  -0.278995070113896428538616519616  -0.045934656696553395216941646951
 241  -0.437845707675000000000000000000  -0.045920505981000000000000000000
 242  -0.115074444124382703723984142020  -0.045632354660113778765464227880
 243  -0.199951641119405157292686104685  -0.045547570781272978291662666756
 244  -0.036200365891792084406657418629  -0.045523250789989568304628645035
 245   0.042906998786120412886600422692  -0.044982300623768871223154229139
 246   0.121721959403775611616264514019  -0.044954401894991296634058087231
 247   0.359046762871411883319273795536  -0.044915064819364589439048199278
 248   0.437850105009000000000000000000  -0.044914052946000000000000000000
 249   0.201438341151246906281818266028  -0.044908104459440174208979502950
 250   0.280278985083000000000000000000  -0.044855913162000000000000000000
 251  -0.239583801495086584178411285493  -0.023203995158487591318906797990
 252  -0.398023660239880485695088702050  -0.023203779856644805526172794626
 253  -0.318511538313038939127029951530  -0.023203446647038478536964242435
 254  -0.477251667529000000000000000000  -0.023168537301000000000000000000
 255  -0.154518915572000000000000000000  -0.022958057697000000000000000000
 256  -0.075669094959268010045257553202  -0.022846070825573994496673395625
 257   0.003401238248663714100550272014  -0.022237751409128618447283213089
 258   0.082307033778378621428542879500  -0.022230552745312849034402949759
 259   0.161114250537012025109343374610  -0.022188376721965672126215037443
 260   0.398447767020000000000000000000  -0.022166052932000000000000000000
 261   0.477251502919000000000000000000  -0.022165494944000000000000000000
 262   0.240850069103000000000000000000  -0.022154199638000000000000000000
 263   0.319685392172000000000000000000  -0.022095783056000000000000000000
 264  -0.358268669856952289865248937832  -0.000446129179791029171029271754
 265  -0.279120519855478191671034004156  -0.000438558730371045375192369685
 266  -0.437404974789062962588608068613  -0.000422051730019386088889188268
 267  -0.193975897212000000000000000000  -0.000306491120000000000000000000
 268  -0.115128087480000000000000000000  -0.000135925950000000000000000000
 269  -0.036305045845661784589517362205  -0.000027253598793163834729382574
 270   0.042801111946063505434937779114   0.000513646946582938625827149067
 271   0.121703070554534266929184385797   0.000541664972887211231305213606
 272   0.437849824109000000000000000000   0.000583323237000000000000000000
 273   0.201444715945670767931032637945   0.000587965882620735339629108946
 274   0.280289003880000000000000000000   0.000661756496000000000000000000
 275   0.359105276349000000000000000000   0.000684345558000000000000000000
 276  -0.397675679446078785792434075791   0.022291066166707069462261331313
 277  -0.318861781326765543481403885843   0.022291275978928350172540920472
 278  -0.239709625062584880667887382091   0.022291901639049924575746470295
 279  -0.476804188250824301743223365491   0.022328754488233338953649231278
 280  -0.154630102346000000000000000000   0.022538471384000000000000000000
 281  -0.075747369351068676050352626376   0.022650057761180742275259724504
 282   0.003397382006458287123499720871   0.023258319541171421875552382104
 283   0.082200613888495238762955428538   0.023265396732965688598268609154
 284   0.162018431629786630203730228325   0.023298708412279037955272038737
 285   0.477251236539000000000000000000   0.023331413596000000000000000000
 286   0.240848604551000000000000000000   0.023342940623000000000000000000
 287   0.319699571846000000000000000000   0.023425733798000000000000000000
 288   0.398511988747000000000000000000   0.023441672899000000000000000000
 289  -0.200191661257187263943940207497   0.044835703309712020987378360330
 290  -0.358252820409729731354244286219   0.045056128206577671459798665958
 291  -0.279430904751355301286627802969   0.045056453284120540521456322850
 292  -0.437083620991944573362423569322   0.045072897899780920995103597221
 293  -0.115271340118000000000000000000   0.045360332942000000000000000000
 294  -0.036309801761208033635148309949   0.045468895877279181757513288439
 295   0.042796902172005340618136140515   0.046009729710390530117766359197
 296   0.122607217549805965539462178292   0.046028756898925170372225841497
 297   0.201442831729000000000000000000   0.046084355520000000000000000000
 298   0.280302175013000000000000000000   0.046181551514000000000000000000
 299   0.359112350271000000000000000000   0.046193584251000000000000000000
 300   0.437919855723000000000000000000   0.046200382176000000000000000000
 301  -0.160822693212855639906188605695   0.067638703384454928980561968501
 302  -0.240019780937824851137749952038   0.067786915215434056926427919656
 303  -0.397663386906809508788576648269   0.067787157777663434185551086061
 304  -0.318841552335346520385415850202   0.067787342267896988455561435036
 305  -0.477251913423624819958478835255   0.067822724822232377832094859841
 306  -0.075890489408745194705046359361   0.068145964927175027682589427659
 307   0.083190856161649507779547187799   0.068750703807117470485072059563
 308   0.003091650952651121151158989313   0.068753403494377526427672366256
 309   0.162015957947465654962781066051   0.068794796398069295971782923325
 310   0.240848718796000000000000000000   0.068839997894000000000000000000
 311   0.319709616283000000000000000000   0.068940153740000000000000000000
 312   0.398519296731000000000000000000   0.068951461405000000000000000000
 313   0.477251325047000000000000000000   0.069069191395000000000000000000
 314  -0.200494687019000000000000000000   0.090426769748000000000000000000
 315  -0.121451061412785923628973920593   0.090437129705650281893778227928
 316  -0.358265769162476729383825981323   0.090552415630500244919121580158
 317  -0.279444363415723923144512262540   0.090552612268700887928986910196
 318  -0.437097031329911573698596364358   0.090569100508616262394191177436
 319  -0.036572926397425295827395210951   0.091038362426249425620569927808
 320   0.043787515745144597436094953939   0.091495046872606373592758289548
 321   0.122604747909981953414238765868   0.091524849304667920500599904492
 322   0.201443114458000000000000000000   0.091581020461000000000000000000
 323   0.280302745407000000000000000000   0.091679535982000000000000000000
 324   0.359114996337000000000000000000   0.091694540162000000000000000000
 325   0.437853805711000000000000000000   0.091824526950000000000000000000
 326  -0.161110912603000000000000000000   0.113207062952000000000000000000
 327  -0.082093345323391556749773519064   0.113259636647471349179747643418
 328  -0.240031883862067904011565225351   0.113282984394605236156570682660
 329  -0.397676585185266510915221140926   0.113283226651056497993867159827
 330  -0.318855143327362311072253351851   0.113283411024079191363998042885
 331  -0.476508465495223184247390941108   0.113312782388533992886907200308
 332   0.004379112318977496924608627498   0.114231316090420847718749810553
 333   0.083188844661320089841853773248   0.114246846475597471581718900579
 334   0.162015935675690052200453765650   0.114290909900026289698612727491
 335   0.240848746066000000000000000000   0.114337072168000000000000000000
 336   0.319712066386000000000000000000   0.114441391759000000000000000000
 337   0.398449008291000000000000000000   0.114567329649000000000000000000
 338   0.477246291403000000000000000000   0.114588845440000000000000000000
 339  -0.200568486659000000000000000000   0.135923383273000000000000000000
 340  -0.121730290157000000000000000000   0.135991898394000000000000000000
 341  -0.358277868937083864020527603587   0.136048724281105963564616245839
 342  -0.279455883505926373734956630815   0.136049439769368806625874182549
 343  -0.437110021855000000000000000000   0.136065319998000000000000000000
 344  -0.042754203970535832677705243926   0.136114331686113739679338283122
 345   0.043785538257403204980334547317   0.136991237786111504178319275064
 346   0.122604751687270149991500067453   0.137020991924484411522735535980
 347   0.201442958565000000000000000000   0.137078331660000000000000000000
 348   0.280305955870000000000000000000   0.137181334038000000000000000000
 349   0.359046558665000000000000000000   0.137314577904000000000000000000
 350   0.437834753941000000000000000000   0.137342525816000000000000000000
 351  -0.161187342742000000000000000000   0.158707464913000000000000000000
 352  -0.082347125575000000000000000000   0.158772339518000000000000000000
 353  -0.240043100133977988332278373599   0.158779053804429231222557779123
 354  -0.397688775782204772270242517174   0.158779312106545688670411636363
 355  -0.318867069164254767322675709199   0.158779480247219082391284528997
 356  -0.477251557377035548720051350037   0.158802923822033936807085499638
 357  -0.003460539173165842583922050781   0.159046971285593035463740679535
 358   0.083188844620603265450162426159   0.159743017559588052736489432279
 359   0.162015925702482130719718592531   0.159787072729979452083394571307
 360   0.240849782349000000000000000000   0.159835707862000000000000000000
 361   0.319639705318000000000000000000   0.160053859144000000000000000000
 362   0.477224188003000000000000000000   0.160112516882000000000000000000
 363   0.398412542465000000000000000000   0.160124695019000000000000000000
 364  -0.200597110884000000000000000000   0.181450633412000000000000000000
 365  -0.121808021349000000000000000000   0.181494545150000000000000000000
 366  -0.279469217054000000000000000000   0.181546852690000000000000000000
 367  -0.358293756762132063249591358582   0.181547392253690558181816605508
 368  -0.437845994414000000000000000000   0.181555581484000000000000000000
 369  -0.042968789807000000000000000000   0.181610176751000000000000000000
 370   0.035935326336000000000000000000   0.181805028606000000000000000000
 371   0.122604714719512361830509718592   0.182517211354445660925151935882
 372   0.201444069874000000000000000000   0.182576339895000000000000000000
 373   0.280231994984000000000000000000   0.182791946732000000000000000000
 374   0.358998991141000000000000000000   0.182874759394000000000000000000
 375   0.437825112148000000000000000000   0.182884335568000000000000000000
 376  -0.161216966486000000000000000000   0.204235846121000000000000000000
 377  -0.082421603268000000000000000000   0.204269129021000000000000000000
 378  -0.240055342602893442838949423837   0.204275133670877257215757205597
 379  -0.397754242844395431212591161454   0.204275354593983112985830545115
 380  -0.318881441003113961115321563834   0.204275548763438922881743194853
 381  -0.477251508550989512677441084682   0.204299056099462701967702101303
 382  -0.003472421680000000000000000000   0.204543730432000000000000000000
 383   0.075335149802672753129321758138   0.204556175111942766574954178034
 384   0.162016410195645441886209719710   0.205283251074460239319065557343
 385   0.240778587568664115792555783629   0.205449947663772995061813420639
 386   0.319591812335000000000000000000   0.205612857694000000000000000000
 387   0.477237189403000000000000000000   0.205625877263000000000000000000
 388   0.398384305021000000000000000000   0.205651950846000000000000000000
 389  -0.200632541571000000000000000000   0.226986562321000000000000000000
 390  -0.121828970691000000000000000000   0.227008100219000000000000000000
 391  -0.358305477268117289348291165251   0.227043567735225912656700722127
 392  -0.279480571145028911838878726447   0.227043905254011498570597801341
 393  -0.437141138258442394162839376240   0.227047519389882196208173709889
 394  -0.042980179953000000000000000000   0.227106920050000000000000000000
 395   0.035923304824000000000000000000   0.227301698901000000000000000000
 396   0.114738587831745895907636239070   0.227328170951325941895970209815
 397   0.201349252993317406465912687691   0.228148629480716807607943022324
 398   0.280175983082000000000000000000   0.228336983641000000000000000000
 399   0.437833039568000000000000000000   0.228386709037000000000000000000
 400   0.358978567839000000000000000000   0.228450342294000000000000000000
 401  -0.161237176205000000000000000000   0.249745370319000000000000000000
 402  -0.082433150532000000000000000000   0.249766381608000000000000000000
 403  -0.240066647190891580696661382482   0.249771217146223946218307309877
 404  -0.397717940574589430021562866046   0.249771427355157680928032313158
 405  -0.318893142715158225381900063047   0.249771618044776378068163983690
 406  -0.476545355093160669766756553153   0.249789798801938484681243112368
 407  -0.003485050530000000000000000000   0.250040393622000000000000000000
 408   0.075323628333000000000000000000   0.250053084138000000000000000000
 409   0.154132295346668640293555402525   0.250091080552197866034589377116
 410   0.240708233867236478046846113418   0.250969145253776411440478039894
 411   0.319541027907000000000000000000   0.251148692250000000000000000000
 412   0.477219142472000000000000000000   0.251172693211000000000000000000
 413   0.398410033519000000000000000000   0.251205285488000000000000000000
 414  -0.200643993134000000000000000000   0.272484088411000000000000000000
 415  -0.121841464123000000000000000000   0.272504827466000000000000000000
 416  -0.279490511229000000000000000000   0.272540774267000000000000000000
 417  -0.358317637553000000000000000000   0.272541784441000000000000000000
 418  -0.437146866994000000000000000000   0.272544029449000000000000000000
 419  -0.042992920985000000000000000000   0.272604388593000000000000000000
 420   0.035910684954000000000000000000   0.272799069077000000000000000000
 421   0.114723767581184274604997707149   0.272825897660142704447575847717
 422   0.193745104480967270579819402589   0.273004835514002077107030516841
 423   0.280025118396929761383392356460   0.273861952925323483318390922223
 424   0.359003295018000000000000000000   0.273955560539000000000000000000
 425   0.437847162414000000000000000000   0.273984372455000000000000000000
 426  -0.161248992802000000000000000000   0.295243524822000000000000000000
 427  -0.082445841526000000000000000000   0.295263044780000000000000000000
 428  -0.240075495292490954628687674535   0.295267308179943839526368055165
 429  -0.397731485367146210841192017567   0.295267525875006146619953138599
 430  -0.318903514456748797327722249555   0.295267687648746551914853167325
 431  -0.477251757790000000000000000000   0.295280797169000000000000000000
 432  -0.003496676849000000000000000000   0.295537553934000000000000000000
 433   0.075309589877609389375157343815   0.295550788892558670443489757368
 434   0.154246236484533372106002116093   0.295587105527940752020727165074
 435   0.233111067409000000000000000000   0.295826804647000000000000000000
 436   0.319556780304000000000000000000   0.296687192815000000000000000000
 437   0.398398457651000000000000000000   0.296732648457000000000000000000
 438   0.477224742781000000000000000000   0.296793841218000000000000000000
 439  -0.200655438076000000000000000000   0.317983668214000000000000000000
 440  -0.121853458175000000000000000000   0.318001985734000000000000000000
 441  -0.437845929456000000000000000000   0.318035474191000000000000000000
 442  -0.279501900822000000000000000000   0.318038240547000000000000000000
 443  -0.358331682643038447478373746381   0.318038301704600482479422681642
 444  -0.043004136272000000000000000000   0.318101076981000000000000000000
 445   0.035901037834000000000000000000   0.318296078923000000000000000000
 446   0.114716685887925972389919346137   0.318322029755995471963961596207
 447   0.193663170384000000000000000000   0.318501666904000000000000000000
 448   0.280111029332000000000000000000   0.319358331324000000000000000000
 449   0.358983656069000000000000000000   0.319500994102000000000000000000
 450   0.437777701143000000000000000000   0.319633535179000000000000000000
 451  -0.161259482308000000000000000000   0.340742077706000000000000000000
 452  -0.082457451416000000000000000000   0.340760595612000000000000000000
 453  -0.240087047408063619094991883186   0.340763422575705255137992045801
 454  -0.397747291829062000589131715815   0.340763635220158783095854594272
 455  -0.318917901083491029105058007625   0.340763756160292616851100860534
 456  -0.477251518810000000000000000000   0.340777281587000000000000000000
 457   0.239948770525000000000000000000   0.340806973259000000000000000000
 458  -0.003506112240000000000000000000   0.341034239266000000000000000000
 459   0.075301417080000000000000000000   0.341047101135000000000000000000
 460   0.154111479997017472580908758474   0.341083055709966448600351136634
 461   0.319527640975000000000000000000   0.342202386034000000000000000000
 462   0.477238445689000000000000000000   0.342296213315000000000000000000
 463   0.398339486606000000000000000000   0.342403131217000000000000000000
 464  -0.200666792993000000000000000000   0.363480830771000000000000000000
 465  -0.121863546886000000000000000000   0.363500675855000000000000000000
 466  -0.437151566601000000000000000000   0.363527522132000000000000000000
 467  -0.279494680567372414434276960454   0.363534808023335032094444406587
 468  -0.358325309365069822063797125737   0.363535943625061711222584335352
 469  -0.043014039001000000000000000000   0.363598517279000000000000000000
 470   0.198989740090000000000000000000   0.363685747914000000000000000000
 471   0.035889686016000000000000000000   0.363793053824000000000000000000
 472   0.114703917539303435106221857885   0.363819515552508780679800961844
 473   0.278602933151000000000000000000   0.364830557694000000000000000000
 474   0.358932179176000000000000000000   0.365153707727000000000000000000
 475   0.437738361388000000000000000000   0.365173982305000000000000000000
 476  -0.161271126661000000000000000000   0.386239202694000000000000000000
 477  -0.082466999068000000000000000000   0.386257259553000000000000000000
 478  -0.240078990667566960702465220925   0.386259593295694367838161698756
 479  -0.397740165506173661565834459332   0.386259734559011729077006141518
 480  -0.318908713782433913020376128151   0.386259826018861957662656915057
 481   0.159488245965248981743767580677   0.386260438748870409012796814337
 482  -0.476559184268000000000000000000   0.386268886339000000000000000000
 483   0.238479722112000000000000000000   0.386279922483000000000000000000
 484  -0.003517956420000000000000000000   0.386531569865000000000000000000
 485   0.075289217423000000000000000000   0.386544032253000000000000000000
 486   0.319377460820000000000000000000   0.387732370093000000000000000000
 487   0.477248812920000000000000000000   0.387855596139000000000000000000
 488   0.398310429362000000000000000000   0.387954564241000000000000000000
 489  -0.200669244485000000000000000000   0.408993771440000000000000000000
 490  -0.121875411005000000000000000000   0.408997508248000000000000000000
 491  -0.437162191977321682558182038319   0.409024143976349481107493684686
 492   0.119797896695000000000000000000   0.409029986117000000000000000000
 493  -0.279501813199000000000000000000   0.409032169804000000000000000000
 494  -0.358334653885711314994748483952   0.409032515057664456857346635349
 495  -0.043025316823000000000000000000   0.409095205025000000000000000000
 496   0.198751784652837254806255937024   0.409244620687658345739904578205
 497   0.035878034272000000000000000000   0.409290041438000000000000000000
 498   0.278399720031000000000000000000   0.410327056016000000000000000000
 499   0.437750287856000000000000000000   0.410721316225000000000000000000
 500   0.358565246953000000000000000000   0.411320072222000000000000000000
 501  -0.161273509331000000000000000000   0.431752046304000000000000000000
 502  -0.082478805709000000000000000000   0.431754559701000000000000000000
 503   0.080382607098000000000000000000   0.431754978866000000000000000000
 504   0.159213003702302759267512504984   0.431755738807243611443977805539
 505  -0.240086269052654370832642598712   0.431755750857652334553731903053
 506  -0.397751932885700162225370833950   0.431755845109828358267546328967
 507  -0.318919675300389117326583948016   0.431755895484558074109360402235
 508  -0.477251755121000000000000000000   0.431760157014000000000000000000
 509   0.238276582981000000000000000000   0.431777048618000000000000000000
 510  -0.003588768721000000000000000000   0.432028181492000000000000000000
 511   0.317729481836000000000000000000   0.433199241476000000000000000000
 512   0.477234822558000000000000000000   0.433361732373000000000000000000
 513   0.398318468971000000000000000000   0.433459344871000000000000000000
 514  -0.200678118148000000000000000000   0.454494590684000000000000000000
 515  -0.121876437925000000000000000000   0.454509212310000000000000000000
 516   0.040806242268000000000000000000   0.454519301000000000000000000000
 517  -0.437154946320000000000000000000   0.454521537434000000000000000000
 518  -0.279492084873000000000000000000   0.454528973820000000000000000000
 519  -0.358325717992000000000000000000   0.454530123477000000000000000000
 520   0.119700962860000000000000000000   0.454646412003000000000000000000
 521   0.199177171768000000000000000000   0.455557380834000000000000000000
 522  -0.042157518622000000000000000000   0.456162389129000000000000000000
 523   0.282834383259000000000000000000   0.462762190155000000000000000000
 524   0.374312531762000000000000000000   0.472131426424000000000000000000
 525   0.465050004048000000000000000000   0.477237040474000000000000000000
 526   0.419533204056000000000000000000   0.477248614284000000000000000000
 527  -0.082471436810000000000000000000   0.477251224047000000000000000000
 528   0.080217166301000000000000000000   0.477251347615000000000000000000
 529   0.239706565826000000000000000000   0.477251423548000000000000000000
 530   0.329104867091000000000000000000   0.477251456454000000000000000000
 531  -0.161281703477000000000000000000   0.477251479656000000000000000000
 532   0.001394985865000000000000000000   0.477251667529000000000000000000
 533  -0.476567380901000000000000000000   0.477251667540000000000000000000
 534  -0.240075135589533319227906257957   0.477251920928758137989001692171
 535   0.159185312415474008334810175595   0.477251933861272517499697534129
 536  -0.397742204786431178466878554940   0.477251943966756058482175555054
 537  -0.318907370947150220777399653851   0.477251964606903289807110337653
