   1  -0.477217924621612711933156878687  -0.477217924621612711933156878687
   2  -0.398298500507151235859332215359  -0.477217924621612711933156878687
   3  -0.316962941147740094771625911785  -0.477217924621612711933156878687
   4  -0.233982042127426647853399972502  -0.477217924621612711933156878687
   5  -0.154142146315035294898770630258  -0.477217924621612711933156878687
   6  -0.075220522441397025335072145596  -0.477217924621612711933156878687
   7   0.003698935151536157389074455486  -0.477217924621612711933156878687
   8   0.240457452918397336487754988776  -0.477217924621612711933156878687
   9   0.319377664072506669097712910259  -0.477217924621612711933156878687
  10   0.398297427351202950811492956201  -0.477217924621612711933156878687
  11   0.477217688673260941180570238249  -0.477217924621612711933156878687
  12   0.161537961715969881605699511845  -0.477217882894297209404018415917
  13   0.082618423608646411774691601387  -0.477217871163374215155591889819
  14  -0.275472491637583371312512942144  -0.458386184563104658988149570495
  15  -0.358162456902151830342681364790  -0.455649664656477195619604587053
  16  -0.194062094221230971376085301380  -0.455252278868466627732933435512
  17  -0.114681334378216160116921387935  -0.454437754396764222804584388100
  18   0.437757539977723325370616938214  -0.454436376077971911528001052256
  19   0.279917541237109092681233857915  -0.454436310215510969947771459055
  20   0.358837564427820666268106748162  -0.454435925472907136115496503662
  21  -0.035760793644930433972998781974  -0.454435878236457000198174939648
  22   0.043158663948171899858322465348  -0.454435878236422683616985719069
  23  -0.437758212564381973896244547023  -0.454435849243225423866313757374
  24   0.122078200268146721678786366247  -0.454435755042509066185244080321
  25   0.200997734061005674108982113601  -0.454435719107303648380192276810
  26  -0.238418501594371984764808912347  -0.431870271302127344366449439981
  27  -0.319388927621874694560832523468  -0.431718403483326023896859794166
  28  -0.154558682326779893969998447790  -0.431655677838371204603288869159
  29   0.240457703708793148668749849088  -0.431653773865528325582309453551
  30   0.477217924621612711933156877800  -0.431653773865449050562272734869
  31   0.319377821450259937732571577466  -0.431653773865109925757283847977
  32  -0.398298386924710769613118604629  -0.431653773864979705109641201054
  33   0.398297532099742957558877275115  -0.431653773864958540289089355398
  34   0.003698968630178505283009354844  -0.431653773864850435156254891527
  35  -0.075220488962904015763954184765  -0.431653773864850435046527549649
  36  -0.477217924621612711933156878687  -0.431653773864838135799470636061
  37   0.082618451583567133315808304881  -0.431653687468278007274026852920
  38   0.161537980007998632915604946167  -0.431653613859304429767637605112
  39  -0.278864654630919580374834433631  -0.410888714771604686428214768197
  40  -0.194478630232975570447313118919  -0.409690032085225120403065425997
  41  -0.358824990912202735345709299202  -0.408895416247924031485245357837
  42  -0.114681300899723150545803427102  -0.408873603640001945917955059057
  43   0.279917746301131731712909707652  -0.408872097304859014490704115221
  44   0.437757458734993963375067600273  -0.408871855814291810591058401903
  45   0.358837677444763450523192442135  -0.408871729957009081045534917984
  46  -0.035760760166288086079062343929  -0.408871727479694723421272700525
  47  -0.437758212564381973896244547023  -0.408871698486450847732627514748
  48   0.043158667532204105161295938411  -0.408871663285472016610945719182
  49   0.122078234686793626216407410065  -0.408871538225638684461912327414
  50   0.200997648580569586858661338411  -0.408871325367382521363761538497
  51  -0.233728407791485509173299363630  -0.386548148069580007579585075926
  52  -0.317206197858180594094089880404  -0.386206564089990523648074869683
  53  -0.154142111657053158014260843949  -0.386093431371990680033096463285
  54   0.477217743749184110963194231285  -0.386089623109033471961567810280
  55   0.240457836383003018368937636513  -0.386089623108946910581577822094
  56  -0.398298500506987765935930708688  -0.386089623108346697878627541494
  57   0.319377846963952799007171182206  -0.386089623108342492832815904247
  58   0.398297534444338432478652143039  -0.386089623108184024478352731195
  59  -0.075220455484261667870017892184  -0.386089623108088158269625562490
  60   0.003698935151685495711893204335  -0.386089623108088158269625562488
  61  -0.477217924621612711933156878687  -0.386089623108063559665784393435
  62   0.082618468297293152419492884697  -0.386089492246263107356033825588
  63   0.161537846013595938537275259430  -0.386089232609226802231869435842
  64  -0.276681934975774364749245690287  -0.365376874893468316693273022322
  65  -0.194062059563248834491575515083  -0.364127785618844595832873020133
  66  -0.358825104494479731668521403261  -0.363331265491291024254231698276
  67  -0.114681267421080802651867134509  -0.363309452883239669141053071892
  68   0.279917746234214367721286402429  -0.363307844073984425639828744183
  69   0.437757362939565086395256671575  -0.363307580964311657707728264866
  70  -0.437758212564211837357924804582  -0.363307547729676271598941507888
  71   0.043158714735094849564278851001  -0.363307488756561652956854576030
  72   0.358837714519069149244465117922  -0.363307460047781390247988797660
  73  -0.035760809976396521265731700023  -0.363307432463207250871421048626
  74   0.122078090417117980924415128688  -0.363307174722541268353427085353
  75   0.200997483284049549931602597473  -0.363306805458529788948003049510
  76  -0.238066714355950666222658459294  -0.341190999456171782167526089561
  77  -0.319284523146441752319764038153  -0.340689837514123324621777543702
  78  -0.154142078178410810120324551353  -0.340529280615228403256194476125
  79  -0.398271118345515043477917960894  -0.340525480579343540298038317759
  80  -0.075222652976243143550809572276  -0.340525472404304485414653099300
  81   0.477217924621612711933156870704  -0.340525472352617893360862885691
  82   0.240457912254396003214078975100  -0.340525472352235503278845911638
  83   0.319377951750399678719513812669  -0.340525472351688408349553506458
  84   0.398297571523768058227819383667  -0.340525472351424535689415986528
  85   0.003698968629757966173487349796  -0.340525472351325881074004910709
  86  -0.477217924621612711933156878687  -0.340525472351288983532098150809
  87   0.082618284277102755334727133256  -0.340525166536350578191893741761
  88   0.161537637386636230783569707087  -0.340524751911607943110351458710
  89  -0.278760260049646803413229990363  -0.319860148307811980620594732708
  90  -0.194062026084606486597639222487  -0.318563634862082319055971032974
  91  -0.358679827317476011153638415794  -0.317767333725748990964323022449
  92  -0.114683464913062278332658294359  -0.317745302179455996286079707492
  93   0.279917894510996423275023165151  -0.317743648558187471605846672252
  94  -0.437758212564381973896244284571  -0.317743396972901695465255484077
  95   0.437757566190493068580397231714  -0.317743363760008081581387597197
  96  -0.035762844236368266046250586074  -0.317743281751843524780736452576
  97   0.358837824828797968628736727476  -0.317743267859823590916504904543
  98   0.043158531140326123592792902307  -0.317743137952484189572687678016
  99   0.122077841139585359489233076923  -0.317742822354888846974389588806
 100   0.200997408148243735175262080252  -0.317742456903627723478566503519
 101  -0.233561259002650974883730688811  -0.295850149152659560403179360184
 102  -0.318169682437195351522941348598  -0.295139327479886735834298562273
 103  -0.154163790260865833644772307967  -0.294965135031539942685294006250
 104  -0.398298491009674901399166130430  -0.294961338044633881058691928458
 105  -0.075222622846897720244555479536  -0.294961321647539870812571854650
 106   0.003696934369786221392966259573  -0.294961321639962154983320314765
 107   0.477217717750191646098639830470  -0.294961321596312938455085245924
 108   0.240457933430604391659703248959  -0.294961321595465848029168949325
 109   0.319378038227993104116092121286  -0.294961321594995896448827240895
 110   0.398297722450284308351754103980  -0.294961321594899923759266167799
 111  -0.477217924621612711933156782345  -0.294961321594514407398411908183
 112   0.082618025659308706562690835015  -0.294960685790952835398309807592
 113   0.161537660932575181284996528399  -0.294960442421549564029023539732
 114  -0.277645419562616309613406085215  -0.274309638268136697195637056760
 115  -0.194098703005956130866651756702  -0.272999498866877477566421248040
 116  -0.358824845335673146268947154050  -0.272203413460229359793708280984
 117  -0.114683434783716855026404201612  -0.272181151422691381683998462842
 118   0.279917978380135970847797557998  -0.272179447154363256900312062432
 119  -0.437758203780336817060874856274  -0.272179246216127953024572375894
 120   0.358837915363711456458407901238  -0.272179047444650576170189350878
 121   0.437757845197688042753886639126  -0.272178997427338857410332728154
 122   0.043156662861006946387569515259  -0.272178987233765385463513980454
 123  -0.035763197084916453869149721114  -0.272178750398429942165152086323
 124   0.122077773041998601594256553583  -0.272178671598165158229639945002
 125   0.200996886283555388699385840010  -0.272177522268781870541594908479
 126  -0.238746918252944372575026532626  -0.250582050315554332403073011503
 127  -0.319269125719825307348415792147  -0.249588443200277398638067293395
 128  -0.154144250915363788019850784521  -0.249400988464309491258308193042
 129  -0.398270609000178752441727325032  -0.249397195818760390621500266192
 130  -0.075224822698054628319738541924  -0.249397170943870038594807126090
 131   0.003696801254992663895334679400  -0.249397170883382025009274811648
 132   0.477217924621612711933156874933  -0.249397170840007983549307606157
 133   0.240457957400069967336021492060  -0.249397170838697576580969444853
 134   0.398297873233294675665008703763  -0.249397170838374836706775092359
 135   0.319378084384712625258592663155  -0.249397170838244698812507562321
 136  -0.477217924621612711933156878687  -0.249397170837739831264725665557
 137   0.082616139212667630909103380428  -0.249396503606232314518952162250
 138   0.161536997874739784997427461451  -0.249395752343029807886127860062
 139  -0.278744862845246265438880528764  -0.228758753988527359999405787882
 140  -0.194064208976648393787125075614  -0.227435361166839487096927826423
 141  -0.358686349645956995029699870560  -0.226638862363467023523294137614
 142  -0.114685837415375652114032776531  -0.226616664066819992608681164416
 143   0.279917992491091894369307776458  -0.226615296058815742188129005208
 144  -0.437758212564381031326555367387  -0.226615095459354175776473877857
 145   0.358837908473985968348686836623  -0.226614896491966639173512013011
 146   0.437757954893731693513453023222  -0.226614747844099543473928698234
 147   0.043156248618347470708941990693  -0.226614637047877860209105136109
 148  -0.035765408066909304629074132415  -0.226614580416157095096768478750
 149   0.122075904762322925459020423217  -0.226614520879693380348949331534
 150   0.200996349849054525169001968711  -0.226612732772154547201253362812
 151  -0.233878476315990443808377521874  -0.205278737994129208408196906344
 152  -0.318797554890161508223116449700  -0.204026732794074567245859181865
 153  -0.154148956342324146144364157685  -0.203836837950500520436660016474
 154  -0.398298481162531574178907423712  -0.203833053586862213946067217685
 155  -0.075227030943482537647261372757  -0.203833020240606257590127301979
 156   0.003694601403177180826560829003  -0.203833020179712224587717321628
 157   0.319377598554392788315460692849  -0.203833020084060219232354487948
 158   0.477217910666208379751983757883  -0.203833020083235544548727544702
 159   0.240457677702868924198531569584  -0.203833020082781466181558637524
 160   0.398297926890969162806868403644  -0.203833020081631854995277668813
 161  -0.477217924621612711933156878687  -0.203833020080965255131039422931
 162   0.082615784851639695811268997398  -0.203832257136209737588188799838
 163   0.161535804932851186146783961009  -0.203831601601871789135617230882
 164  -0.278273292015582466313581186317  -0.183197043582324528607197676352
 165  -0.194068914403608751911638448778  -0.181871210653030516275279649855
 166  -0.358825185480935467062775976995  -0.181074521951025790759600632698
 167  -0.114690220703669347167671506929  -0.181052513520882401154662922675
 168   0.279917505312687868140298482138  -0.181051144848520091871850100912
 169  -0.437758212564381076066244376552  -0.181050944702579522151373156519
 170   0.358837347733885192081851058011  -0.181050745257044490876717193170
 171   0.043154018876113047468568135320  -0.181050434573967955267641513737
 172  -0.035767616312349742871159975836  -0.181050429712867022197587265162
 173   0.122075605661476850754541659308  -0.181050370123900511485537038977
 174   0.437757630631215031384301327656  -0.181050330215161082958395681981
 175   0.200995096186998704665424521421  -0.181048567268827656215297070442
 176  -0.239049374970513231497379706007  -0.160008950704031018650830168903
 177  -0.319266354978424963831019326193  -0.158464993794522263555008495269
 178  -0.154151231198560386606250820854  -0.158272687250513690950677313938
 179  -0.398298481162531574178995155968  -0.158268902830087637812380975059
 180  -0.075231414231776232700900103155  -0.158268869694668666136109060239
 181   0.003692418176472948699972468669  -0.158268869475242791484699890371
 182   0.240456471178874163636383266786  -0.158268869341981072886907564231
 183   0.319377101818278460303466727857  -0.158268869329993328452030576139
 184   0.398297428427795860797136044746  -0.158268869327583825181658645388
 185   0.477217882633086133690090912891  -0.158268869326469592036131681795
 186  -0.477217924621612711933156878687  -0.158268869324190678997353180305
 187   0.082613568845451520393786810817  -0.158268078453422361017267136361
 188   0.161534830486559318955343516532  -0.158267450855517088716404970572
 189  -0.278742092103845921921484062810  -0.137635304582772224916346989756
 190  -0.199234788542692769816452421455  -0.136600849724877710837470685281
 191  -0.358825185508758430826805135554  -0.135510371145993968006734997168
 192  -0.114692500364804449298224043139  -0.135488360417721217695657144586
 193   0.279916298558510980448224052219  -0.135486993709027893971970539968
 194  -0.437758212564381134413102734440  -0.135486793945804844957963775997
 195   0.358836759240629024258284832469  -0.135486594308160436430377906953
 196  -0.035771877439756197861003731023  -0.135486279155269536278971524821
 197   0.043151854347256837120793950366  -0.135486271454220582453235919142
 198   0.122073405808848454679081555382  -0.135486219420230750311687591022
 199   0.437757514412891216055387422348  -0.135486044848327893188554297405
 200   0.200993794019318726987711032118  -0.135483591788671714501013355513
 201  -0.239049374970755158087478618147  -0.114444799947256442517144568542
 202  -0.159314678149518399066257377894  -0.113002049417910497293022380547
 203  -0.319266354978666890421118238334  -0.112900843037747687421322894907
 204  -0.398298481162531574179109571193  -0.112704752073313061678694732433
 205  -0.075231894892581354040805013010  -0.112704718940429359570153886716
 206   0.003688230675393633618767362139  -0.112704718910891041575689281514
 207   0.240455688791314530645191274798  -0.112704718591923732599239759188
 208   0.319375895294289086794095922316  -0.112704718589192935014732085590
 209   0.398296915360620180327327553626  -0.112704718573697900788397298059
 210   0.477217882664018415536390681814  -0.112704718569695015912944988094
 211  -0.477217924621612527645165661650  -0.112704718567416102863666937680
 212   0.082611392207828501556507245582  -0.112703887215565035119295829797
 213   0.161532630633930922879883696465  -0.112703300151847327542555522604
 214  -0.278742092104087848511582974951  -0.092071153825997648782661389394
 215  -0.199234788542692773064467455718  -0.091036698968103134703784442655
 216  -0.358825185508758804354244878902  -0.089946220389218744012512226831
 217  -0.114692613082156889617914053293  -0.089924209661086062590676080281
 218   0.279915516154608898506739949224  -0.089922842930664270900803076282
 219  -0.437758187683072117959032776375  -0.089922643189036805176303458121
 220   0.358835922550053643943044017713  -0.089922443487027606093539415245
 221  -0.035772174053223107380394904956  -0.089922128399460406898938032549
 222   0.043149598379949766623601139888  -0.089922120753242113594505605604
 223   0.122071252572039852170111693093  -0.089922068714334207450902170501
 224   0.437757389859508359955330240780  -0.089921704361605300051769756169
 225   0.200991663839174223174256559635  -0.089919394648857138680850292596
 226  -0.239049374970755161335493652410  -0.068880649190481866383458325916
 227  -0.154467229787726998577848069225  -0.067696485978462499995713418100
 228  -0.319266354978666893669133272596  -0.067336692280973111287636652281
 229  -0.398271299926903911210143213199  -0.067140609424004812761648928200
 230  -0.075233805230946078035564016616  -0.067140568223701537394649223485
 231   0.003689584488782613416953258514  -0.067140568174228885646751061662
 232   0.240453847281311935174623488625  -0.067140567872362174098058977628
 233   0.319375503074742149384239451496  -0.067140567834106486174626137924
 234   0.398296634649468813211963830136  -0.067140567817788025841870604256
 235   0.477217882663999877416556079790  -0.067140567812920439779258749240
 236  -0.477217924621612711933156878687  -0.067140567810641526729980695054
 237   0.082610088354464439312156808578  -0.067139728173581463233506527525
 238   0.161530484599854628738223790638  -0.067139149445610972605552196033
 239  -0.278742092104087851759598009213  -0.046507003069223072648975146768
 240  -0.198925004571039733830389457730  -0.045473601311370136322691092900
 241  -0.358648682875287140220864933474  -0.044381070356458114465230526140
 242  -0.115330148057542126802286089814  -0.044364519326872439433686289603
 243   0.279914941797913630386448771173  -0.044358692177319000246836297801
 244  -0.437758212564373596586523215195  -0.044358492432268748589205667302
 245   0.358835605566596094044253928250  -0.044358292730106216946096743860
 246  -0.035769830174958544213627668557  -0.044357977702971880559664178342
 247   0.043150193160010315537731473053  -0.044357970000349573168343680953
 248   0.122069953512761827418741617083  -0.044357917976078082557242737752
 249   0.437757282236925982754650895821  -0.044357393790476784161305156968
 250   0.200990555157813172312762943013  -0.044355243905570955725882202184
 251  -0.238739590999102122101415654423  -0.023317551533748868002364976161
 252  -0.159620421422301886746503609407  -0.022424679628776953444373666804
 253  -0.318956571007013854435055274609  -0.021773594624240112906543302526
 254  -0.398298471804081292049097439684  -0.021576466769114752421651084413
 255  -0.075229839744900365613450794049  -0.021576417639486740685566660871
 256   0.003690179269037886773461905824  -0.021576417421336347762461040105
 257   0.240452524063039675800958467420  -0.021576417134801240349114399666
 258   0.319375137373221912650304576062  -0.021576417078799484874272300826
 259   0.398296393685210157296570993073  -0.021576417061650614814804590129
 260   0.477217882664032623735378167905  -0.021576417056145863645572518381
 261  -0.477217924621612051013173590560  -0.021576417053866950596294452433
 262   0.082609710395517723470670774876  -0.021575557184171059596809915815
 263   0.161529786509760094530588821856  -0.021574998694184128976711552373
 264  -0.278432308132434812525520011226  -0.000943905412490074267881797013
 265  -0.199233592830722136397763059975   0.000089504459330650762490923547
 266  -0.358825566135251134354833750129   0.001182741306864455077203005045
 267  -0.114695580557744188570318823786   0.001195212435664106174880924199
 268   0.279914585960352235804337855589   0.001205458579045581546951111724
 269  -0.437758165918928260145025892845   0.001205658324481956337320742420
 270   0.358835231484685097658832493331   0.001205858025132777675728040163
 271   0.122069587235794604868698402398   0.001206232779224296525783350291
 272   0.043149819990041834217901985720   0.001206234292678168713533715972
 273   0.437757160207000000000000000000   0.001206930216000000000000000000
 274  -0.035770885598110690294643580664   0.001206970428102879428422234938
 275   0.200990226799207454976071423252   0.001208930970308177957917515643
 276  -0.239048179258784524668789256668   0.022245554236951919082817040286
 277  -0.154768563512447743420981858493   0.022880411796014001971248047819
 278  -0.319265159266696257002428876854   0.023789511146460674178638713921
 279  -0.398298389655575183167866021599   0.023987683987585770131052712077
 280  -0.075241900020659897973023337628   0.023987731521183754413686905061
 281   0.003689682933617066624380200896   0.023987733332734909579187860169
 282   0.240452283566870501136524794320   0.023987733621338643746780574456
 283   0.319374826309527566012741925322   0.023987733676913284769721832123
 284   0.398296128890589738895665241632   0.023987733694354538539804704564
 285   0.477217882613826969153673938525   0.023987733700628712460453735964
 286  -0.477217905981013001882252156879   0.023987733702903812540472728640
 287   0.161529444226742001381466287739   0.023989152061304812918974669470
 288   0.082609023479140587381445890131   0.023989190514204337540032416097
 289  -0.278740896392117215092893613471   0.044619200358210712817300219434
 290  -0.194381705956542823382660097109   0.045394646846086523893863627931
 291  -0.358825495951013581616749496207   0.046746912814030269472196554053
 292  -0.114715627632117075518396011383   0.046764239348654258780474925277
 293   0.279914283806028422663490330667   0.046769609335007416263246947198
 294  -0.437758073600124940508770047007   0.046769809081163009128800435321
 295   0.358834911433588520386148796153   0.046770008780783379361334918163
 296   0.122069244952776511719575868282   0.046770383534713238421469572134
 297   0.043148932145783219035236625351   0.046770610363484253885600364404
 298  -0.035782945874006470255011207125   0.046771119588773338464593822739
 299   0.437757045142000000000000000000   0.046771236039000000000000000000
 300   0.200989502182596953461637118519   0.046773139130874273917639648360
 301  -0.234196320777941581423862216875   0.067550645600593970410920443817
 302  -0.154792636118882596220527482562   0.068444556193727656522715053048
 303  -0.319265077224625579707428934531   0.069353661903161388501567702845
 304  -0.398297488320726810295724463791   0.069551834735445393440231030073
 305  -0.075247554840232582934879219838   0.069551881927057633490072822365
 306   0.003677532256052748324785901803   0.069551882469387466047313187635
 307   0.240451666725825807185697078462   0.069551884373937866361121504594
 308   0.319374425288353587524482667853   0.069551884431923118454452318664
 309   0.398295886063584974395754144688   0.069551884450482060429485860524
 310   0.477217924621612711933156860905   0.069551884457383924093389909528
 311  -0.477217922877483862724265122674   0.069551884459675255830434139572
 312   0.161528686468051750239530374619   0.069553302811778402167643029109
 313   0.082608174678989665925158044785   0.069553498961984498650451682131
 314  -0.278740814350046537797893671149   0.090183351114911427140229208358
 315  -0.194405829545107394207777716229   0.090959214549282453829372027490
 316  -0.358824636930561314101339322319   0.092311136950495639429132028322
 317  -0.114710951103098606309827680904   0.092328389865438367025013287973
 318   0.279913891819769089539259604583   0.092333760090095922943898055831
 319  -0.437757870413334622817041159968   0.092333959837484544098829385948
 320   0.358834501701888133624647043001   0.092334159535715742676484899140
 321   0.122068487194086260577639955162   0.092334534285186827670137931772
 322   0.043136781002618852332218890478   0.092334760306541896279203723442
 323  -0.035788534480391990603560826940   0.092335270002816612346368329457
 324   0.437756889849000000000000000000   0.092335604969000000000000000000
 325   0.200988611519005273447894753421   0.092337435019027997334666212819
 326  -0.239207999028519161320947121904   0.112838336150000095181559222902
 327  -0.154786575898630474499863389710   0.114008706547485068321471324507
 328  -0.319264176266445937517882879051   0.114917812651028461389154023531
 329  -0.398298129645576069035072118002   0.115115985487706579601034229024
 330  -0.075254453630947627016241408276   0.115116032161565111342934935758
 331   0.003672341275493033766070445721   0.115116032930465987155062187643
 332   0.240450971593467578291290955191   0.115116035125409929582141026784
 333   0.319373882328936825624312112280   0.115116035185462641115567736092
 334   0.398295564099861108969650997417   0.115116035206119112459629211770
 335   0.477217882561892462867169979823   0.115116035214139087815804917756
 336  -0.477217924598550281533938619222   0.115116035216449799459732955269
 337   0.161527712016534299276590435116   0.115117453558132990830917804962
 338   0.082596024001425640818295419171   0.115117648098637055196763268184
 339  -0.278739913391866895608347615668   0.135747501862778500027815529044
 340  -0.199386703965798052124744050214   0.136250348372902577029980399707
 341  -0.358825278255410572840686976538   0.137875287702756825589935227273
 342  -0.115980242127770610892265695563   0.137887296325787131100578592236
 343   0.279913358695146766442644143687   0.137897910843751629569468138142
 344  -0.437757814799814717350972977087   0.137898110594256026205910577208
 345   0.358833950227854140535661369137   0.137898310289153051212634540387
 346   0.122056336516522235470777329548   0.137898683421839384216449517826
 347   0.043131589838030168751969491950   0.137898911086352969497816374974
 348  -0.035790991317421566113684107819   0.137899420693354376271025540180
 349   0.437756646691000000000000000000   0.137900119175000000000000000000
 350   0.200983613779052072857242928223   0.137907176547142517390093070440
 351  -0.239203540884144277449571870683   0.158402486688675014185993481713
 352  -0.159777644718492642004386482451   0.159298673054665009594785179988
 353  -0.319264817591295196257230533270   0.160481963403289647549957222482
 354  -0.398271837841134279116527290042   0.160680128658922916802329057395
 355  -0.075251644347260235591942484808   0.160680182831735693847151427097
 356   0.003669984449710911946966650250   0.160680183626286637025087832668
 357   0.240449567225335598057826382129   0.160680185860541944427698657248
 358   0.319373212780427212196327858927   0.160680185937317832170150869154
 359   0.398295054954782879743342898993   0.160680185960049032143150031703
 360   0.477217924621612711933156860906   0.160680185970894251538219925983
 361  -0.477217924621612711933156878687   0.160680185973224375587582639032
 362   0.161515561338970274169727871894   0.160681602694785547377229391033
 363   0.082590833020866030037328605051   0.160681798559715576316335341162
 364  -0.278740554716716154347695269887   0.181311652615039686188618727995
 365  -0.199389854672346541409858534029   0.181814548715137982452830459557
 366  -0.114727707797131980196826113302   0.183434228076857398076895236040
 367  -0.358708026711169378408166789563   0.183439396043813241709376762335
 368   0.279909394642732912805981601501   0.183462061428091257691091391831
 369  -0.437758212563099624406897363973   0.183462261349390569185672073654
 370   0.358833263205830808548953278124   0.183462461040748124900985453668
 371   0.122051145535962624689810515428   0.183462833882917905336021590804
 372   0.043129285070653836363907889135   0.183463061785077618848613242133
 373  -0.035792529257456137633159939804   0.183463571424173683719496020220
 374   0.437756419497000000000000000000   0.183464604291000000000000000000
 375   0.200974570115019825318588016630   0.183471326406414796484721827819
 376  -0.239207699244485685902337403141   0.203966637255695578911553098656
 377  -0.155067622633367593731292406823   0.204618729609613343766554092345
 378  -0.319147503983806430717174339996   0.206045963136671035046220424692
 379  -0.398298462925536236911593387569   0.206244271636608360892838363709
 380  -0.075257360001882538001502012321   0.206244333230018919353549892876
 381   0.003668498480038266454092339962   0.206244334358830476582596630470
 382   0.240442156070893839127301708295   0.206244336014592563123059383252
 383   0.319369190012982647327758563280   0.206244336516511375015513244121
 384   0.398294651682559433999715581751   0.206244336715038998188587469917
 385   0.477217882611972989475030065210   0.206244336727649461461845195279
 386  -0.477217924621424823281827626686   0.206244336729998951721268494268
 387   0.161510443112827614318980502169   0.206245753164094665525306068364
 388   0.082589930141977887592452748486   0.206245949307544629783694310989
 389  -0.278623241109227388807639076613   0.226875652348421073684881930205
 390  -0.197183761123961460034013599883   0.227325261579713669074899566891
 391  -0.116267593032844377305948956178   0.228972373161426145396255997496
 392  -0.358825890393184027042301361323   0.229004057484991799246679252151
 393   0.279908650966231880010924789729   0.229026212178796865907681277424
 394  -0.437758141254163570078372507794   0.229026412106112919904318761543
 395   0.358829266123799417054171428249   0.229026611622202141657961245581
 396   0.122050243311283389690660389413   0.229026984630759917618734937421
 397   0.043129730336717204882069069998   0.229027212539676560586623267596
 398  -0.035798406146430925722077043151   0.229027721801946088277612155922
 399   0.437755387658000000000000000000   0.229030483148000000000000000000
 400   0.200973621382326636307219840788   0.229035477153312158753191826325
 401  -0.237000579332053221526369661360   0.249477300356536301442965821053
 402  -0.156607520021138964839322771389   0.250156851553993264434128442047
 403  -0.319264989292355062119056346838   0.251609962427650272044266673740
 404  -0.076643369725254205372408004157   0.251787398687153009517561136690
 405  -0.398272729388753751737765635426   0.251808415126540944541342736733
 406   0.003669553101919225263316959515   0.251808485103399982573713693768
 407   0.240441438581408660593552075178   0.251808486765718058204827531491
 408   0.319368413834004253470854230976   0.251808487266674900613437408026
 409   0.398292447844758972138956969992   0.251808487418516179628013443009
 410   0.477217882610387946327136065932   0.251808487484424037595503868404
 411  -0.477217924621612711933156878687   0.251808487486773527854954349505
 412   0.161509494380134425307612326327   0.251809903910992027793776066870
 413   0.082588982587185278085473851447   0.251810100054466502968002903199
 414  -0.277453019204427348092040773646   0.272424773249703102087694700045
 415  -0.196103152947024331815465054445   0.272876596578306386447315245888
 416  -0.037184415869802593092983034987   0.274570787259080178441623399736
 417  -0.358799057477166345129605047962   0.274571072099491933389262024228
 418  -0.116100022716865559183554434771   0.274574771701295029801064823003
 419   0.279907615928829070359501563939   0.274590362923815462751085559481
 420  -0.437758212563335660343531444992   0.274590562863348547687754373190
 421   0.358828456288773034343706877791   0.274590762371779911101350889660
 422   0.122049295102282248478186546751   0.274591135377668181146903345051
 423   0.043128801648463056894292029272   0.274591363286986877437985708211
 424   0.437755169434000000000000000000   0.274594954372000000000000000000
 425   0.200972683602628569019393144121   0.274599627900436266836954529093
 426  -0.235919971155116093307816270720   0.295028635355129018815381385107
 427  -0.156460137262706539493223721011   0.295720763946462351310544075496
 428  -0.315795616349406363575765651207   0.297041837642842707082508655492
 429   0.002276183338548893207992750643   0.297351325977555016819477476522
 430  -0.076641068861413946904129465601   0.297358160273222198725127086049
 431  -0.398298454537280141512070392026   0.297372558621210242167323199631
 432   0.240438551776971419061359506915   0.297372637431043109560513259913
 433   0.319367543722905205815528493015   0.297372638015141483377551464087
 434   0.398292058074298961167233143208   0.297372638173623644568177047401
 435   0.477217924621612711933156860908   0.297372638241179246057709432459
 436  -0.477217924621443984495869961342   0.297372638243548103988640279725
 437   0.161508556600436358019785629660   0.297374054658116135877538769639
 438   0.082588044807487210797647154780   0.297374250801590611051765605967
 439  -0.275305744427991218360350404105   0.317938299208703052414440644395
 440  -0.195953303417391217092914657040   0.318444796626964944155376352246
 441  -0.355364994658094697970710609393   0.320005629946363854615975099227
 442   0.041735431885092724838967820399   0.320134204161141911683749490966
 443  -0.037180469653062460603153679971   0.320138698991697037102981162835
 444  -0.116097845239217526472086095066   0.320145319641122415660528329744
 445   0.279903441803738322301386233574   0.320154513489394548347122161887
 446   0.358827568613760355549035653312   0.320154913119907701163951317430
 447   0.122048357322584181190359850083   0.320155286124792289230666047819
 448   0.437754921998000000000000000000   0.320159480025000000000000000000
 449  -0.437754614837752853598407946088   0.320160787748117419477008008907
 450   0.200971709143337455766142696918   0.320163778646790689249194099097
 451  -0.235772506902196444685013103702   0.340592547483920067445124263113
 452  -0.156461310841602323110611349205   0.341284914688123209729955339762
 453  -0.315800924519312232692024533790   0.342605988090419510656059588020
 454  -0.394827733152785825887670496257   0.342804330843492029795039124804
 455   0.081194675044116878742322945907   0.342917091675745645297529388721
 456   0.002278778893481371027821389785   0.342921577175283931967253177279
 457  -0.076633773485464328330056802804   0.342931870137772022772362749959
 458   0.240436996644122235841829549141   0.342936788161278859235841240156
 459   0.319363045989312609270130801346   0.342936788549925665931440982308
 460   0.398291824166873476460512473996   0.342936788929797828915903038177
 461   0.477217882391457649483700282561   0.342936788997934252135035810298
 462  -0.477217924621612711933156878687   0.342936789000322680122326209946
 463   0.161507582141145244766535182454   0.342938205404470558289778339636
 464  -0.275311052597897087476609286689   0.363502449656279855987991576923
 465  -0.195954476996287000710302285233   0.364008947368625802574787616513
 466  -0.355361581086393958983272888078   0.365575248156119427611779186345
 467  -0.434281545936853303648275764541   0.365596621008936897579170131957
 468   0.120654987559213849135035641211   0.365698126998947323476429830573
 469   0.041738022052505524931176515293   0.365704464689887665581033075034
 470  -0.037174075068120057897375355984   0.365715526996906151515504972657
 471  -0.116092082459959629866691840380   0.365716375553939052755771043260
 472   0.279903218645900521023884250069   0.365718664245622648582205251223
 473   0.358822642759351521900820322257   0.365719063610419861287240020723
 474   0.437754083942000000000000000000   0.365725095608000000000000000000
 475   0.200469961045142103482283638346   0.366561377895585717951730182462
 476  -0.235773680481092228302400731895   0.386156698225580925864535527379
 477  -0.156459163779974764910797696066   0.386849065394311156259813543555
 478  -0.315794387983621406467494424229   0.388170138378335364004037681964
 479  -0.394814849979800099180841395926   0.388368479778920802915144209643
 480  -0.473747111828308217843566924498   0.388368554239414095314034898448
 481   0.160114212377774912711210973582   0.388481046278625592535542122391
 482   0.081198334567602495323889210597   0.388485500013089343759933516887
 483   0.002285168090904096005979769524   0.388498414511509885129284870413
 484  -0.076632833789134962025910418298   0.388499253522275337185876755615
 485   0.240443621373757549004262940548   0.388500938436457243582652820788
 486   0.398282470437417397646925247792   0.388500938726472697207461116636
 487   0.319362815415939433654491555392   0.388500939306116843938146689552
 488   0.477217924621612711933156878687   0.388500939754689258212362188138
 489  -0.275304516062206261252079177127   0.409066599944195709335969670867
 490  -0.195944862102782829689192477740   0.409586071840769176279095814772
 491   0.120657559386163558900064542968   0.411268419292767612819045808704
 492   0.041745480606001066398692464828   0.411279449834711563308185312265
 493  -0.037173590630110808122555292790   0.411282141036879070799656653370
 494  -0.116119958266646124865460937244   0.411328459473056996661702048619
 495  -0.355022453113456026741500913119   0.411348808321960997231439697315
 496   0.198800035707862129175231619223   0.412553829820612605730154665328
 497  -0.435217382431000000000000000000   0.412724627623000000000000000000
 498   0.279631777575000000000000000000   0.412870323777000000000000000000
 499   0.361810669406646067753232093756   0.415812100616035516341111631158
 500   0.448109515184823897381595700178   0.423555074093542144325615241493
 501  -0.235771278937343294987445586413   0.431720848919066575438028416483
 502  -0.156511674005598773494773240336   0.432414026428909193264488856774
 503  -0.313646318588154042500466011138   0.433683626841189292473158555883
 504   0.403698729925262545508308095003   0.433742025885673553391931960662
 505  -0.477217924621612711933156878687   0.433800319478505510505743586950
 506  -0.394596263775761211366660911304   0.433932106217753402148156748037
 507   0.238979254700268900229959474956   0.434041551787966432145215934476
 508   0.320060041451933243224452388770   0.434059755248158330865659956328
 509   0.081204705424562129974867797199   0.434062369114389832367297604082
 510   0.002286721884986162270157402514   0.434063176360080748978557095222
 511  -0.076633421739620912243650903773   0.434064010209425465794833850799
 512   0.159343382716250775364085188609   0.435341202834754626013658351641
 513  -0.197207979618000000000000000000   0.456740086462000000000000000000
 514   0.477217924621612711933156878687   0.458609208432395030438868294848
 515   0.201138217524000000000000000000   0.465795114092000000000000000000
 516  -0.282668660366560521247008695707   0.467097344462732401711214437744
 517  -0.103060460473170497358142411814   0.471181438163980063670272281541
 518  -0.418028147630704505049118188527   0.473009448159018150735833691243
 519   0.299017228209504802880557909637   0.474473760803539245720488071005
 520   0.050258720859489047076676616083   0.477164381658432257066557320843
 521  -0.463397526732141067996663965570   0.477217924621612711933156878687
 522  -0.372658768529267942101572411483   0.477217924621612711933156878687
 523  -0.327094617772493365967886168857   0.477217924621612711933156878687
 524  -0.238242702960627676526131222557   0.477217924621612711933156878687
 525  -0.148222974413748460060449965518   0.477217924621612711933156878687
 526  -0.057897946532592534655834858110   0.477217924621612711933156878687
 527  -0.012333795775817958522148615484   0.477217924621612711933156878687
 528   0.095822840156773561093808750775   0.477217924621612711933156878687
 529   0.141386990913548137227494993401   0.477217924621612711933156878687
 530   0.253535788048427475411639315438   0.477217924621612711933156878687
 531   0.344498668370582130349476503836   0.477217924621612711933156878687
 532   0.390062819127356706483162746462   0.477217924621612711933156878687
 533   0.435626969884131282616848989088   0.477217924621612711933156878687
