   1  -0.476907482488751646954713056793  -0.476907482488751646954713056793
   2  -0.397432875696057414704658060728  -0.476907482488751646954713056793
   3  -0.317437954412871244909241691714  -0.476907482488751646954713056793
   4  -0.157468941238598493547764863042  -0.476907482488751646954713056793
   5  -0.077474117219920235693461800308  -0.476907482488751646954713056793
   6   0.002520710196694415268393993126  -0.476907482488751646954713056793
   7   0.082515537185404636711322210161  -0.476907482488751646954713056793
   8   0.162511151062094757076464346951  -0.476907482488751646954713056793
   9   0.242666457265454097495272678635  -0.476907482488751646954713056793
  10  -0.237443075860012184703376964704  -0.476907482369972888126158259600
  11   0.322728542811597208313351544869  -0.476907452176042464252730125034
  12   0.476900511469000000000000000000  -0.476906947834000000000000000000
  13   0.393481809201000000000000000000  -0.476904320731000000000000000000
  14   0.435197833429000000000000000000  -0.457050750774000000000000000000
  15   0.202587099685337376835385867669  -0.453951504971917312391173102625
  16   0.282697483524416335718025880299  -0.453873215741168039728156287737
  17   0.122513196582646164212085539391  -0.453815390708847777799216182259
  18  -0.357435419565163471391721287289  -0.453815038636130464862494234124
  19  -0.277440516577208561244472366116  -0.453815006947754607013184657371
  20  -0.037476703511612910212533903591  -0.453814965157898421874776540539
  21   0.042518123691049525989858101644  -0.453814964787322315624189410542
  22  -0.117471529229259364620613331675  -0.453814962215199404343187903340
  23  -0.197456007855258721828051633500  -0.453797052734547065288798012849
  24  -0.437170754177597212668989701527  -0.453369218254642433912784690633
  25   0.357332908913077540743031621331  -0.446319888954014770339957145215
  26   0.242505533674525671988523702768  -0.430722727822009830238690939920
  27   0.162510364391543135283833129065  -0.430722447472954627857256957692
  28  -0.317438048487870661875654741263  -0.430722447466350752261824595203
  29   0.082515539827519165046701581163  -0.430722447466255015880912433151
  30   0.002520709921006435179054919223  -0.430722447349539609853022452657
  31  -0.077474115520952039139685434958  -0.430722444884346179263251387086
  32   0.476907141944000000000000000000  -0.430721057225000000000000000000
  33  -0.237453447824628480294587781777  -0.430704580889248437497204965630
  34  -0.157458559212898592700448844622  -0.430704469076436989094653283866
  35  -0.397172730340030729385409018194  -0.430277757730918286192248834543
  36  -0.476907482488751646954713056793  -0.429830954020533220870856324472
  37   0.399577643022000000000000000000  -0.427651386229000000000000000000
  38   0.317274452888671401129002296013  -0.423254734524137985743396216324
  39   0.202508029961451351502649520967  -0.407630366384689192660227582788
  40   0.042518123482747174462440981141  -0.407629929764825610003355014752
  41   0.122512952111465161809992349067  -0.407629927668335751140297923930
  42  -0.037476702088332693748096612145  -0.407629927075987367241497299204
  43  -0.277450908429527021230625217829  -0.407612144785865222535031545798
  44  -0.197456009786111609755527011358  -0.407612015597591805757554079929
  45  -0.117461114932843913528585489089  -0.407611898848767396153866436450
  46  -0.357175359262737919869342472168  -0.407185166561138573591579195623
  47  -0.436909498129895642813518812044  -0.406739425087488227260160869069
  48   0.439242038651000000000000000000  -0.403990103993000000000000000000
  49   0.357256155188732983002967834625  -0.400134895591379638542256083934
  50   0.276921452691036333546372350134  -0.399923345063937759826802376611
  51   0.162510367581176969500454534729  -0.384537412450458031908030711523
  52   0.082515537191901718936839102528  -0.384537412435439811280592864373
  53   0.002520711473408045535289449774  -0.384537409491273367391829861299
  54  -0.237453450189295363814970034535  -0.384519544503683056850795945458
  55  -0.157458558972793737810732705937  -0.384519434053940283628203004953
  56  -0.077463588787299361266091253635  -0.384519186020078971195308697813
  57  -0.317188219204394279224312948734  -0.384074863880653043864786146217
  58  -0.396912093374377840212021757969  -0.383646892136561466260992837479
  59  -0.476907482488751646954713056793  -0.383645918998036514780282438058
  60   0.399244546424000000000000000000  -0.380896123054000000000000000000
  61   0.476907232203470323077157740347  -0.377260304597894808119593309156
  62   0.317056125124943413392757416767  -0.377070215548437558374715086831
  63   0.236923809722863541981309093765  -0.376830828020564018872113165777
  64   0.122512955366974142224150201599  -0.361444892531740070505337274377
  65   0.042518125182562590000931678733  -0.361444892161887568653902060210
  66  -0.197456009546006754814912695480  -0.361426980575095100202945246172
  67  -0.117461115071133017597254002337  -0.361426863676856686729128473715
  68  -0.037466172568634100913356118135  -0.361426663838276308612826142487
  69  -0.277190807767566132477655458600  -0.360982342615482878768063992161
  70  -0.436909528026328172923321388589  -0.360554338306123165008922312755
  71  -0.356924807679527733206295450818  -0.360536363580354843275686725562
  72   0.436909256204000000000000000000  -0.354166662862000000000000000000
  73   0.357037752457287630312373858017  -0.353950376970134439663410204248
  74   0.276921223057221749802614566593  -0.353738310042011927924966482135
  75   0.196926451720201488844841374324  -0.353738214204970662957094263116
  76   0.082515540381535570976212342612  -0.338352377412943215331367849079
  77  -0.157458559214291049597982805162  -0.338334399031443578169012764476
  78  -0.077463585433083759156788848504  -0.338334145045818775970518904430
  79   0.002533541346681518793151086634  -0.338330167082392344891292824159
  80  -0.237193394387858032260161566998  -0.337889824715479103627662117375
  81  -0.476907482488751646954713056793  -0.337460883975539808689708551643
  82  -0.396922359330941174273198825807  -0.337444085175620475657331053315
  83  -0.316927225272001075358679695300  -0.337443553692887825619140746714
  84   0.476907462485105436802152350789  -0.331075229568722593445078603053
  85   0.397035995201797476445020966082  -0.330859295631649817527220015836
  86   0.317040265087405115559132721521  -0.330857752212063203552528999631
  87   0.236923865054559696666146847151  -0.330645696226418572009947579474
  88   0.156929029391112114617853475843  -0.330645682956414026202785674589
  89  -0.117461113957007638851819613554  -0.315241826582590729053701504889
  90  -0.037466169411527863060422507522  -0.315241628815779710428631370377
  91   0.042531169686267252561677721465  -0.315237283639985783352368663760
  92  -0.197195981384066480210806856196  -0.314797306164368794507911386309
  93  -0.436919772658195109336781993526  -0.314351567184763423679359832034
  94  -0.356924807678220959345893481505  -0.314351328557858137185131326282
  95  -0.276929000207664620880441485936  -0.314349665621662424811865878546
  96   0.437034364985287731886953724921  -0.307768434350778958403018258848
  97   0.357037695512413134059304628183  -0.307765263835409417794076158857
  98   0.276921297579886541541330909007  -0.307553211443235963592228953348
  99   0.196926450948641556954524182253  -0.307553179182473963311299818880
 100   0.116931578278571640011627678058  -0.307553127495144495867155873938
 101  -0.077463581519977157290131287889  -0.292149108713891283079398117452
 102   0.002534130550612941976304756515  -0.292144117542410838735932667098
 103  -0.157198568209751787845912887061  -0.291704787908613213066076263978
 104  -0.396922357728573985008614028941  -0.291259047379967720913791259130
 105  -0.316927205073686360806421021833  -0.291258518670395536239706187085
 106  -0.236931026122930054022226071682  -0.291256199988885133128400098968
 107  -0.476907482488751646954713056793  -0.291242250393987038669011112424
 108   0.397035983351198663526024675233  -0.284674260609154631806741728059
 109   0.317040337535358205792551499114  -0.284672649975463467248569787734
 110   0.476907482488751646954713056793  -0.284461955410702941810263537826
 111   0.236923901852685326618405261949  -0.284460661203936525451938931797
 112   0.156929013776360643170113064882  -0.284460647904822120224964941384
 113   0.076948509766565144451252207902  -0.284435781358672818296073824109
 114  -0.037466165787823253497420373688  -0.269056593793283146497039186282
 115  -0.117201154532262495148188607733  -0.268612270524381588942585719492
 116  -0.356924787479906244793634808038  -0.268166293535365847805696766653
 117  -0.276928987090011857101898650752  -0.268164630563983589009504135048
 118  -0.196933161317294186747850782681  -0.268162919448202272182074672038
 119  -0.436910068884595496622668775256  -0.268149732882738685623724169217
 120   0.357037801796530554754596093267  -0.261580220201568278005198495852
 121   0.436910067485522049311705023554  -0.261369435476188124974492919221
 122   0.276921343860583330701114102550  -0.261368158801197025467840871846
 123   0.196926435328551920499721449786  -0.261368144159979898630439403980
 124   0.036950481129170109859933787849  -0.261344329149004972693732382618
 125   0.116946087331348240049288728625  -0.261343056019716789576037022045
 126  -0.077203739115100626065934144692  -0.245519756153351539865700589288
 127  -0.316927191976345473815070162043  -0.245073483647900687247846489169
 128  -0.236931014982890030027681634150  -0.245071164162498491798514895561
 129  -0.156934775745738954504938142751  -0.245068760429604716916765682034
 130  -0.396912645252266347817052083950  -0.245057232740804182714556878714
 131  -0.476907482488751646954713056793  -0.245057215371490332578437226009
 132   0.317040334346192499749067362668  -0.238487506868666960570446056472
 133   0.476907482488751646954713056793  -0.238276920388206235719689651412
 134   0.396912714552048295695750262899  -0.238276812880554128141402671090
 135   0.236923848662934746595454058333  -0.238275626181470447784244749953
 136  -0.003048507609992532005354561437  -0.238254540066521185603670209423
 137   0.076948614202789592821699785165  -0.238250641608064718468262916467
 138   0.156943546988662426352073973350  -0.238250486406020998748871431001
 139  -0.276928976044635253547511133497  -0.221979594901567778073525442969
 140  -0.196933137039625804132930849863  -0.221977884425711947002350037572
 141  -0.116936177115819086224251356856  -0.221974249303579206861026542603
 142  -0.356915225183121333420385492801  -0.221964726427248632478807639949
 143  -0.436910067691183801503971403346  -0.221964697860241994951905225311
 144   0.436910129659770299904535079738  -0.215184297611587180774037587095
 145   0.356915331704220581708919718866  -0.215184242097864196002830241515
 146   0.276921257323153681739756820357  -0.215183100107073765523207207713
 147   0.036950619602708843829236230121  -0.215159130440513155028131434145
 148   0.116946121640054115644405378882  -0.215157989236772440594340411313
 149   0.196941287970523048191832528134  -0.215157401757720636691174377665
 150  -0.042787725470067552840856489240  -0.214720479135633337691802339360
 151  -0.236930990705221647412761701331  -0.198886129140008166618790261095
 152  -0.156934739110622538600757645202  -0.198883720922146364920140212187
 153  -0.316917806614407234559078225197  -0.198872217514869018023515705474
 154  -0.396912644058854652698354712040  -0.198872197718307492042737934808
 155  -0.476907482488751628690795724688  -0.198872180348993626487863339595
 156   0.396912746844464813786406157560  -0.192091726772567270944612062402
 157   0.476907482488751646954713056793  -0.192091674834968125828385522779
 158   0.316918624190441889963438840406  -0.192090501645384730623309896560
 159   0.076948630174716847441756264354  -0.192065606585570774121402146458
 160   0.156943558553237002466931009790  -0.192065431259497281348705907392
 161   0.236938991596115720161686138535  -0.192064365553431498779504880980
 162  -0.002790311370139234280976645523  -0.191627962483087590283130609891
 163  -0.082518934789585207846762460714  -0.191172900363328089189051514756
 164  -0.196933101189541128229497313987  -0.175792846282664216284119224233
 165  -0.276920381111129412344191197375  -0.175779720613516228902541825775
 166  -0.356915223989709638301688120891  -0.175779691404751941806988696043
 167  -0.436910067032748760556228259812  -0.175779662837745293554807298551
 168   0.436910099670796060126646134614  -0.168999103991358134822862554669
 169   0.356916039193667018085851879385  -0.168997986557395099930667470878
 170   0.116946123505500427963632444076  -0.168972950889659543995108065983
 171   0.196941288652432567282025609699  -0.168972348552040086474480561680
 172   0.276937893381898695925324650760  -0.168969112743403985375656566761
 173   0.037207102784351409482485988875  -0.168535445925046567249580920214
 174  -0.122518598970395999282056990539  -0.168084281403944453629300435981
 175  -0.042521520689656889286882616997  -0.168080383710782341780379785287
 176  -0.236922950666352332320550065593  -0.152687232271103519754684854155
 177  -0.316917805415052180082841096138  -0.152687182492372327505654343766
 178  -0.396912643399358574159300909191  -0.152687162695810790660778834509
 179  -0.476907482369968872481404212998  -0.152687145326496920550037450079
 180   0.476907482488751646944751126054  -0.145906533156928319918294542378
 181   0.396913391978062144746047774712  -0.145905363703550915491339776616
 182   0.156943603467713691215096330766  -0.145880301383155062656121394760
 183   0.236938900676905220654162601212  -0.145879330531024283828580831964
 184   0.316935529437485992492906686665  -0.145876215438703496846534195022
 185   0.077204515356955456691229363667  -0.145442926627097653099899584827
 186  -0.162516900354540220375592292624  -0.144993301641006420083796279368
 187  -0.002524106262846467726329403818  -0.144987866693263337784013124056
 188  -0.082518933904632169393488750251  -0.144987865270911566663754806376
 189  -0.276920379911774357867954068316  -0.129594685591019538384680464067
 190  -0.356915223248957002100798653287  -0.129594656382255241656807274106
 191  -0.436910066450519850786419708941  -0.129594627815248591134150553118
 192   0.436910774814144903232009297124  -0.122812792900518186275570256690
 193   0.196941197976640969032828489444  -0.122787313487116246138033613804
 194   0.276937896587842845193052000362  -0.122784077675941151830150425686
 195   0.356933522414583780562355301582  -0.122782485644872674228880829028
 196   0.117201923071855841227590729987  -0.122350398915362098786223234180
 197  -0.122518376393103434016377145140  -0.121898862246945221249930276303
 198  -0.042521519581947849084453800689  -0.121895348688285648973538574928
 199   0.037473384364766749136832345875  -0.121895215695654884013514654819
 200  -0.202506913486827045762862049666  -0.121887970877116140613596556278
 201  -0.316917804203007690713649469693  -0.106502147469875637319061514145
 202  -0.396912642818190701979778160255  -0.106502127673314088226758369448
 203  -0.476907482465068293491480951030  -0.106502110304000214557372982506
 204   0.476907482488751646954713056793  -0.099719052726581411770630070186
 205   0.236938903856892200851208405234  -0.099694295508527687214130426857
 206   0.316935408923156507769268129906  -0.099691180416364024626239964816
 207   0.396934056669012838746611133020  -0.099684466610206024273761092193
 208   0.157199288511517074404613295862  -0.099257797980962342782265869631
 209  -0.002524106000108820604690591315  -0.098802831138382907044530686467
 210  -0.082518932649963581854810109023  -0.098802830248414877615424839334
 211   0.077471248472334021547084104741  -0.098801917902060786139460815352
 212  -0.242504324722539463551876882623  -0.098795449263603393766214054140
 213  -0.162509496997310179153409145620  -0.098795448368277028793488270108
 214  -0.356915222749045687422217332725  -0.083409621359758538269686302917
 215  -0.436910068380271119165572021130  -0.083409592792751925359016029227
 216   0.276937776237483702495900243125  -0.076599042124993908262255473902
 217   0.356933470213810570637320014526  -0.076597445407667160732685943775
 218   0.436930764454510624698406202304  -0.076590726474125616430940199836
 219   0.197196700177104040981351839935  -0.076165277112013994963178832245
 220  -0.042521519067535669728351665467  -0.075710312697492159345312989335
 221   0.037473419292856406697050023151  -0.075710120115265885592118177118
 222   0.117472313698120788138669865374  -0.075703075884803280654597954196
 223  -0.202506910436092936234118456350  -0.075702930570593558785411573460
 224  -0.282501737015227684545977776152  -0.075702929480826103571953496326
 225  -0.122512032087810117148676783458  -0.075702841993357983333293129643
 226  -0.396912644747941970358930472444  -0.060317092650817422451623845557
 227  -0.476907482488751646954713056793  -0.060317075281503508472871422668
 228   0.316935353427804151012022566474  -0.053506145393900659791461398430
 229   0.396934683844141889689238341940  -0.053495900303787519806055015129
 230   0.476907481822292499180998239329  -0.053462398794433755009473570035
 231   0.237194034362650470987134168056  -0.053072622044244801448100091464
 232  -0.002524095695040765377659755463  -0.052617778151341312754481793199
 233   0.077472437577095518096763303068  -0.052614823968803314885126069672
 234  -0.242504323281397996002441992331  -0.052610411744976611378434818871
 235  -0.322499149777674240664988776407  -0.052610410511694029491212235369
 236  -0.162509494748884136196778219748  -0.052610409451392271926440870173
 237   0.157469822195768327597099398622  -0.052610391718845320256986296524
 238  -0.082514517311877902892469560900  -0.052610149246614016854036836834
 239  -0.436910068884595458174385631932  -0.037224557770255222021964347492
 240   0.356932061799277017533678505275  -0.030412406426886253129066851531
 241   0.436911419618632757346404359647  -0.030367534028093763572014936368
 242   0.277191417900865704561406693704  -0.029980052457337493402019600930
 243   0.037474903605025023958562128411  -0.029522514873402672955736219566
 244   0.117472312373933638137879793741  -0.029518040862306593547138483232
 245  -0.282501736172618017305348464376  -0.029517892998886704324203913559
 246  -0.202506908853315324340951545876  -0.029517892806645723806065653867
 247  -0.362496562787455020872568572057  -0.029517891970957367219898929621
 248  -0.122512029121299824056699851181  -0.029517801832710828504076684632
 249   0.197467156381314757602881726742  -0.029517736651076126741907555743
 250  -0.042517062922032011599167736410  -0.029517560960345326367304411801
 251  -0.476907482488751646954713056793  -0.014132040259006802382297536254
 252   0.476907482456579139757947066427  -0.007272669303903069027351788902
 253   0.396934282696640492518865656977  -0.007239282041984669923080817363
 254   0.317188126272338571083062632504  -0.006886313490323086739625054031
 255   0.077473399702439428259946813905  -0.006428120006499676184108635088
 256  -0.242504322332101612623454178149  -0.006425375078250401314343650915
 257  -0.322499149183298870540524290520  -0.006425374459709014174611986414
 258  -0.402493974426366573242693498592  -0.006425371055805855701022782496
 259  -0.162509492189326604597131410318  -0.006425369995611448708403355416
 260   0.157469700330366828325036401712  -0.006425292223577599766357991058
 261  -0.082514489241428036775520095696  -0.006425065472552469563923809457
 262   0.237464716758509635038747520706  -0.006424868816041629421416798067
 263  -0.002519532084062313924172326877  -0.006424840229822112868248192159
 264   0.436930531054790356877519833288   0.015855253677381459304966286576
 265   0.357164358704487453664348437863   0.016242852092552036792618570795
 266  -0.282501735579142720202129008032   0.016667143051539338881675210956
 267  -0.202506908096096093556988126726   0.016667143527393152448831117499
 268  -0.362496560822210422910649217054   0.016667146455442497344264160711
 269  -0.442491388030522715281692571575   0.016667146455442511708239811392
 270   0.117472259086439007307120513840   0.016667177480479509821463576554
 271  -0.122512025958380440951648374692   0.016667238799764998975417308867
 272   0.197467100896847576979274985294   0.016667298371387251171077862238
 273  -0.042516991079822585152641865618   0.016667598660683217908539831568
 274   0.037477975774174815439085856795   0.016667843381669386372588201151
 275   0.277461430598228380647662058606   0.016668879373372213490353243765
 276   0.476907482488751646954713056793   0.038983176499717832531846808436
 277   0.397160607121352641814727605316   0.039337387649814413733428230242
 278  -0.242504321964233140378867913395   0.039759660581413174510774747063
 279  -0.322499147218054272578604935517   0.039759663966690850389551103918
 280  -0.402493974426366564949648290038   0.039759663966690864753526754599
 281  -0.162509490801244052122513405643   0.039759667562741333358197246523
 282   0.157469645097857991776879874220   0.039759742798886080149927032085
 283  -0.082514432295757002787768147896   0.039760068346862693625296654337
 284  -0.002519499578183652672919896814   0.039760253941563824426630017042
 285   0.077475461352038900476076684671   0.039760761676587609795482064927
 286   0.237463809340223825165293105567   0.039761037213870129967887339624
 287   0.317437408070471026911087099899   0.039798485620950138113502066939
 288  -0.476907482488751646954713056793   0.047466333169891825798777159038
 289   0.437137558589793301152871617137   0.062465310412552694892413243328
 290  -0.202506907682561424599194697739   0.062852179397779014901361900818
 291  -0.282501733613898122246560653980   0.062852181477939203434838047126
 292  -0.362496560822210414617604008501   0.062852181477939217798813697807
 293  -0.122512025804296663465435908475   0.062852274251775141247682544194
 294  -0.042516992723357726567109300119   0.062852633683179894755791073012
 295   0.037477905930075139690059596106   0.062853033550445856892293442114
 296   0.117472862240562955845183557162   0.062853352761289906507286018841
 297   0.197466353541234239962897994494   0.062853481641368958946736509470
 298   0.277439647328675636643924499276   0.062890884742554248261693609205
 299   0.357433126830423239850455394733   0.062893938439720631640788308277
 300  -0.436910068884595496622668775256   0.070558850681140178844064102245
 301  -0.322499147218054264285559726963   0.085944698989187570844100641014
 302  -0.242504320047739212676139620363   0.085944699055000707901639605804
 303  -0.162509488667919418412206595458   0.085944706442914426357319408958
 304  -0.082514433939292144178238133950   0.085945103369359370472547896635
 305  -0.002519658827965730783403841946   0.085945289253507311591809346700
 306   0.077475534155946921255696327298   0.085946018396093367425642530320
 307   0.157469570683939204031201677435   0.085947091603772785304095496227
 308   0.476907482488751646954713056793   0.085947444325387557252979678220
 309   0.237441882544050451902866133458   0.085983863435560038859851134392
 310   0.317435206528042439497437679573   0.085986613972851511345424085853
 311   0.397378288297773378649801535209   0.086076723763675409250004183106
 312  -0.476907482488751646954713056793   0.093651368192388531889351045453
 313  -0.396912655280439346290624493718   0.093651368192388531889351045453
 314  -0.282501733651895354715138693346   0.109037216566249075310902199692
 315  -0.202506906490535857735259581884   0.109037216647573687930875561981
 316  -0.122512027220726404606844262160   0.109037309667636982817775418357
 317  -0.042517100079047682390403173938   0.109037759000563616570601221275
 318   0.037477850739770812581180082742   0.109038068572909587261508274775
 319   0.117472242599323169441714447572   0.109039757238576246222452007706
 320   0.197444809622749535042005108162   0.109077990658629627931523219512
 321   0.277437492740470268129738800911   0.109079504333907123924391572688
 322   0.357376941351316499753988580147   0.109175302674222933719739030963
 323   0.437181071465803714872141654170   0.109503117257083827375365821810
 324  -0.436910068884595496622668775256   0.116743885703636884934637988660
 325  -0.356915241676283195958580212181   0.116743885703636884934637988660
 326  -0.242504320094691999774258654867   0.132129734158822055340138155870
 327  -0.162509488048774479787261920760   0.132129745384512045735065673893
 328  -0.082514585675264551784143817171   0.132130151817456182603336532559
 329  -0.002519714018270057892283355310   0.132130324275971041961024179361
 330   0.077474559183147060767198203016   0.132131807415392466058317752161
 331   0.157447368582290386182773947455   0.132170853958219204270816912727
 332   0.237440359249440228217291285829   0.132173738810606703746331464263
 333   0.317378879768793310461089059802   0.132268792070694474040432640558
 334   0.397183476440961387316857429531   0.132595320535635564639810218643
 335   0.476907482488751646954713056793   0.133058790188780097497751965400
 336  -0.476907482488751646954713056793   0.139836403214885237979924931867
 337  -0.396912655280439346290624493718   0.139836403214885237979924931867
 338  -0.316917827895963938550857098415   0.139836403520008692531971395858
 339  -0.202506907312310024795074585121   0.155222253093424973957012990193
 340  -0.122512154188663387808350793135   0.155222401015947293276156140379
 341  -0.042517149115117982124760554680   0.155222804560745243727987022926
 342   0.037476994425106190293734764964   0.155224063118453920757833656747
 343   0.117449669810741466297494351186   0.155262980633525180197068475583
 344   0.197442804534593006478311115746   0.155266796638615799595293385560
 345   0.277381631002741564784866108276   0.155363225125375479758620965495
 346   0.357186025109581603147774111120   0.155687772701292481891821632106
 347   0.436909972027371322705047296020   0.156151139937582596484025609413
 348  -0.436910068884595496622668775256   0.162928920726133591025211875074
 349  -0.356915241676283195952821576208   0.162928920726133591025211875074
 350  -0.276920414074124877040437904456   0.162928921408294911763840983383
 351  -0.162509573452198932816163457495   0.178314908724860221498103456678
 352  -0.082514640795243414039055122104   0.178315186839919996956702721733
 353  -0.002520440671741733938742434406   0.178316543403228122524796500312
 354   0.077452014833708235708753289726   0.178355323520980153062432613465
 355   0.157444996607572785034354512819   0.178359112279334557166517230984
 356   0.237383901983900636534129610450   0.178456583121694988203992337170
 357   0.317189251315513109984889446989   0.178781398360667909451704756488
 358   0.396912595610440367472022998263   0.179243721858874610773432239169
 359   0.476907482488751646954713056793   0.179243825211276803588325851815
 360  -0.476907482488751646954713056793   0.186021438237381944070498818282
 361  -0.396912655280439346284865857745   0.186021438237381944070498818282
 362  -0.316917827895963938540542035976   0.186021438542505398622545282272
 363  -0.236922996660056339234015467601   0.186021445518506349483601707737
 364  -0.122512187408200160659615567873   0.201407473971635633997426184801
 365  -0.042517932351867165853037001830   0.201408925682402875753512199118
 366   0.037454582806050751217949121878   0.201447810953999727414138676139
 367   0.117447359909093147648617291269   0.201451423531324649264135615644
 368   0.197385586103804571877760940870   0.201549773680382165266355598464
 369   0.277191926392441263255076173863   0.201874069471378835759924595902
 370   0.436910052919889008929039122627   0.202336315070820318020072406985
 371   0.356915841370840509663300729813   0.202337381443477657341781929101
 372  -0.436910068884595496622668775256   0.209113955748630297115785761489
 373  -0.356915241676283195942506513769   0.209113955748630297115785761489
 374  -0.276920414074124877056511602868   0.209113956430791617854414869798
 375  -0.196925214492670564991113613688   0.209114602096753585008008306099
 376  -0.082515478964823912473597447599   0.224501212814118512794235662187
 377  -0.002542951495737397372540750666   0.224540268216125275302719908170
 378   0.077449913557495371144451269405   0.224543935751645739631220418383
 379   0.157386544613981050545325940081   0.224644504148362611474971052376
 380   0.237194261966520272560485536261   0.224966152541138085670122581727
 381   0.476907482488751646949099178896   0.225428860233773509678899738229
 382   0.396913288282983063314269483140   0.225429956589844495661707675305
 383   0.316919951666225258102129569134   0.225432538229689303322792358361
 384  -0.476907482488751646954713056793   0.232206473259878650161072704696
 385  -0.396912655280439346290624493718   0.232206473259878650161072704696
 386  -0.316917827895963938556615734388   0.232206473565002104713119168687
 387  -0.236922997055523396794872338664   0.232206480541003053881049308336
 388  -0.156927694709988826127937380854   0.232207316782756900625617897047
 389  -0.042540502118124999111555047467   0.247632548403209193707972575184
 390   0.037452395843303274121123548381   0.247636364330516317865390482939
 391   0.117386234578095304632114618740   0.247741947060382784986420159636
 392   0.197196686683141492344562069913   0.248058390013494336457953297287
 393   0.436910752130744164181725833190   0.248522561121636631394757057712
 394   0.276921440200699811067006801843   0.248523154084869014664110177276
 395   0.356917411229590195371001463048   0.248525135333960199463001027461
 396  -0.436910068884595496622668775256   0.255298990771127003206359647903
 397  -0.356915241676283195958580212181   0.255298990771127003206359647903
 398  -0.276920414509490702946799909128   0.255298991453288321892988554623
 399  -0.196925222152395193426315183886   0.255299637119249655921177272517
 400  -0.116930986266612577941919260580   0.255301055625239779422427374432
 401  -0.002545154806999808367000293385   0.270728644469248542677652268779
 402   0.077388243071918203575637137549   0.270835191243102696701076719679
 403   0.157199273084269114188172410991   0.271150907533894451364674845784
 404   0.236923097796553175623346229103   0.271614062792624378103260468705
 405   0.476907456003685159287756853115   0.271616307962945510596405259746
 406   0.316919992813923233426001906653   0.271617644511425360616816682014
 407   0.396914863619384079561602176591   0.271617719969674497020933708497
 408  -0.476907482488751646954713056793   0.278391508282375356251646591110
 409  -0.396912655280439346290624493718   0.278391508282375356251646591110
 410  -0.316917828289809960348764386921   0.278391508659413220386229033839
 411  -0.236923004715248025230073908862   0.278391515563499124794218274754
 412  -0.156928513709018945240297063612   0.278393375961732534717986749903
 413  -0.076797859116630670396388345112   0.278608199452069783454453618621
 414   0.037390692396913005407992066089   0.293927471339049015645839646615
 415   0.117201784863571822490742812360   0.294243295805020257886816697986
 416   0.196925684185311151646242527972   0.294706580333885779355505299505
 417   0.276921443659266154185166398216   0.294708195079823004792556544838
 418   0.356917440818050301274729523949   0.294710221550936586191600679276
 419   0.436911543338833243783657917894   0.294711508622750272219890595107
 420  -0.436910068884595496622668775256   0.301484025793623709296933534318
 421  -0.356915241893966110680808668458   0.301484026170661573431515977046
 422  -0.276920418495567282632038386655   0.301484032769624023287458753970
 423  -0.196926296271871777044055788588   0.301485254405982003591027752139
 424  -0.116918741388032020325192283685   0.301486089024515305596049222658
 425  -0.036795906424732162437913311220   0.301715774039603957593938737730
 426   0.077204234131645387092521868106   0.317335575802374750141680838935
 427   0.236923097807240585804501392473   0.317799097815121084192597799423
 428   0.156928220080573989199008059430   0.317799103616688025475411172360
 429   0.316920021906835024870598929455   0.317802729870086454799393795540
 430   0.396914088849049098307968790047   0.317804065026535489422028475697
 431   0.476907446050398773416284222743   0.317806713413019104803047983140
 432  -0.476907482488751646954713056793   0.324576543304872062342220477525
 433  -0.316917832099723432964082668192   0.324576550280872376332745697178
 434  -0.236923710052191034446020266381   0.324577771612106902084268231356
 435  -0.156924446107677174482387369703   0.324578410805108658788863056551
 436  -0.396910568914570611161504845646   0.324580157373617423622442194468
 437  -0.076806256707396402768808391093   0.324793233711120806142067606950
 438   0.003124729618005060232279146445   0.324940959889987516302511577340
 439   0.196925684220412476941972267890   0.340891615356382485432740416804
 440   0.276921443703754253359064136705   0.340893230119350850422673817953
 441   0.356916646978973294721775143830   0.340896613107270974330485612443
 442   0.436909999692307973125993962622   0.340899258192034778776491803804
 443   0.116914226931446313792559816182   0.340919471711992417882700639307
 444  -0.436910068884595496622668775256   0.347669060816120415387507420732
 445  -0.276921123656347184778064547918   0.347670289123355255129555174563
 446  -0.196922228670530006298471622329   0.347670289249358127661905144319
 447  -0.116927145013507215086280931953   0.347671123282468673379426018972
 448  -0.356913159119161387959309388452   0.347672681485848321047860834321
 449  -0.036889047477871293872668157457   0.348024115471302936152401989310
 450   0.042955640441814247143909138799   0.348320915727863802929076403331
 451   0.236923097841896668721010673615   0.363984132837617790270169161507
 452   0.156928273948446938541074437055   0.363984138639153317194049712122
 453   0.316918606908790263713596102678   0.363988074340594531028288281334
 454   0.476907455436782726359007239000   0.363991791289184245794057351506
 455   0.396912515015127092408363621175   0.363991808727723137197304089754
 456  -0.476907482488751646954713056793   0.370761578327368768432794363939
 457  -0.236919642468758345482346781601   0.370762806455484603437591450753
 458  -0.396902823800721466823370333937   0.370778615327301986760447025927
 459  -0.316947721682232335592264056784   0.370820495000393427955119675812
 460  -0.156877286200341594472559342701   0.370845326163716750553732759283
 461  -0.077070077830669976150590620245   0.371005039704965050331746380538
 462   0.002946977351875127544282679723   0.371393937588577896562236576548
 463   0.084070004384703322653498372770   0.373416124504623707267008016422
 464   0.276919850088573611446309080610   0.387078265232465965699864655832
 465   0.356914476833691490487049230770   0.387083305442283225226797806229
 466   0.436909993879911481485623499502   0.387084358624025658860465061249
 467  -0.436910068884595496622668775256   0.393854095838617121478081307147
 468  -0.276917056072914495814391063139   0.393855323966732956482878393960
 469  -0.196922229040764393822541926447   0.393855324271854832268518894744
 470  -0.356937386363792414456325002269   0.393926428841847093667705867418
 471  -0.117020219181343088699917308030   0.394179242866068905850815856165
 472  -0.037173685284830442475746503431   0.394271653593916038159446525041
 473   0.042933131970296790195701548052   0.394505945265560942575485755044
 474   0.124093319769848639051318437166   0.396463720596416827954276775156
 475   0.185091431163677270653656978113   0.400589313424943933447943917684
 476   0.230385327504235065769586205306   0.409704095862988222069811610949
 477   0.396912556543251003385749959653   0.410176877492178893842405949851
 478   0.476907448279960516188080941738   0.410176894633866723083651903170
 479   0.314805891715000000000000000000   0.414165146779000000000000000000
 480  -0.476907482488751646954713056793   0.416946613349865474523368250354
 481  -0.149945232035000000000000000000   0.427639896586000000000000000000
 482  -0.391747321491000000000000000000   0.428423930683000000000000000000
 483   0.094298668360902176305549238383   0.431753042032916735230802010084
 484  -0.244768661464000000000000000000   0.432789495968000000000000000000
 485   0.270381829373674937042909298354   0.432798192473099218123825676245
 486   0.152259686603452689515758061225   0.433072139797681434846737850804
 487   0.356914534090548872608662652305   0.433268340514255880113779540186
 488   0.436909987490939216273791554072   0.433269435711753182823288989813
 489  -0.004700146249000000000000000000   0.434890679484000000000000000000
 490  -0.339815663391521747899556536653   0.436820531728958117247430733047
 491  -0.099310061894036548079662323934   0.436833759510430392737904850670
 492  -0.293630715160230985906393892041   0.436910068884595496622668775256
 493  -0.050892944827528374689274607230   0.438371986672355922440868007944
 494  -0.196536727663957471979839945490   0.440038750397660259400503529839
 495  -0.436910068884595496622668775256   0.440039130861113827568655193561
 496   0.048911815655344046605082047969   0.440302373089392323533340193966
 497   0.202867598457161861875244096930   0.446796305936278691597267066173
 498   0.122461115447229440799120394822   0.468358151432276058652174872910
 499  -0.476225217138000000000000000000   0.470185487442000000000000000000
 500   0.329835830619841485692495923481   0.470682258758336478372732698819
 501   0.476787902487000000000000000000   0.476787902487000000000000000000
 502  -0.362908181161558192514909995728   0.476818078920532356904677035925
 503  -0.122535257951502921294316524067   0.476902464783471173350349183524
 504   0.421784432506364035575138260922   0.476907454194548503942375152502
 505   0.375599397457508398749766223671   0.476907482475090800178562813932
 506  -0.409093129651637046078139156207   0.476907482488751646954713056793
 507  -0.316723232671479338951680835249   0.476907482488751646954713056793
 508  -0.270538197648982632861106948834   0.476907482488751646954713056793
 509  -0.224353162626485926770533062420   0.476907482488751646954713056793
 510  -0.168720292701429017189146828560   0.476907482488751646954713056793
 511  -0.076350223201576825399486219575   0.476907482488751646954713056793
 512  -0.025435666453479923979062994884   0.476907482488751646954713056793
 513   0.020749368569016782111510891530   0.476907482488751646954713056793
 514   0.077074262741671311098653204408   0.476907482488751646954713056793
 515   0.167847968152787570499587585236   0.476907482488751646954713056793
 516   0.237887228761536153250900608625   0.476907482488751646954713056793
 517   0.284072263784032859341474495039   0.476907482488751646954713056793
