   1  -0.424583868971860586803018267079  -0.479887780678594080571183054332
   2  -0.354913097536573586771715901681  -0.479887780678594080571183054332
   3  -0.285242326101286586740413536282  -0.479887780678594080571183054332
   4  -0.215571554665999586709111170883  -0.479887780678594080571183054332
   5  -0.145900783230712586677808805485  -0.479887780678594080571183054332
   6  -0.006579409830144093986406346867  -0.479887780678594080571183054332
   7   0.063001427975433968419029294711  -0.479887780678594080571183054332
   8   0.132672794300633954078853461975  -0.479887780678594080571183054332
   9   0.479887713031803595939418450924  -0.479887780678594080571183054332
  10  -0.076245994809589749726174317370  -0.479887780678594080571149632208
  11   0.270868960876330237913749147447  -0.479887753231993192035211215710
  12   0.410216474539837269084086902678  -0.479887749693444771669527575535
  13   0.340542030731335301441193060290  -0.479887704126284057176569537475
  14   0.201129815542000000000000000000  -0.479883161584000000000000000000
  15  -0.479834548690000000000000000000  -0.479834548690000000000000000000
  16   0.236020013963677223881102990593  -0.459799040898734340515064272018
  17   0.305705661863247338926681342958  -0.459777064940203859485450482384
  18   0.375380495377730141106049098799  -0.459776355182696874331666394478
  19   0.097837151671157954098834708150  -0.459776006348098803089997485078
  20   0.445052116243720230907001794378  -0.459775724522142128217988098470
  21  -0.389748483254217086787367084380  -0.459775561357188161142366108664
  22  -0.320077711818930086756064718981  -0.459775561357188161142366108664
  23  -0.250406940383643086724762353583  -0.459775561357188161142366108664
  24  -0.180736168948356086693459988184  -0.459775561357188161142366108664
  25  -0.041412607920380169309263955095  -0.459771772751181938001512709435
  26  -0.111073389020151168202001218416  -0.459761726007310706569312370066
  27   0.028211112649996756101107214761  -0.459697698368559211266515227990
  28   0.166898995815271453093840679805  -0.458755516388917025306688678476
  29  -0.445052902158023266453433562150  -0.445260852652084058845144464806
  30   0.479887749695002193590945268184  -0.439663342035798950338663205757
  31  -0.354913097536573586771715901681  -0.439663342035782241713549162995
  32  -0.285242326101286586740413536282  -0.439663342035782241713549162996
  33  -0.215571554665999586709111170883  -0.439663342035782241713549162995
  34   0.340545617208756836237407026189  -0.439663256786822573345898673271
  35   0.270871209157813432163849512177  -0.439663229680805350069728277532
  36   0.410216768220276249050372109700  -0.439663153107621281939946710976
  37  -0.145908861176442136405661119466  -0.439649357107759594726680983695
  38  -0.076240096561860986910304773500  -0.439645881490001503937174974427
  39   0.063046885083504932510859921739  -0.439585840056327749181088597668
  40  -0.006621689531604717580060616800  -0.439581004895059299518423514472
  41   0.201770082005485686267890824480  -0.438705259232362036978279702123
  42   0.132056763431460484257765592916  -0.438633072892603581718576817245
  43  -0.410217516440379766437782379451  -0.425148633330678139416327519138
  44  -0.479887780678594080571183054332  -0.425147754865159030883341858779
  45   0.305709596914082360043169200347  -0.419552136625121924067472153910
  46  -0.320077711818930086756064718981  -0.419551122714376322284732217327
  47  -0.250406940383643086724762353583  -0.419551122714376322284732217327
  48   0.375381223326810105512029005315  -0.419551078503585957648437482794
  49   0.445052228072794567811607792036  -0.419550914494876163571706374503
  50  -0.180744298690691214837493724966  -0.419537048155395777577436562099
  51  -0.111075586977742159090617547778  -0.419533480971545274168545346603
  52   0.028214077120555373623020012851  -0.419469156593450173481386929188
  53  -0.041449677557480750754048957747  -0.419455977834238487236145464553
  54   0.236606092852626097832970803003  -0.418594122705868813607298668889
  55   0.166898056597512390912372595295  -0.418531077757070286632195033341
  56   0.097223999470505506757269262222  -0.418374279144711350863073883923
  57  -0.375382130722736266422131196752  -0.405036414009272219987510573470
  58  -0.445052394960950580555531871633  -0.405035535543753111454524913111
  59   0.479887734502570699617056380469  -0.399438903392989980507701739394
  60  -0.285242326101286586740413536282  -0.399438903392970402855915271659
  61   0.410216753620224192528130402829  -0.399438652494513474926813570244
  62   0.340545823443095114602323463341  -0.399438644817275473226021342617
  63  -0.215579741743585439592239866449  -0.399424729619355518162078444085
  64  -0.145911017800455715571929601357  -0.399421183606456084725356699642
  65  -0.006613994306119636533115437368  -0.399344273865151902688055516635
  66  -0.076285063048153206871131983199  -0.399343758119707193050903730314
  67   0.271443267637297246737391793519  -0.398485002457792145975409780291
  68   0.201769267519240746150818522453  -0.398480820597796277688784153332
  69   0.132101329535394341166312618725  -0.398334885150028384338265827876
  70   0.062391134848677860299932379352  -0.398257504390523657027643604515
  71  -0.340546745005092766406480014053  -0.384924194687866300558693627801
  72  -0.479887780678594080571183054332  -0.384923316222347192025707967443
  73  -0.410217009243307080539880688933  -0.384923316222347192025707967443
  74   0.445052226621606846640742345718  -0.379326415699073422455639306524
  75   0.375381325279640534517198825714  -0.379326378526704028573491208292
  76  -0.250415132271415348260393522571  -0.379312501974288694948206922873
  77  -0.180746403538096572914878037865  -0.379308964319686604244294670778
  78  -0.041449677103538667393423337780  -0.379231539191426650939932216965
  79  -0.111120448673376290313375704838  -0.379231538638224417309651789534
  80   0.306278681692996849725895053812  -0.378372832219419041298183222410
  81   0.236605343640582924921541416983  -0.378369684070034308736453926830
  82   0.166974788027141179344673645015  -0.378288680519644422866691256198
  83   0.097229086526716761189883685451  -0.378149730097779050569347548619
  84   0.027562241637668750267450485603  -0.378131297627861647265629918688
  85  -0.305711359287449266390828831353  -0.364811975366460381129876682133
  86  -0.445052394960950580555531871633  -0.364811096900941272596891021774
  87  -0.375381623525663580524229506234  -0.364811096900941272596891021774
  88   0.479887767625884398498248015372  -0.359214464750191779552141973576
  89   0.410216756969655877865832419835  -0.359214105341375594622621469609
  90  -0.215581789257434902983118563411  -0.359196745001216216577042741323
  91  -0.076285062863312374459908169572  -0.359119319476895354617963563480
  92  -0.145955834411017147656324141346  -0.359119319351454936828589760670
  93   0.341114082979552960822337488383  -0.358260639864184886751506320499
  94   0.271443277733455482556201564499  -0.358260563814981574163563996044
  95   0.201812649261956959735795488381  -0.358180749529285065710040449819
  96   0.132086715747140756843033756204  -0.358076072155981897298473729910
  97   0.062400641821892450372054290250  -0.358024300419595655480897535152
  98  -0.007273133096648062022797467081  -0.358019059282787864595034868913
  99  -0.479887780678594080571183054332  -0.344698877579535353168074076106
 100  -0.410217009243307080539880688933  -0.344698877579535353168074076106
 101  -0.340546237808020080508578323535  -0.344698877579535353168074076106
 102  -0.270857340394968993200002444323  -0.344669730850103902108096512486
 103   0.445052231385783320016908113200  -0.339101962105626634459821873343
 104  -0.111120501476953210220287014912  -0.339007008606484464473171046316
 105  -0.180871301943996205742288866504  -0.338869730104952043799033234068
 106   0.375949487554977659136574475386  -0.338148453205449484020003446490
 107   0.306278665634614500341898778376  -0.338148348275535944741385054206
 108   0.236651306905859217441202487320  -0.338073334434479038547782250462
 109   0.166977977336692647927859363862  -0.338060776736609877544639862449
 110   0.097243423874453779726065959432  -0.337924897369578362855132754516
 111   0.027562263604311736855162144779  -0.337906858985055806420900384793
 112  -0.042108518717005476882647899150  -0.337906839792877503748075982149
 113  -0.305710043935160542305664356739  -0.324587536745154767123231323201
 114  -0.445052394960950580555531871633  -0.324586658258129433739257130438
 115  -0.375381623517114868430458647211  -0.324586658243322630055873172018
 116  -0.236016038873466466046553239534  -0.324548803045063234537532389862
 117   0.479887780678594080571183054332  -0.318990026107382058477077497051
 118  -0.145956965972078410890477733289  -0.318894880724559173854457513492
 119   0.410784952938702183252814272365  -0.318036371870374669775487067364
 120   0.341114044665885968065918668254  -0.318036117372998392885129109095
 121   0.271486693766578563086296895937  -0.317961117092938690587120727195
 122   0.201818695089076194629265072670  -0.317956311340824200978962759687
 123   0.062399815074744731785508544402  -0.317798391324036327297864601786
 124  -0.007273132902075892526279429718  -0.317794620639976026207989634870
 125  -0.076943902542684765199465354165  -0.317794617194493799510424783603
 126   0.132064556578172845455643078805  -0.317788011280629037018661257402
 127  -0.340545388789215200416319294355  -0.304474438945683650926903793654
 128  -0.479887780678594080571183054332  -0.304474438936723514310440184770
 129  -0.410217009243307080534904458985  -0.304474438936723514310440184770
 130  -0.270856410190535720093148281227  -0.304445191920156532087469821435
 131  -0.200872292352184986438694100450  -0.303970362677721006370612218806
 132   0.445620701788544124677272498474  -0.297924111257263941388003928298
 133   0.375949646887686283287348913983  -0.297924014562953210934002079695
 134   0.306322083428389824210037716167  -0.297848816995358851079352857832
 135   0.236654081949795540274359481287  -0.297844093999283853018301236420
 136   0.166989976628712163358019881743  -0.297832548408956014416611450561
 137  -0.111779835494093379956699145479  -0.297683345739553467771734887981
 138   0.027562263798883906351680182143  -0.297682420342243968033855150749
 139  -0.042108569357947342753045462250  -0.297682306883699914046481231776
 140   0.097229188328847003910500245416  -0.297675761703239754273961914352
 141  -0.305709186455469892251430994101  -0.284363098111482538969552391573
 142  -0.445052394960950580555531871632  -0.284362219615317594881623239102
 143  -0.375380869463328293003383230485  -0.284362219607578597888300715079
 144  -0.235972679732911457768691722001  -0.284324287500926222096065099753
 145  -0.166000066578906894407479545734  -0.283884059803398234316505316171
 146   0.410785306969879099911117059925  -0.277811907699297940255239297210
 147   0.341157740494599664461170453810  -0.277736674132276544154701614810
 148   0.271489446317428461920510934833  -0.277731837698620197598692868815
 149   0.201825363489431509003114290361  -0.277720331067415666455949927294
 150  -0.076944997036005916878318354431  -0.277570178566572356525119927782
 151  -0.007273193707374642489023823795  -0.277570070125625964089940018403
 152   0.062393803455864358993781860314  -0.277563540918838389596328973052
 153   0.132061539246170957425597385755  -0.277558286869112697191585171850
 154   0.479887780678594080571183054332  -0.276858196407145824298930359545
 155  -0.340544493503837534325049183572  -0.264250000312835107202851815822
 156  -0.479887780678594080571183054332  -0.264250000293911675452806293434
 157  -0.410217009243307080539880688933  -0.264250000293911675452806293433
 158  -0.270845157567144283593426925853  -0.264220663218508216399070430339
 159  -0.200852619793765837214965840124  -0.263745928845536623791161321892
 160  -0.129226810221085546019155016931  -0.261439607838985996621246857294
 161   0.375993357801702531091121805842  -0.257624640989603135964102818041
 162   0.306325112273303424809879826646  -0.257619679443051935904340448038
 163   0.166989978914863967142359165674  -0.257608109766144240525578042541
 164   0.236660727857064430649265743905  -0.257608074766752011036341559691
 165  -0.042109791360583964384433834720  -0.257457647406114592815374348602
 166   0.027558416232746613830281690124  -0.257451312382947605084161191973
 167   0.097226154373188312508879000653  -0.257446066084711332513952230549
 168   0.445052356284112918506358585476  -0.256745942242053055473276246388
 169  -0.305697971690423434264084980126  -0.244138661032035680891349775348
 170  -0.445052394960950580555531871633  -0.244137780972505756023989347765
 171  -0.375381623526050995709241362556  -0.244137780971834733239940041323
 172  -0.236013794274114808655650677407  -0.244099869870290027057402135564
 173  -0.165311256162770680200783092353  -0.243665519248823698832880880726
 174  -0.094387820625675219971174578898  -0.241324442688416834983540810219
 175   0.341160734192322739351277167178  -0.237507638314835409561416900348
 176   0.271496271274863393300608027055  -0.237496128592500805651121284201
 177   0.201825319764031358377156519804  -0.237495812730458236453449677355
 178  -0.007277521237201546407188944157  -0.237340032682170431320726798536
 179   0.062390740928079988746428923486  -0.237333792146889607294186989590
 180   0.132053656356254129121541029235  -0.237320197910918656593392433305
 181   0.479887732845942425781087262386  -0.236633699876997572919276973858
 182   0.410255274891384190870792324404  -0.236550331950654453194707826868
 183  -0.340546237775259917729953871191  -0.224025561707842103101254806307
 184  -0.479887780678594080571183054332  -0.224025561651099836595172402097
 185  -0.410217009243694495724910939598  -0.224025561650428813811091235719
 186  -0.270855265994472106876003053905  -0.223996225568595966113639883729
 187  -0.200131991371066638305743329017  -0.223527945817968814227723947733
 188  -0.129224906978503597839898061508  -0.221215169241200669630366813761
 189  -0.059550734835205259788173881059  -0.221210909748861826402824683516
 190   0.306331826507403915644437211726  -0.217384202882366707131041346706
 191   0.166989889178085122631749664232  -0.217383671123432498645665898139
 192   0.236660730143091979716984221002  -0.217383636123940237138246339635
 193   0.027554808094637434998276621292  -0.217222520473956313574792699023
 194   0.097218272554658166336660962714  -0.217207975270821418038990514351
 195   0.445095609578550748230739130840  -0.216446562813515936246035617654
 196   0.375420710818260479692731494436  -0.216430173521286018254342830430
 197  -0.305710342904296005860531825496  -0.203914224291636174734228195493
 198  -0.375381623526186325158192896577  -0.203913342328788496900963615519
 199  -0.445052312815671482987864122624  -0.203913200049225893887120691971
 200  -0.235233016217087364083271366471  -0.203883009603046404533305510523
 201  -0.165296717774042018345034936155  -0.203415452106925411951753027484
 202  -0.094387668031828203056766016997  -0.201100004045894433131532680320
 203  -0.024715393997768279033933056543  -0.201091875333892355605372711855
 204   0.271496273560890942368326504151  -0.197271689949689031753026064145
 205   0.201825197909205003103251427329  -0.197271318458045553617434833011
 206   0.062382339725159676353563929675  -0.197096703604713288554748893840
 207   0.132041499889863908471157463302  -0.197074711698069137688738938007
 208   0.410260871753744212722304740205  -0.196325893697218693725081711018
 209   0.340589483162168622994848784700  -0.196302968937134998057979000840
 210   0.479887741689194445091703465638  -0.196259435222651791458207869536
 211  -0.340546237775259917730471064548  -0.183801123065030264243620914971
 212  -0.479887780678594080571078800118  -0.183801123008287997737538510761
 213  -0.410216909183539452721962817221  -0.183800949698871443493352016129
 214  -0.270073363918453812068631624810  -0.183779387138992221222436287454
 215  -0.200132261909700977542985828028  -0.183303507176066760007743993946
 216  -0.129225011070560561469667776869  -0.180990730598523514520828856904
 217  -0.059553888562462669530050160231  -0.180984904474822816108662010219
 218   0.010119731748183022523281994448  -0.180973029522163401805532663457
 219   0.166989735205548302940416995251  -0.177159232480915350564270031635
 220   0.236660640405938263585356699129  -0.177159197481228496094637774596
 221   0.097205567060365418488046572341  -0.176963440031961008204473348329
 222   0.375431795030238107176591397558  -0.176202750833404911907854725212
 223   0.305754103955116874383015043493  -0.176190738339057592986091965627
 224   0.445055067358695420894958362810  -0.176142499128075267361388392498
 225  -0.304926203663379915419896962260  -0.163697429419590617027555263758
 226  -0.445052304046824698627926020902  -0.163688746218190013382524589400
 227  -0.375381513189908657226325581215  -0.163688712674143504847109109122
 228  -0.235233270004010713575309015114  -0.163658541029683694224439161617
 229  -0.165294745803856584261598814721  -0.163186806862476091753886273930
 230  -0.094391101126820638970831316800  -0.160875565549587326797473543152
 231  -0.024719509511010160658638083155  -0.160867365691842979187697257046
 232   0.044956864825318519304530336367  -0.160842593691716951454457287590
 233   0.201825042996557582668723199002  -0.157046878187223562460365403123
 234   0.132032932714142876327870349640  -0.156837335944298721758773737184
 235   0.270918679824313158607220022680  -0.156078585551343580792289017250
 236   0.340589496183348475395262914099  -0.156078530294325266763936663341
 237   0.479887780678594080571183054332  -0.156025651788019996581358204404
 238   0.410225917477024251358434659821  -0.156019230147276168228332275390
 239  -0.339762372620010369927977845138  -0.143584322849850042485357227539
 240  -0.479887780678585408427767476978  -0.143576684365476158879904620359
 241  -0.410216892679771451063330046839  -0.143576482555597132466181213291
 242  -0.270073594972301656186011280475  -0.143554879168390437346031261646
 243  -0.200132607771589200808465196322  -0.143078877141926946383239680876
 244  -0.129228565370909537651097156594  -0.140766292112743711679548528621
 245  -0.059557690133067379763207519349  -0.140759752179532792785639942949
 246   0.010111510816813936996301666157  -0.140747461159018245984796839597
 247   0.079781022906702250848223696180  -0.140708913070954096540378806283
 248   0.166988537165369712915005943257  -0.136934793855944659007405452612
 249   0.236083221411582538284766104444  -0.135966492142047526626931239850
 250   0.305754027128669367270302267815  -0.135966299696319121255952136626
 251   0.375390390901101195503354858968  -0.135906688757836210945466651451
 252   0.445058703793827987279108192928  -0.135902509203314531770749124487
 253  -0.304926474663840093885385820973  -0.123472990777691671573728978863
 254  -0.374598340592094613277707358008  -0.123471898162786403981389312451
 255  -0.445052294923987076636202250353  -0.123464291773971651553693026775
 256  -0.235233523940836814921826231870  -0.123433746747633664223796522667
 257  -0.165298266036159257080269903889  -0.122962299356942605241861279216
 258  -0.094395015656803850340576141267  -0.120650893075084480629439693725
 259  -0.024726603419896937538861462865  -0.120639833134750904038110984455
 260   0.044935214457095679115261599173  -0.120614697673722700900342768103
 261   0.114608474955251173815273433912  -0.120582767460617481331945338113
 262   0.201247253268753204640844043382  -0.115855281644389407891881871024
 263   0.270918534433683811038430653666  -0.115854146908794498057740620339
 264   0.340554853770478659130200468826  -0.115794340714205585972674229083
 265   0.410223122986594564350312552919  -0.115789873910808983015980972335
 266   0.479887780678594080571183054332  -0.115779366618609066960140044570
 267  -0.339762833075132772958262961683  -0.103359884209673652709273455730
 268  -0.409437327365984118486229320392  -0.103359598194158289445944011501
 269  -0.479887780678594080571101200943  -0.103352245722664320022270729958
 270  -0.270073892734255154150410867761  -0.103330160836957532662990241916
 271  -0.200136074997965948764754104212  -0.102854277801603161860428891886
 272  -0.129232541171769083247986585786  -0.100541853666416808929215266168
 273  -0.059564021394496457858101729791  -0.100531069446920047026428268234
 274   0.010096997235650262905936733991  -0.100507086436131265298555131604
 275   0.079765101427584256349775229298  -0.100484389781291853723805399950
 276   0.149615715364000000000000000000  -0.100438612859000000000000000000
 277   0.236082056531996085044111372056  -0.095742053516102852321542280866
 278   0.305719395425457186285901565647  -0.095682247187632869752966051513
 279   0.375387584383997326090916044444  -0.095677523318420193001695116186
 280   0.445052417574114675636504404024  -0.095667108130104865060047939551
 281  -0.304926933579655044712820322278  -0.083248552137497690569736886416
 282  -0.374601894996102353871651183663  -0.083247459677015760739605302601
 283  -0.444276755211422020154256986496  -0.083247295950798536406817621173
 284  -0.235237015793978918319287144447  -0.083209191409221815856494869515
 285  -0.165302241837018802677159333081  -0.082737860910615702491528016763
 286  -0.094401394821439933805836237132  -0.080422293331973943636346710319
 287  -0.024740455599536045790078167821  -0.080398391297866018782831842600
 288   0.044924573338399143716605781050  -0.080381079939476315186561164833
 289   0.114594678536137454288177639232  -0.080358331183794981064189780577
 290   0.184078855093389792738857670088  -0.079478756683619548811568090804
 291   0.270883428273483984471635071405  -0.075571034973646900798466284697
 292   0.340552073594835290749019086872  -0.075565338983888827364146092536
 293   0.410216993348297757357161379486  -0.075554955506959273772139195925
 294   0.479887780678594080571183054332  -0.075554849641600663159955834532
 295  -0.339766390709661774042158452836  -0.063135445724188601915520511813
 296  -0.409441323624070258210027979130  -0.063135126284749987058686587506
 297  -0.479887778769539202614498155980  -0.063127807079852526466580756504
 298  -0.270077379496898473553747747099  -0.063105596676497523635866901188
 299  -0.200140048917289904418269441559  -0.062629836095454293354634650651
 300  -0.129244236369852858155373980304  -0.060317416723786075442835676318
 301  -0.059577837171662669337834902119  -0.060289601094173910808485354550
 302   0.010086995791547955688891325123  -0.060272433736336608445571665105
 303   0.079753072627679637020200294801  -0.060256779674009271985577226250
 304   0.149080219899162543400803268434  -0.059651981891164471404259129909
 305   0.218913658356632673142124998751  -0.059365528555332993241228500627
 306   0.305716106395782478383704709496  -0.055454126688383924106999106078
 307   0.375381535013112098303250310792  -0.055442861963350286269272242066
 308   0.445052372347830522954038657580  -0.055442669487318451253045865326
 309  -0.445043827232725311821558363368  -0.043030156973856651278178356969
 310  -0.304930492753423042368273926928  -0.043024113652148806609808557971
 311  -0.374605889470025555097273565235  -0.043022989540173665395739056974
 312  -0.235240990188008543489279015230  -0.042984750551255324398986770063
 313  -0.165309889845094305754110342143  -0.042505226978189415021126714096
 314  -0.094419175085192496128595749568  -0.040187325550396315953620518017
 315  -0.024750378168368601547864697172  -0.040163658544737740190755798354
 316   0.044915558612056790423463858316  -0.040148109543527594817140136404
 317   0.114238710864549728185878601647  -0.039550372196407986506459629280
 318   0.184069969662530244154666752799  -0.039254319022187254165829995403
 319   0.253715030098120572569648698111  -0.039194510012877041718152504478
 320   0.340545567861147584141280314915  -0.035331649749349268854898039469
 321   0.410216948122013604674695633042  -0.035330516864172859965137121700
 322   0.479887780678594080571183054332  -0.035330410998788824302321943195
 323  -0.410208306223457748474964215680  -0.022917985743962502406627060371
 324  -0.339770366495255251288816170550  -0.022911007277860190263298580413
 325  -0.479887749612969434850590814442  -0.022903368437051254637217556907
 326  -0.270081355282491950800405470221  -0.022881158230169111983644969787
 327  -0.200152404876631480821753116423  -0.022405235605923008815601168695
 328  -0.129266462435090712209873354181  -0.020092984221495152861800204668
 329  -0.059592553427713935951750660404  -0.020059934063763488134607344435
 330   0.010078055611249197260127944596  -0.020039402916563261592506079395
 331   0.079401233281346323452549624782  -0.019441776527661384766991421968
 332   0.149071417441117214970855417519  -0.019427397765109557055172174227
 333   0.218875075269993916747762772554  -0.019089743951468924168620122398
 334   0.288547693317246881960024472619  -0.019077575922607234853585974086
 335   0.375381489786827945620784564348  -0.015218423320563872462270167841
 336   0.445052372347830522954038657664  -0.015218230844506612395411973990
 337  -0.375372719372872658797930906767  -0.002805802787753661970454484642
 338  -0.445043680671937038310310337246  -0.002805715452911248149014976608
 339  -0.304934468539016519614931650052  -0.002799675205820394957586626571
 340  -0.235252213936300796704512866285  -0.002758127215523923323377826811
 341  -0.165328411824414947388172018294  -0.002273296503379783197726928743
 342  -0.094442071613517953823227103542   0.000038266808574820187717445829
 343  -0.024763181822897639850910317149   0.000062945050333163864859181408
 344   0.044563766201652086932477390658   0.000666837338056825217486814597
 345   0.114232205475634301988959071763   0.000678192844307679163918032831
 346   0.184028623279640801000952145107   0.001003691243825298883836803260
 347   0.253708280307177860378867918401   0.001029928063616414233004063863
 348   0.323378060500848954027782336813   0.001045295630429758020803644243
 349   0.410216948122013604674695633126   0.004893921778638978892496769636
 350   0.479887775095900362012769176249   0.004894027644022627148175804040
 351  -0.410208121772309775165254826989   0.017306455015247149909220477359
 352  -0.339868907042698658236892023304   0.017313310664024714772056598143
 353  -0.479887780678594080568173208755   0.017321070205748588117211532845
 354  -0.270118456947070984791091938163   0.017346766422838493899711004066
 355  -0.200184134817168721728129699712   0.017824960284255670855558907722
 356  -0.129294858922328776894710511825   0.020131444398049548723399223663
 357  -0.059615136267351101863622375102   0.020165115506849677151759020624
 358   0.009722680183161161699154797499   0.020769180215976565244900571642
 359   0.079394698266432821247853426656   0.020786777914561762051662286136
 360   0.149037142799224057381987391452   0.020843299800345630588708714900
 361   0.218868599611828519363002292098   0.021134706430348955432566208752
 362   0.288538733917562354843204486905   0.021150687627414895831566070564
 363   0.358213104087508577740034019547   0.021158107528442888593141841742
 364   0.445051985245740703676573977152   0.025006744870335707934808613211
 365  -0.375372063362370614982614674842   0.037418659571911306643434060066
 366  -0.445043985838857941792377582677   0.037418723188743000288998553057
 367  -0.305033009086459926563007502806   0.037424642736064510077768551984
 368  -0.235287189167756341146184736524   0.037466386480403137683028825490
 369  -0.165356808311653012073009175937   0.037951132116164918387472499588
 370  -0.094470522488716402981285008862   0.040262789511774864195519027648
 371  -0.025123752235355614699868403026   0.040862253943783303533323568974
 372   0.044552735097385048931085173707   0.040891459329169908887011249317
 373   0.114199593619760895012028756341   0.040951771430427810235024708792
 374   0.184023491543850802096494727060   0.041230076739459671710409911488
 375   0.253701211795441586436685920543   0.041259206133761413895666103274
 376   0.323376594309661491403545684175   0.041269734246520072956173213227
 377   0.393048448287749792630358050277   0.041270398759927557041664566520
 378   0.479887780678594080571183054332   0.045118466286834078598673551275
 379  -0.410208571915038661119296741461   0.057530893655540265284165723743
 380  -0.340537377542088338271687156219   0.057532194429250969999108000018
 381  -0.479887780678461182675521831617   0.057545508848560426974845204640
 382  -0.270217633431155766612012328960   0.057571480753713551668167075902
 383  -0.200207816043057555243083212985   0.058051251798016232554321562318
 384  -0.129317465797880324031217698067   0.060355876688120618484135158789
 385  -0.059973239331964231725239879921   0.060950029162374431357440495753
 386   0.009702004693694385315216765151   0.060993830530972570562669134125
 387   0.079358635872446353473555141791   0.061054790826427331699068655840
 388   0.149031985021586114217712433653   0.061069514312828553912343108617
 389   0.218860145395739540756950176720   0.061361583014640139011602678246
 390   0.288537267726374892218967834267   0.061375126243505210766935639548
 391   0.358211637896321115115797366909   0.061382546144533203528511410726
 392   0.427883400381243620420554880971   0.061383369121694719784032042432
 393  -0.445043992991515161877852001239   0.077643168508129460853046794038
 394  -0.375373350220471282551281227804   0.077643397070572332911611256597
 395  -0.305701479585849606597802635721   0.077643526501290765304819953859
 396  -0.235386397596974362574719406906   0.077690886172188810367688177644
 397  -0.165379415187204559209516362180   0.078175564406235988148208434714
 398  -0.094819945558915673135320388776   0.081042628030163485168337180794
 399  -0.025144520637587004011735472908   0.081086996793141698617120285591
 400   0.044512742496055972147984675499   0.081148928473753008361359673915
 401   0.114191757474206273988667380409   0.081176209309957676644556046992
 402   0.184016814559739448738298118372   0.081460034705812259184178603266
 403   0.253699808216103602434842745559   0.081483753222977051249517642397
 404   0.323368949210153850802999910151   0.081494172162814041315203837063
 405   0.393046982096562330006121397639   0.081494837376017871977034135504
 406   0.462719184763024842925183979921   0.081494897920753775358778974083
 407  -0.410208737586774575224243252585   0.097755613536415456770640996138
 408  -0.340536516365719598218715636911   0.097756633062844224792128533319
 409  -0.479887780678594080571183054332   0.097769947491372265832478876436
 410  -0.270819882970264857020290290347   0.097791703474299745646899692764
 411  -0.200825465165163096676990790004   0.098271153749970945396670806290
 412  -0.129650672115498187565016961028   0.101162915097447388760318660956
 413  -0.059994092697224605869732516644   0.101174776211612436777972110841
 414   0.009666176329168410167737453724   0.101242073927745689428682714822
 415   0.079351939029658342935308935964   0.101280748968459487534082531980
 416   0.149023081984442869278649833644   0.101295461209367995774031092000
 417   0.218858767178889276269743143211   0.101586174061584564592143734615
 418   0.288531370742862020914533465158   0.101602593052198144452763411686
 419   0.358203992796813474515251592886   0.101606984060827171887542034562
 420   0.427883008290395308606941140243   0.101608233098709499522819864340
 421  -0.445044123241841567821433675454   0.117867832966207066019045709325
 422  -0.375372593139363313985186251457   0.117867835706259500506789889983
 423  -0.305676008763249404404312262058   0.117867957079815185205058407005
 424   0.479887780678594080571183054332   0.117871329554673472118884396892
 425  -0.235985153223332546878003379574   0.117910878239836979218290813248
 426  -0.165996946549685065645437054356   0.118395262554602135454342340277
 427  -0.094825809204505476873653118221   0.121293349453414441097869571067
 428  -0.025183336310422942291211121942   0.121329862447355174162679153834
 429   0.044505324965239309621170237114   0.121373507673395152697890878186
 430   0.114183993549111983967102016248   0.121401265871816303125287661533
 431   0.184015348417637346523852809963   0.121684473321904363263676865448
 432   0.253693623534660713776052506423   0.121710721597311345989506582403
 433   0.323368264958266379408034212665   0.121718610799806027101678644219
 434   0.393039336997054689405575623615   0.121719275292311840336064759340
 435  -0.410208094967895944492074132602   0.137980052174094109968855304642
 436  -0.340516608008177590262103963273   0.137981066779015224585597864556
 437   0.445052787438204539808258625353   0.137984228651306690487165027810
 438  -0.479887780678591505674219366639   0.137994386134184104690112767689
 439  -0.270824499891965600668064808358   0.138016235823702047569181773254
 440  -0.200846312359188336104340588222   0.138495586990525567322004435804
 441  -0.129670500210863523002870609074   0.141389497973703608989060406485
 442  -0.060015130266634558756315196888   0.141448301599569598290494205830
 443   0.009658847673590961443694491844   0.141466579963487244281384623199
 444   0.079345284302457630774750316455   0.141507727573379181517085817295
 445   0.149021723874535110877857210430   0.141520090415045861449761005750
 446   0.218851675160479346761838683254   0.141811569778923352897023810132
 447   0.288530698657751908830818882803   0.141827052767959423374151749226
 448   0.358203787404248939338100842775   0.141831422703114626726529706669
 449  -0.375352693891556468910851739901   0.158092269426938167763461829692
 450  -0.445043621717174056755417507566   0.158092271605892360409951426599
 451   0.410215037707209235935197479695   0.158092352825626655170055939795
 452  -0.305680708087370156615463161239   0.158092395448121673430743736329
 453   0.479887733874926938031450487638   0.158097447998340286935102598151
 454  -0.235950258980548773190675558683   0.158135301747466704797783158748
 455  -0.166017793743710305072786852574   0.158619695795156757379675969792
 456  -0.094859601087843468148217210353   0.161545008235604076914709652790
 457  -0.025183469110635107893318374011   0.161566970671925585705304987093
 458   0.044498343080268051016347941039   0.161599918882109021652559931318
 459   0.114182525449695934387417364152   0.161625704487837017372559351235
 460   0.184007703940282750357214981717   0.161908911238316573881464815385
 461   0.253692954324689681186471436565   0.161935186294309524980674718073
 462   0.323367713650870459987206873979   0.161943049438839816407040646427
 463  -0.410204982144565014945746068510   0.178204490696460898118269020479
 464   0.375377870138971627380576774219   0.178205346445939433826843351158
 465  -0.340516181730077023851920841612   0.178205505419568324413444440564
 466   0.445052868295748517984287715322   0.178210717584690581693679035013
 467  -0.479887592657207907713246817361   0.178218824776556508693177195102
 468  -0.270818242885277290672769262359   0.178240673979867779541037791375
 469  -0.200882855024525368969986213487   0.178720009034390217415539690057
 470  -0.060022764760470698217134658595   0.181672739517877893711201832956
 471   0.009651238391209432871886417123   0.181691826679008827176074348707
 472   0.079343842575739416008672170096   0.181732211885623016589494814319
 473  -0.129649565919181460010106647565   0.181735694483565041657920483233
 474   0.149014279006926228872875204078   0.181744880475106503393850659485
 475   0.218851028435602487877077471246   0.182036073450569318352252244765
 476   0.288530263423363738557556601749   0.182051692500352599947803694581
 477  -0.375369251025215596488119148167   0.198316704662136428065480404798
 478  -0.445041906283864466817404328425   0.198316710212125547827355059551
 479   0.410213819035585975680699722499   0.198316791449977571069029853336
 480  -0.305674422811383944702327778515   0.198316833599880115436994622357
 481   0.340541913454106972078948909039   0.198316835676291716819133622573
 482   0.479887749693444771669527575535   0.198324029108532857576583561383
 483  -0.235986801645885806056321183948   0.198359723791331354891318413001
 484  -0.166054336409047337938432477839   0.198844117839021407473211224044
 485  -0.025191272150253073201722658111   0.201791700392477985951042102647
 486   0.044496981474117283114450292277   0.201824542151015048500887283321
 487   0.114175914003825641521852729028   0.201851938639842351720112740426
 488  -0.094817945972349357773944368112   0.201854434901612647358473679308
 489   0.184007019704732506984260255869   0.202133349875308837574755389051
 490   0.253692520829119226445541706428   0.202159829039238941514304473275
 491   0.305698637013531711876152290535   0.218428328402764413637154296622
 492  -0.410205920980714565121501446070   0.218428929328316545347610942439
 493  -0.340533755523734073211372920349   0.218429940223442335195486845953
 494   0.375375125373581170284591095772   0.218432819656756976999210127042
 495   0.445053545227141016823868098155   0.218438452739993057593313409943
 496  -0.479887704861131854570280486491   0.218443263419211854123259595084
 497  -0.270836971314064995342343588209   0.218466703906147896129357618461
 498  -0.200892157395418481898630802917   0.218954147792591514421073602914
 499   0.009649770319800132592879435742   0.221916265295030563595476201892
 500   0.079336688766848762669868960055   0.221957506252235881665548889439
 501   0.149013596250281787577938256036   0.221969321721095285166284692706
 502  -0.059986145985236001331681105197   0.221973925714204892800809028003
 503  -0.129636681642227111240976934835   0.221995465423423514207045203394
 504   0.218850592629856546965400241785   0.222260712191149417361213536067
 505   0.270860458555489010120322583110   0.238536633583385432585904846319
 506  -0.375369743558157259930182014694   0.238541143301932827717276088354
 507  -0.445042071746844794719243074857   0.238541148854597071210331606845
 508   0.410212709883423253177562884704   0.238541230077497480917659527411
 509  -0.305697853597279382805804329768   0.238541265418460308415512203789
 510   0.340533906238647245195421305320   0.238541273522131587677519246461
 511   0.479887584609668604556075717192   0.238553169559066248779019390432
 512  -0.236001530718989532658667794599   0.238584159737454202095088732988
 513  -0.166058035703396086195675158654   0.239068556311727967433906588405
 514   0.044489820125131339767191138464   0.242049823440560011310477851555
 515   0.114175286278947228656055540442   0.242076475235965195093773368828
 516  -0.025151506032181212152636716168   0.242087448413587550068963897988
 517  -0.094805188613496417221913501115   0.242114425573461572094720795056
 518   0.184006468485475579552996510115   0.242357788514343834797382509391
 519  -0.410206575058785634974657645677   0.258653367965810496156224342983
 520  -0.340533549195632378221851554309   0.258654378865725002149351416365
 521   0.305692571955967659669596763730   0.258654764618013070023535943342
 522   0.235978953732066364011861973621   0.258656225800672135327344294933
 523   0.375369949660024778588146477280   0.258657371224550340131975871173
 524   0.445051289045000000000000000000   0.258665380942000000000000000000
 525  -0.479887731082571362223050257667   0.258667702062015146386919123584
 526  -0.270839910187715121749952822077   0.258691308558410078024789619592
 527  -0.200894724991551979504805035396   0.259179609941189074281468467082
 528   0.079336004510359185128997518356   0.262181944889227789166023616180
 529   0.149013045031024860146674510283   0.262193760360130282388911813046
 530   0.009680036792029075245585308777   0.262206322353610614013559347688
 531  -0.059970432250021582389321728238   0.262228149522683102584069713532
 532  -0.129614006421883212352826364452   0.262272591832123807898925259244
 533   0.201134698531074234312739178744   0.278753244269621660880914979661
 534   0.270820190931394644429819868790   0.278761176303562222757396305926
 535  -0.375370999233287779063859745234   0.278765581925145635650271813024
 536  -0.445043617316365688269074086424   0.278765587467715703333510761378
 537   0.410207858252877955851803067960   0.278765668427722029214363760072
 538  -0.305697106139237482702277984559   0.278765704054327444707990408425
 539   0.340530874516270179364504816280   0.278765712050692726031003035610
 540   0.479887749693444771669527575535   0.278778024746657097653778889329
 541  -0.236004670616673026974981631534   0.278808598257716692714731421607
 542  -0.166060012284431772557042402433   0.279292994905976386579385739007
 543   0.114175277744595169911354789399   0.282301854119258809641054898008
 544   0.044515346553951224014032721754   0.282319651899018583169475188958
 545  -0.025138889425811294991099703293   0.282347023462706166528665163233
 546  -0.094779369927881255660404897769   0.282386108791126313371776463702
 547   0.166099643070000000000000000000   0.298610900259000000000000000000
 548  -0.410208086033885293007661845862   0.298877806580243495810507408965
 549  -0.340536088432649349825535443542   0.298878817428389984365462182236
 550   0.235959758269439025056669910861   0.298883338118102794607767333907
 551   0.305647205915000000000000000000   0.298888904682000000000000000000
 552  -0.479887780677055271438820395880   0.298892140704796411631629992403
 553   0.375360192100000000000000000000   0.298896622002000000000000000000
 554   0.445059063686263962432928374677   0.298902063914134209670981330969
 555  -0.270842000609450080631378052234   0.298917449619833094300908425744
 556  -0.200894862716212245296102643060   0.299406141341201734999589245717
 557   0.079350774878953169107466638526   0.302432911326723756957558045273
 558   0.009696580563483465036206985849   0.302460630004125099269933677938
 559  -0.059947827103670968262182872824   0.302504982731149377316371913403
 560  -0.129602877970419894771547450555   0.302519339365125501769799065197
 561   0.131251136840000000000000000000   0.318725280648000000000000000000
 562   0.201073665283096436066732235716   0.318977636608996728305274170190
 563   0.270800102610264357857634040675   0.318987011601366061690546929515
 564  -0.375372508724881065487794468827   0.318990020539634333802082198380
 565  -0.445044123175199682138450825179   0.318990026107346725148400376355
 566   0.410209731009332262009009575381   0.318990107026938272242934537852
 567   0.340490919167899399725815611110   0.318990130849470551236425385695
 568  -0.305700177002649898148165992062   0.318990142579919473549238769348
 569   0.479886800422000000000000000000   0.319031774329000000000000000000
 570  -0.236005978273354031777218396122   0.319033036879273219459590103026
 571  -0.166058969958076544810448984067   0.319518128178357194253954142453
 572   0.044532191703244693485024758609   0.322574205469990842797995257132
 573  -0.025112800375005500789978897147   0.322617823826889600671305146317
 574  -0.094771204393987421205907723581   0.322637986933841201723326575942
 575   0.166102119962000000000000000000   0.338852891894000000000000000000
 576   0.096412465473000000000000000000   0.338860698858000000000000000000
 577  -0.410208737335752509673145759325   0.339102245217782493870603882512
 578  -0.340537382584091913881187921837   0.339103256050383285870762733598
 579   0.235919014230214574648007934188   0.339107799779350838309830538611
 580   0.305626619057601654971606766941   0.339114827687047224933387256717
 581  -0.479887780678594080571183054332   0.339116579347608250489234449724
 582   0.375317221997874299184256870695   0.339121395879357901387633818591
 583  -0.270841744025850516733829719644   0.339144597946642588039635792492
 584   0.445046818956000000000000000000   0.339152622426000000000000000000
 585  -0.200894611180885001697524265434   0.339630579983227111410674250461
 586   0.009722305822178639281888536299   0.342730527284163499633844583724
 587  -0.059936150533948545204804109498   0.342751532377920044873475800159
 588  -0.129577452499650098500950236082   0.342800589864425030911035794051
 589   0.131262388960000000000000000000   0.358960339973000000000000000000
 590   0.061582359820076497238932870329   0.359006462831047130169974580488
 591   0.201072288484562688397491715027   0.359202091200373160836410670735
 592   0.270760615363000000000000000000   0.359211569572000000000000000000
 593  -0.445044123200147743514757219514   0.359214464750158563998297605758
 594  -0.375373351752386713741019248471   0.359214464771764217302794712476
 595   0.410163638505109177388002940948   0.359214519261430758034106363064
 596  -0.305701480632353928561909453127   0.359214581201606711753429272548
 597   0.340470350958876083279248673180   0.359214582554825966006213597843
 598  -0.236005385443390441251427324517   0.359258086060584976694424090753
 599   0.479884442506000000000000000000   0.359275369322000000000000000000
 600  -0.166059584321271112016204135434   0.359743420852167361539044889343
 601  -0.025101213420490642746626933679   0.362864621562200529384603186109
 602  -0.094742615898846024060873285820   0.362913760254112857680037094679
 603   0.096435871839027180441807788206   0.379088027372540758280963782666
 604   0.166110173415806168324790800026   0.379093472180221334452641544231
 605   0.026759400650720478474270656224   0.379168733386174164448161721109
 606  -0.410208737482504243499106036815   0.379326684071564483427114551426
 607  -0.340537142207173129126114409130   0.379327694692476891422544211888
 608   0.235895115092000000000000000000   0.379336417632000000000000000000
 609   0.305588127293000000000000000000   0.379340125730000000000000000000
 610  -0.479887780678594080571183054332   0.379341017990420089346868341060
 611   0.375301293425000000000000000000   0.379354040017000000000000000000
 612  -0.270841496512365659285108884813   0.379369048984307863929609869084
 613   0.445045091520000000000000000000   0.379392519277000000000000000000
 614  -0.200880941586108407706223019400   0.379879918620247520377930554810
 615  -0.129579007446710207393628813873   0.383025028477182250708415337780
 616  -0.059907705641973200581790466118   0.383026803075251356119638520421
 617   0.131274064904955891238700056586   0.399204464405952450400967048029
 618   0.061620926377423397711121885975   0.399235608781605432925113655625
 619  -0.008063466398648306817026246309   0.399302620109589493081914775557
 620   0.200889567563161828474984860227   0.399426277530566509234231569243
 621   0.270738194082000000000000000000   0.399436691292000000000000000000
 622  -0.445044123200147743514757219514   0.399438903392970402855931497095
 623  -0.375373111375467928985945735763   0.399438903413857822854576190767
 624   0.410154951104357484408647516870   0.399438956966119713801151202324
 625  -0.305701240255435143806835940419   0.399439019843700317305210750838
 626   0.340435448267403496017104557950   0.399439154607449904393373811562
 627  -0.236005517094858465416389529977   0.399482715855832291721527117009
 628   0.479885430030553745719903624017   0.399516724465960072118593719387
 629  -0.166047840883106172115024820692   0.399996464831178397364630989813
 630  -0.094744179330984171784843171283   0.403138213562522593797127915619
 631   0.096456495344976277641059513239   0.419347510701518455110533422891
 632   0.026785543287951606672293268697   0.419393163533683438149089599596
 633   0.166022985737606130471683972016   0.419484471050005036069244201752
 634  -0.410208737482504243499106036815   0.419551122714376322284748442763
 635  -0.340537382608210545779956888389   0.419552133334570352836744879668
 636   0.235712103797965024176426802233   0.419560908990609804330443423649
 637  -0.479887780678594080571183054332   0.419565456633231928204502232396
 638   0.305557963328000000000000000000   0.419578930387000000000000000000
 639   0.375292417270000000000000000000   0.419583289038000000000000000000
 640  -0.270841159558942100453584985265   0.419594490472803996861519500861
 641   0.445081188973912032238065628284   0.419682847821838196859349761799
 642  -0.200832134765831080604298535680   0.420196919360954722152985842152
 643  -0.059602662874896980412251573307   0.423250085052727893354686668318
 644  -0.129446096846880714116992729179   0.423482353774609056266868840342
 645   0.061634122684969618871479502413   0.439482513402185057882657244320
 646  -0.008037228971921088729975400092   0.439527214200808894134580314121
 647   0.131199967263598402678416895813   0.439618095872382422118592801714
 648   0.200863698135136822826581744146   0.439650761326486295108385727347
 649   0.270553913031827750884529622044   0.439662165175334512570297225942
 650  -0.445044123200147743514757219514   0.439663342035782241713565388431
 651  -0.375373351776505345639788215021   0.439663342055951284268776858548
 652   0.410170112100912219786193472227   0.439663392751765207378127502656
 653  -0.305701480656472560460678419678   0.439663458485793778719411418619
 654   0.340435815697478694650732746792   0.439663655218882218900836122239
 655  -0.236006863374419423428950961872   0.439709580159561638764771495649
 656   0.479880225907000000000000000000   0.439861313137000000000000000000
 657  -0.165988229010916675459981135571   0.440295563341540375321945718784
 658  -0.094477225104565931314326781597   0.443361766358991626830754061927
 659   0.026810715642072166901094009925   0.459618167280230964657967940717
 660   0.166022399187679373277553098995   0.459752735154527031740416952652
 661   0.096377590122922688109120476442   0.459753106252845077978717621601
 662  -0.410208276215595203773634424377   0.459776360314090326227436001412
 663   0.235685988167810497326882076773   0.459785895758277793727807332774
 664  -0.479887780678594080571183054332   0.459789895278024525632239939545
 665  -0.042785023040858292458949082725   0.459790389457220876710770106080
 666   0.305378941151330138180911866176   0.459803215177302710248650584977
 667  -0.340490932923347455882099700828   0.459855027892359666782436356049
 668   0.375196259548159444772097851466   0.459905314728724230240042125014
 669   0.445727033352000000000000000000   0.461124876574000000000000000000
 670  -0.269874570635078740510233996248   0.461411742932788147430505800916
 671  -0.195907196360815052364190600256   0.467181849032289206884592191804
 672  -0.117685510376210001219094297619   0.476215806520594298053391415702
 673  -0.007938673567000000000000000000   0.479887451842000000000000000000
 674  -0.234072255916107017071483515769   0.479887704187728770052461301986
 675   0.340230777663314925297089186132   0.479887728032000000000000000000
 676   0.270527477638824595241075532439   0.479887728265912259064944947141
 677   0.061554887340849969788027889200   0.479887739253597868184163412883
 678  -0.157742063586416804843548882368   0.479887747778991854578573081326
 679  -0.445044123199005238346509517085   0.479887780678594080571183054332
 680  -0.375372077972427362198717950146   0.479887780678594080571183054332
 681  -0.305604690888793095193985531288   0.479887780678594080571183054332
 682  -0.077628965559241679465771424410   0.479887780678594080571183054332
 683   0.131200001726635941005596156043   0.479887780678594080571183054332
 684   0.200844596215912411401254899854   0.479887780678594080571183054332
 685   0.410106236899793838935445867507   0.479887780678594080571183054332
