   1  -0.117649995564444718281507952614  -0.479087219845447276748294416899
   2   0.026984739092183839965004701335  -0.479087219845447276748294416899
   3   0.171867564677341677542243627029  -0.479087219845447276748294416899
   4   0.244311451367138861820016176685  -0.479087219845447276748294416899
   5   0.316755439636398447594639728282  -0.479087219845447276748294416899
   6   0.389197525980874692792564103609  -0.479087219845447276748294416899
   7   0.461639679762448261724323734880  -0.479087219845447276748294416899
   8   0.099427663585936957930886454059  -0.479087209384910398504269264036
   9  -0.045317025628737888251141377061  -0.479087141227698160878177032995
  10  -0.261801154982988426957715795386  -0.479086849877276023990261858965
  11  -0.189357715439000000000000000000  -0.479086712608000000000000000000
  12  -0.406649471434000000000000000000  -0.479082748008000000000000000000
  13  -0.334221690646000000000000000000  -0.479082748008000000000000000000
  14  -0.479078387214000000000000000000  -0.479078006055000000000000000000
  15   0.280533445501768654707327952484  -0.458174433419878306787726370943
  16   0.208089508022240269681129901857  -0.458174345449765235923410300538
  17   0.425418602871661477258443919245  -0.458172844788029747967486180385
  18   0.352976482808636570193601915946  -0.458172786391837327857112762286
  19   0.063205781919741908577763804600  -0.458172785794896898838816951049
  20  -0.225580498666007892098130409027  -0.458171746455375339360420773651
  21   0.135647617152018863509292118710  -0.458170888990503366357830690605
  22  -0.298006881290000000000000000000  -0.458144119013000000000000000000
  23  -0.370435581039000000000000000000  -0.458138062138000000000000000000
  24  -0.442864011640000000000000000000  -0.458134159098000000000000000000
  25  -0.081484042524630896934558263220  -0.458077666402011161942150794356
  26  -0.009166119165221314276486432146  -0.458051703630635279211592444241
  27  -0.153502709499858414318987022264  -0.457547479860108329810194721528
  28   0.479087219845447276748294416899  -0.441074579313345858187873594565
  29   0.244311502156870062568441677656  -0.437261559024196265962842254582
  30   0.316754488674006777306290140147  -0.437259999966268357896544716329
  31   0.389197559699423354659481731581  -0.437258411334419799076304525771
  32   0.171869561535030567521685113291  -0.437258012797163765823101006052
  33   0.099426151910305574034615105836  -0.437257186522648160549240862646
  34  -0.261784994955000000000000000000  -0.437228171502000000000000000000
  35  -0.334218469845000000000000000000  -0.437211214961000000000000000000
  36  -0.406648667698000000000000000000  -0.437191986652000000000000000000
  37  -0.479082018031000000000000000000  -0.437187386165000000000000000000
  38   0.027055166907314357599528712662  -0.437136851553844882470492494037
  39  -0.045333477686904276283543963833  -0.437041645935108669332418815849
  40  -0.189725422581303631963510474062  -0.436635938735889043826616743906
  41  -0.117337549804724931629484839094  -0.436536560808431662254711307513
  42   0.442863637532703904824010865383  -0.420159054384471657006644392439
  43   0.280532545329108185167403865319  -0.416347125570586317071660599969
  44   0.352975565564793561772169955783  -0.416345624908850829115736479815
  45   0.208091555739460587677807803863  -0.416345226250724635269818686040
  46   0.135648095255291195289582246505  -0.416344312127116857669433476329
  47  -0.297996749777523529883089228836  -0.416296085940998832374501828121
  48  -0.370425978463000000000000000000  -0.416271277333000000000000000000
  49  -0.442857697010000000000000000000  -0.416253195691000000000000000000
  50   0.063275554792737756480903125279  -0.416221221529001819754166595899
  51  -0.009112418944088218220116762340  -0.416127239447711392559861308811
  52  -0.225929405291843235369573140369  -0.415691986600115662891748218884
  53  -0.153558233612000000000000000000  -0.415621382406000000000000000000
  54  -0.081186190977921045085262640634  -0.415501904877176556185399819151
  55   0.479087219845447276748294416899  -0.399249019004240411684462428363
  56   0.406639997374766495703816747256  -0.399243429246927148838860937154
  57   0.316753622219894969633283680955  -0.395432750513168788290852363455
  58   0.171870089389926844057123794847  -0.395431525701558030386891188164
  59   0.244312598911698710276769991526  -0.395430792797114686378637031427
  60  -0.334203166793974756705509645617  -0.395356333896449644320456582176
  61  -0.479086700259000000000000000000  -0.395350474628000000000000000000
  62  -0.406636039869692914191504759154  -0.395337084420362945186887369118
  63   0.099497500434208398070234158360  -0.395308343186929706543186218760
  64   0.027108666571299853605027017670  -0.395212879327029686346083068615
  65  -0.262141059413873259615836527011  -0.394761300970708229466206728897
  66  -0.189763469133000000000000000000  -0.394677769195000000000000000000
  67  -0.044965256415950377503992505631  -0.394587283326021114418632868692
  68  -0.117406615558141736323483098232  -0.394586400140279536789154879607
  69   0.442863637532703904824010865383  -0.378333494075366210503233226236
  70   0.370417993389500826821221969585  -0.378330638301586389892097801884
  71   0.208091132562164966656085982510  -0.374517092247948081495709533551
  72   0.280533675802485494742649807162  -0.374516417739697157597828794912
  73  -0.370413012837247284726622230066  -0.374422520404021333567683724345
  74  -0.442852960005009182926065985143  -0.374415512020498312247392251299
  75   0.135719494795666270947819149366  -0.374395556371573849143378313000
  76   0.063330615335619639354507963998  -0.374300014318006909222700409030
  77  -0.298347473941956023810023461536  -0.373821553068900666362170631154
  78  -0.225975036294000000000000000000  -0.373745250419000000000000000000
  79  -0.008744056770150662440912347023  -0.373673120866344765004997773252
  80  -0.081175652480145135465757411208  -0.373654421313272698183581118829
  81  -0.153611400599619043643946646376  -0.373643834985288663415204521619
  82   0.479087219845447276748294416899  -0.357423458695134965181051262160
  83   0.406639997374766495703816747256  -0.357417868937821702335449770952
  84   0.334195902009478807826061426414  -0.357417695983252721486049730586
  85   0.244312209452951751121965798145  -0.353602717190530552714901297037
  86  -0.479087219841144991710137983386  -0.353523984807342920593959026882
  87  -0.406630597481851524029500769006  -0.353502098349629332152212257505
  88   0.171940538178161411330193259781  -0.353481122556634407711594624137
  89   0.099552653473635078481943296873  -0.353387304108692289800482182648
  90  -0.334557319963432527837084081824  -0.352887739601890431097808733063
  91  -0.262182420554000000000000000000  -0.352805250162000000000000000000
  92   0.027477869632555852997208074796  -0.352760217126129024040440791686
  93  -0.044953597318056375451071820087  -0.352738779021419500421377678452
  94  -0.117389396725000000000000000000  -0.352727054985000000000000000000
  95  -0.189822291077368623587188234287  -0.352711828242126635737462892355
  96   0.442863637532703904824010865383  -0.336507933766260763999822060034
  97   0.370417993389500826821221969585  -0.336505077992480943388686635682
  98   0.297969770979039045227789097838  -0.336498526160010851895641550979
  99  -0.442852251203579054755031446751  -0.332588722310701601655239580170
 100   0.208161814799765554037364893275  -0.332566404262892693793802116767
 101   0.135773762472606299476120773597  -0.332472984658725410070882280493
 102  -0.370774904599013334072288243971  -0.331967317561808208787364944403
 103  -0.298392963382000000000000000000  -0.331870865107000000000000000000
 104   0.063699902268816354974824283587  -0.331847497387455721509756582571
 105  -0.008731205414206322307502753887  -0.331825059030556025639667597912
 106  -0.081161799512379434957792437999  -0.331802121903710865907060488536
 107  -0.153600883550000000000000000000  -0.331794518854000000000000000000
 108  -0.226028964828965445015689233498  -0.331772528526227257446543970299
 109   0.479087219845447276748294416899  -0.315597898386029518677640095958
 110   0.406639997374766495703816747256  -0.315592308628716255832038604749
 111   0.334195569077886689764888686912  -0.315592135675472343244878821592
 112   0.261746612752366963766416685520  -0.315584049713040539547654826696
 113  -0.479087219845447276748294416899  -0.311698424498237474090769132747
 114   0.171994839732710656394521754161  -0.311558610240919651899805593836
 115  -0.406996558314387287279604713724  -0.311053941524110393192018735209
 116  -0.334611212285000000000000000000  -0.310949866164000000000000000000
 117   0.099921048774013886254027435261  -0.310933242893937824188031023937
 118   0.027490820330198480106154155044  -0.310912327354797054786630120571
 119  -0.044939064844344202135379853079  -0.310887809673059413403247594637
 120  -0.117370610950919204113781099078  -0.310866493556189794318024733563
 121  -0.189807940589000000000000000000  -0.310854948932000000000000000000
 122  -0.262239193958000000000000000000  -0.310838796203000000000000000000
 123   0.442863637532703904824010865382  -0.294682373457155317496410893831
 124   0.370417715653315603606613507762  -0.294679517684297629045766828757
 125   0.297969643771947958228644275455  -0.294672965851098847439429101737
 126   0.225402874276207706561807363666  -0.294459667807242215942323324214
 127  -0.443231526962538642684434360591  -0.290163643722544585234682792769
 128  -0.370833477566032214541163300947  -0.290036298807945508276295723395
 129   0.136142126441984045890040481310  -0.290018869182504572768575166615
 130   0.063711976927809878944610104236  -0.289998090340219422169842568927
 131  -0.008717039142383472554499796959  -0.289975077923784924870359994688
 132  -0.081147186928546828900634835749  -0.289951014543286210187287301834
 133  -0.153583657450000000000000000000  -0.289937086807000000000000000000
 134  -0.226018576422000000000000000000  -0.289920915726000000000000000000
 135  -0.298457522777000000000000000000  -0.289918265378000000000000000000
 136   0.479087219845447276748294416899  -0.273772338076924072174228929755
 137   0.406639745803561250862980723438  -0.273766748320367381037902740086
 138   0.334195566366050942239823225548  -0.273766575366366984654852045292
 139   0.261746219070222390677114363577  -0.273758489405787855204675006358
 140   0.189089458611430999495426468330  -0.273385956409126466849902751475
 141  -0.407063983117053974430251427926  -0.269138247389647686807444118732
 142   0.099933054604338580438433971055  -0.269083716643608494085526647741
 143   0.027504117497674037385515168002  -0.269060840982719285050650943994
 144  -0.044924693301435234033969181226  -0.269037473584483864974594898619
 145  -0.117359709302000000000000000000  -0.269020937614000000000000000000
 146  -0.334679655110000000000000000000  -0.269004779906000000000000000000
 147  -0.189793468869000000000000000000  -0.269002280264000000000000000000
 148  -0.262236863737000000000000000000  -0.269000776338000000000000000000
 149  -0.479087219845447276748294416899  -0.268628862946851696378596452791
 150   0.442863424180907738732079213103  -0.252856813148594023762158019505
 151   0.370417705646114476181148435394  -0.252853957375193379705928184326
 152   0.297969580179550188170412140472  -0.252847283537985039463141188360
 153   0.225403779151273611039902621634  -0.252633905452650335651867675090
 154   0.151548651160619758740501711695  -0.251134212937853474366294348137
 155   0.063725195174202738879339034821  -0.248146467286108356966335022807
 156  -0.008703536507797386086207287962  -0.248123236377829878606812778713
 157  -0.081136785272602905673239837276  -0.248107451232113263524464636056
 158  -0.370910850465218837613432569508  -0.248106603716541984388486422400
 159  -0.153570620206000000000000000000  -0.248087701167000000000000000000
 160  -0.298458707294772776329495208343  -0.248086933709688691096601442078
 161  -0.226014598782932612436011881586  -0.248086625178621706230544167196
 162  -0.442925162663675355198197406053  -0.247612604584505779395355740066
 163   0.479087170680717136031347444790  -0.231946777767847521526270106854
 164   0.406639969165859318102255958010  -0.231941187545192829548985699123
 165   0.334195616804284218793290161353  -0.231941015057291950360593127038
 166   0.261747238997511857788428146056  -0.231932929109118006315097950866
 167   0.188513478192360610032159553298  -0.231564362205563824656580811685
 168   0.115321545337962393230159285653  -0.230191919975007659932599425847
 169   0.027517578441728674813708052783  -0.227208798224704194208953854732
 170  -0.044915601318313289126227932835  -0.227193261286358490787488657348
 171  -0.334683522093430979743294911402  -0.227178972944540800073171761582
 172  -0.117347455771840528379715610527  -0.227174451789441261264643568493
 173  -0.189792177562700447118684830780  -0.227173988489506642778049921188
 174  -0.262236493681359841576961807146  -0.227173666866540908142820128933
 175  -0.479087219845447276748294416899  -0.226591335564628492661764923747
 176  -0.406773063793557511163311985893  -0.226579220585352409724668432122
 177   0.442863629108625686876175957220  -0.211031252814721634097899781593
 178   0.370417944402829615941795732056  -0.211028395392284934508622426104
 179   0.297969869482811433893153057609  -0.211021244913528625491221283952
 180   0.224827685739514833874736431596  -0.210812113522762625553379114644
 181   0.151576102004196705607370210453  -0.209308661636982330826211594051
 182   0.079094489321725569434711391125  -0.209247080496885864611493292008
 183  -0.008694508159152875993075172212  -0.206278860833950447729634079663
 184  -0.153569466279856727020138738605  -0.206261640941007248719429525018
 185  -0.298458816559285500807389781209  -0.206261099521437117972470581899
 186  -0.226014397985422866146336333687  -0.206260890166945221329752487460
 187  -0.081126095465190574921357893930  -0.206260567580465156215132947452
 188  -0.370551804601911368305335802365  -0.205665161253357420299416817004
 189  -0.442933664162856947946260719323  -0.205560455728624069375443096477
 190   0.479087219845447276748294412830  -0.190121217458770970878311283954
 191   0.406639962124029942725806868103  -0.190115622423533312791670383375
 192   0.334195902011560142025468464210  -0.190115454749158913905479482618
 193   0.261170639744235287469781220509  -0.190110249128911755825220339163
 194   0.188541346467684575495322340464  -0.189738811180743513733501564054
 195   0.115371147712598858614046150765  -0.188366389078496049515957807538
 196   0.042873315493009202887403576802  -0.188304057706580348400794969631
 197  -0.189792126391165077818303513209  -0.185348428180432499214906628519
 198  -0.262236941669123041828531664578  -0.185348106559834628972730134031
 199  -0.044905017387756708912837898166  -0.185346194578171812623550282284
 200  -0.117333882368453327884980958333  -0.185323192799023927124819374302
 201  -0.334329974933735221121763229684  -0.184752089966235311967413796027
 202  -0.406712712677931898898827002821  -0.184645863485471854908579107563
 203  -0.479087219845447276748294416899  -0.184529575892619646089121269207
 204   0.442863620100970143570900748956  -0.169205692468984451091533427945
 205   0.370417890905250543108841813800  -0.169202659246022894202853777066
 206   0.297420336561127509520857595200  -0.169199091883543648541402147856
 207   0.224855594873251571619901312848  -0.168986562525186144629819292914
 208   0.151616846242052963252378574490  -0.167483121173317089548124410723
 209   0.079167658332723154819327032195  -0.167421584188217314289826213562
 210   0.006657209066894518882184218485  -0.167372533927107949278721517659
 211  -0.226014941918542598206430733871  -0.164435329861376646019069270169
 212  -0.153570227850205680805897327606  -0.164435278280461409373046313361
 213  -0.081112602666281217366550361956  -0.164408471123388286726044080254
 214  -0.298108100043572762142436919117  -0.163839097004632822968484272841
 215  -0.370490729067325455802553910499  -0.163733058831777623124718720252
 216  -0.442866268364387728801459707018  -0.163614983642772960787154851673
 217   0.479087213342937569917605153391  -0.148295657149666029838929468992
 218   0.333675107014736261480854412179  -0.148293035048614173759651360600
 219   0.406639993837012255642704645835  -0.148290061263670810473879712564
 220   0.261198649405317705712453132975  -0.148284698198535441872129015059
 221   0.188581673205725589231677394032  -0.147913270312455679180876076917
 222   0.115411891950455116259054514802  -0.146540848614830808237870624210
 223   0.042963119265861954716109041133  -0.146478593806546934605111028250
 224  -0.029558687748217962489134385033  -0.146437742260388322266121066282
 225  -0.189792760470065853199238915809  -0.143522867876133396600976944159
 226  -0.117330469192155064106922913438  -0.143488537101393772108195767412
 227  -0.261886100292992318520335988407  -0.142926320306174840014823408984
 228  -0.334268732022872098033282842078  -0.142820277446169703272497502121
 229  -0.406644285437700513344007887051  -0.142702177804497773495391818626
 230  -0.479087219844041155619221942346  -0.142700391390491083606702423800
 231   0.442863637497543820105094965890  -0.127380132159882622480787015961
 232   0.369938831905534575734058508543  -0.127379729595106618115696781554
 233   0.297457000609568517016390081696  -0.127373516302848343571013507183
 234   0.224895000447514120871743569639  -0.127159481265599782062323480784
 235   0.151655007750175740381979238987  -0.125657578273434550320262420263
 236   0.079208402570579412464367962590  -0.125596043724552073011739061959
 237   0.006751943328313793260115907980  -0.125547080903974652459395011714
 238  -0.065776205023991772144968369209  -0.125496102877184154676710433525
 239  -0.153571515254863652409925520132  -0.122608784338220276543638900607
 240  -0.225663918844515573513144170346  -0.122013858320931590596731082974
 241  -0.298046740677261883272371244846  -0.121907486189879796024582726573
 242  -0.370422289902286647193359474578  -0.121789393805157206459715221800
 243  -0.442860994244332373003220104040  -0.121780239579701339412917511640
 244   0.479087219845447276748294416899  -0.106470096840561088799547654032
 245   0.333715227613068864933970578215  -0.106467433584327811953975675131
 246   0.406196687742214808810951121672  -0.106466835138136999635107475293
 247   0.261237383131974711633680983801  -0.106456613928275806485635503336
 248   0.188619834713848366361558879670  -0.106087727412573139953014342677
 249   0.115450053458577893388655179300  -0.104715305714948269010008633750
 250   0.043003863503718212361251660276  -0.104653053342881693326848085406
 251  -0.029457346108222642906516376344  -0.104612304724809331592884389639
 252  -0.102064786639052667375793434207  -0.104548372343671932393788901791
 253  -0.189442673629313372723830774668  -0.101099774783018470539393039422
 254  -0.261824745641277300679562836805  -0.100994701325502570981132242190
 255  -0.334200311286033939992652735372  -0.100876580501004450537988558809
 256  -0.479087219845447276748294416899  -0.100874783979123196919042999297
 257  -0.406638998716787066577460405559  -0.100867455566732030498100615748
 258   0.442665715621193814359792785091  -0.085555039941904061722923568629
 259   0.369974274732742009938376099934  -0.085554169034533236144434214611
 260   0.297496005833379805054734135921  -0.085547861738213674004542798283
 261   0.224932978137129151559007759507  -0.085333616738037929928644629062
 262   0.151693190627306707835255929475  -0.083832035393054493081192766838
 263   0.079246564078702189593968627087  -0.083770500824669533783877071498
 264   0.006792687566170050905241055268  -0.083721540440309411181162294895
 265  -0.065662684737864065781050541088  -0.083670696623146951633184972607
 266  -0.138401839604000000000000000000  -0.083526393337000000000000000000
 267  -0.225603274003676591996366782020  -0.080081009935001841666171687136
 268  -0.297978310888988951473575200217  -0.079963804922256191333117815117
 269  -0.370417029922108140249698979046  -0.079954625251159654996577842484
 270  -0.442859987364389465998259875763  -0.079952927683921120680999191882
 271   0.478985794269372728041755292486  -0.064644659508440641028905042751
 272   0.406441845352657581437474923095  -0.064641986878690356789964763478
 273   0.333751227504787494987798819024  -0.064641877792826917639252583408
 274   0.261275526093343907198858828762  -0.064631039525989001515636121181
 275   0.188658017590979333814950175585  -0.064262184532193082713944793877
 276   0.115488236335708860841931869788  -0.062889762834568211770938980326
 277   0.043042288930558397863824036645  -0.062827054208409956891602640932
 278  -0.029416601870366385261475389127  -0.062786764261144090314797238092
 279  -0.101864669261006890715564252192  -0.062723290775244346392792932561
 280  -0.174329870459665746490020566329  -0.062100022533470710681538146415
 281  -0.261756829686000454634998313004  -0.059050130098539344378616048675
 282  -0.479087219845447276748294416899  -0.059049216962281126857689446793
 283  -0.334195042472354596235032856153  -0.059041827247054282717957538531
 284  -0.406638020002544699813748435092  -0.059040094886615314195482490209
 285   0.442765113908593606475871664593  -0.043729597725771039322140110738
 286   0.370219194651396022037453569015  -0.043729317614094790051038461731
 287   0.297533144872071890872950570415  -0.043722317899381301411862707508
 288   0.224971158992557365464218511376  -0.043508070320316528601942518163
 289   0.151731362183442550259661754158  -0.042006492502340939763503164047
 290   0.079284746955833157047245317576  -0.041944957944289476544807418074
 291   0.006831156784979600713488617781  -0.041895465546627813212781577139
 292  -0.065621940500007808136009553871  -0.041845156159481710355097821059
 293  -0.137917585149060569110471519107  -0.041520348735528642359313148957
 294  -0.211813573809611410246720699207  -0.040594028995350155217830624558
 295  -0.297973538487209860452365636920  -0.038128191880988417458999429995
 296  -0.442860048151030295541378344918  -0.038127367374859845919413292068
 297  -0.370416069701258164367302820905  -0.038127232539682860921221417631
 298   0.479087219845447276748294416899  -0.022819222176320193258262431472
 299   0.333994903646382803359636533868  -0.022816948025460139326355401571
 300   0.406543273029280501298146592386  -0.022816545856559340999532060045
 301   0.261313595536823575100961916824  -0.022805297530262515741401576587
 302   0.188732401750909260493860695053  -0.022436690366943003594266414529
 303   0.115526407891844703266337694471  -0.021064219943854658453249377534
 304   0.043080500134448644124312983981  -0.021001462360531585483483389018
 305  -0.029378440224147014706901880937  -0.020961221361387550259729541416
 306  -0.101675235502743265814690258361  -0.020642858769426373044074993242
 307  -0.175249878003833348319991082836  -0.020284581829236926511391522183
 308  -0.247967129491935272885352230191  -0.019563149158887657930274986098
 309  -0.479087219845447276748294416899  -0.017223551307121162229323835907
 310  -0.406638099270280324559678568429  -0.017214502567498975445066931309
 311  -0.334194527133863058248898007369  -0.017213663996533625387050668528
 312   0.442768609132433047656999392108  -0.001904037562707745259023973744
 313   0.370216670578357504236022858782  -0.001903749181474574513129049332
 314   0.297609691595670507415952729253  -0.001896666650137839381978696667
 315   0.225045543146048317587911525393  -0.001682576143800278783117677284
 316   0.151769393857360180160894819957  -0.000180949484199550464660403720
 317   0.079323428494073674846080175767  -0.000118533564669483657841749256
 318   0.006869340106107290475058102344  -0.000069921935315138704487643987
 319  -0.065434191835676520925592053614   0.000236898151868910030638323327
 320  -0.138837592693228170940442035613   0.000295091968705141810833475274
 321  -0.211679885428738915378556312172   0.001236211731981984368657180295
 322  -0.284183838293144678702719554107   0.001358789058663268989341632583
 323  -0.442860145899739384638943916399   0.003698192934131378442585007222
 324  -0.370416555282316786025316446679   0.003699063515277039984909802132
 325   0.478992057489188292287422924172   0.019006229874991435473744179876
 326   0.333837090678916402814429681992   0.019008396389157596560891311503
 327   0.406438757068903991736768026052   0.019008883867289802850042881561
 328   0.261388484147986983998304350171   0.019020195734808906598526713575
 329   0.188740810147715034842359859530   0.019388869096971881979448415634
 330   0.115564439565762333167570760271   0.020761323074286730845593382795
 331   0.043119295415974784531727352634   0.020825158641670893692874020021
 332  -0.029193171435034219239243977562   0.021116695456700329217764716485
 333  -0.102498283436793173201020450304   0.021174602742110563778657308679
 334  -0.175113466736540870911378190350   0.021540756031165020921192855079
 335  -0.247958191099203321563187947437   0.022265246925808185491163181069
 336  -0.320404826939797876499251924556   0.022273316943118061061290394050
 337  -0.479087219845447276748294416899   0.024602178403482176645891382324
 338  -0.406638601911775846104581794649   0.024611759016907393872561740663
 339   0.442771510574064138335244244859   0.039921522756993041055096241041
 340   0.370215203967589725334834477607   0.039921812977503936991590477089
 341   0.297619479312631559030575454811   0.039928899629532017530737876728
 342   0.225053951439967890581382462581   0.040142983500132945118507409886
 343   0.151807590247716012044499483198   0.041644593383841991293167371723
 344   0.079361528380167947787325834861   0.041707127352437088544975349054
 345   0.007047829343295731285161127486   0.041996526819901154024113079266
 346  -0.066257191746655146698932345989   0.042054360608564510771998595316
 347  -0.138701181425935693531829143127   0.042120429829107089243417852536
 348  -0.211669320990123841691655975173   0.043061770706886953856022747434
 349  -0.356626855088251604275670363866   0.043186044454928726433250864709
 350  -0.284188559593435088240455466657   0.043196019317988123165883413222
 351  -0.442860730649876668214308531427   0.045524312300786133057326483688
 352   0.479087219845447276748294416899   0.060831681926303064205750791224
 353   0.333991120443400474289332093368   0.060833682067068459312496949680
 354   0.406549509726266692558022063758   0.060834297555014895454301737327
 355   0.261397593978461421887216443463   0.060845755058559602949738188298
 356   0.188772431400472791572001908628   0.061214417452815238737075724826
 357   0.115602635958072857755694754235   0.062586865945707541009750087593
 358   0.043288819124340492861027997243   0.062876377271013730373222412459
 359  -0.030016125333710913294497836266   0.062934158818928193113071713632
 360  -0.102460114070749235085735292304   0.063000145634822819612489945518
 361  -0.175100334722087760653315748534   0.063366314278734332915420529722
 362  -0.247956179943487248207326777939   0.064090807186561054208015865153
 363  -0.392848901717710664354935711836   0.064098739956559080320902803240
 364  -0.320421143637992598688814405723   0.064127007984604261114179252326
 365  -0.479087219845447276748294416899   0.066429311122451320079003568596
 366   0.442852482886661511944157551362   0.081747004689489894854899448615
 367   0.370230152213493151755991657925   0.081747370639534754732532953028
 368   0.297648060975994726088241605154   0.081754450185600131768742272443
 369   0.225085572672647266205906460844   0.081968531891107123409051732801
 370   0.151836984059877354306582960302   0.083478240095177636860571565123
 371   0.079529899780775934787687039757   0.083756069989642463376636702070
 372   0.006224914118685271717739731904   0.083813990943204006575541159428
 373  -0.066219070973754790135246911283   0.083879903545593916094147462380
 374  -0.138688049211936487005796896144   0.083945988076613749064204919753
 375  -0.211667309834407768335742215009   0.084887330967639822572783663497
 376  -0.429071030455811486464662448614   0.085011293240437819505667546265
 377  -0.284189019622687294366503176650   0.085022239127383072817891230499
 378  -0.356643626542075070249935424657   0.085040457761627553119806268874
 379   0.479078893923007801693153989323   0.102657241406716860883338957650
 380   0.334003138015720186926492622289   0.102659240664789075338550467312
 381   0.406626849547431311770264475673   0.102659786363475521958329690762
 382   0.261427793080938715148589448129   0.102671684089885487308769869167
 383   0.188806112350927030562078839889   0.103039964200756184126519237949
 384   0.115764247875304777785965191598   0.104647444126714703801276933214
 385   0.042465925271590999896251026255   0.104693841814882527553906422864
 386  -0.029978051119256392474915308183   0.104759701798366135668792934690
 387  -0.102446977871097737461206325207   0.104825703881077891081096922366
 388  -0.175095219741608382237914503797   0.105191874275076182124623928821
 389  -0.465297519651382094998648334085   0.105916292062103006527344631174
 390  -0.247956259768278549189929221479   0.105916367692684925595037116108
 391  -0.392866351260009545978495235229   0.105954041376718383808600404568
 392  -0.320422252942359322505098615067   0.105954318947942048401314783196
 393   0.442857999670655091728187113034   0.123572564643681006562162674267
 394   0.370404717614506868902791102765   0.123572566671434290209552910369
 395   0.297785519543660106432733151849   0.123579784629932520490814799065
 396   0.225222593712092805288864384328   0.123793867758856529954828099908
 397   0.152004661652974279286748351308   0.125528294310409798382145540843
 398   0.078714911970856953754064205235   0.125573689362824150469246866765
 399   0.006262949203247602014246509961   0.125639533958243981427917386942
 400  -0.066205731343306321727715743537   0.125705461727462528090608638917
 401  -0.138682934381977265888096089527   0.125771548072974005590327422796
 402  -0.211667386046568343699868532812   0.126712891276675834340872163398
 403  -0.284189394040034158803017277816   0.126848275752119016618266443205
 404  -0.429091510216365165737884034481   0.126861610144010126635980484572
 405  -0.356647764787419978983673571066   0.126872728933498061483941037337
 406   0.479087219845447276748294416899   0.144482800887130657560927124076
 407   0.334182183468935199979828796977   0.144484417749418318550233060182
 408   0.406635405999444869121950587339   0.144485345814380216599886889541
 409   0.261565251455517911896047006243   0.144497018522354584864254513111
 410   0.189092218430268373648685893853   0.144864545949794402318029994525
 411  -0.479087219845447276748294416899   0.145403273001754692975685693751
 412   0.114949260065385796752557446008   0.146465063499896390893891289799
 413   0.042511933196612856184375450105   0.146519376819726782108967201379
 414  -0.029964295802648420350417314840   0.146585259845592258819051268016
 415  -0.102441864277351618449790426886   0.146651263877589305313171401711
 416  -0.175094744800387658525344673318   0.147017434581485081809740647677
 417  -0.247956359516242587568066976991   0.147741928002703283494343625705
 418  -0.320422725808538035660064811844   0.147780240653240316114925207993
 419  -0.392873834416826129303783003377   0.147784674152277251289106081293
 420   0.442863753707091309712514723708   0.165398124561950458975748936760
 421   0.370413261562208906886333239408   0.165398126148991841687448078618
 422   0.297964669002122735641931887962   0.165404961269055761875395937158
 423   0.225405148608410458682764506389   0.165619029731570202827141969670
 424  -0.442883611512507674935692476779   0.166347872278077052813052829066
 425   0.151189673843055298254352060459   0.167345913683591485474779609772
 426   0.078746281291141699183492829403   0.167410750956799022533499738489
 427   0.006308957133775192502150224483   0.167465068963082179696516295926
 428  -0.066200791622360695553860807509   0.167531021744870231331110805069
 429  -0.138682459481637163891569206466   0.167597108379383369466637921564
 430  -0.211667397214980058564522713899   0.168538451588836474820268249574
 431  -0.284190113235604785684274317564   0.168674624641912232304267864899
 432  -0.356651054507213835573363450599   0.168698824561187654518041418407
 433   0.479087219845339253901463243280   0.186308361196236104064338150783
 434   0.334190815323859764144677567857   0.186310554255064620868987090355
 435   0.406641756487440444607492016643   0.186310905648901783909212253540
 436   0.261746309469397936883591324745   0.186324041744279800522862077508
 437   0.188277230620349392617762635309   0.186682165322976089410692771529
 438  -0.406667267254025725403946257861   0.187270441520924318935204751822
 439  -0.479087208230890475195867729016   0.187292830558902375416192134163
 440   0.114986695068811200684525163186   0.188291601140494117114698563300
 441   0.042543305228281654687977816390   0.188356443100193237776260156698
 442  -0.029894018924842856228135689524   0.188410761113730848761703046161
 443  -0.102441391725479316638818861327   0.188476824184025268486619149238
 444  -0.175094475258782274003385955166   0.188842994889722008244357862086
 445  -0.247956455126982919375107530735   0.189567998079833307550746129941
 446  -0.320425409494121701641823594243   0.189606671124717145617585618176
 447   0.370419758815794552626769649390   0.207223685961554930478779216695
 448   0.442861282724753547180776687715   0.207227966016289166632606256850
 449   0.297942130477440914466379189781   0.207282095965135598752793296300
 450   0.224590160815851565200963289712   0.207436649105090222417100117055
 451  -0.370445796810217302295724261657   0.208184134979013679817600949811
 452  -0.442871049912674973744689003208   0.208215809084221946334892990995
 453   0.151227687307526193866713523886   0.209171456718286633514355104277
 454   0.078783719002334892520292581468   0.209237293290164652072830754564
 455   0.006340329166900924206718610176   0.209302135255633548195472759359
 456  -0.066096994985980326878508751721   0.209356453260024895843790273831
 457  -0.138682185436634439264897751350   0.209422668687591031661074783334
 458  -0.211629543977287531056623242905   0.210363994778691879498411875764
 459  -0.284178928642541660758142996935   0.210500365282065026174452120904
 460   0.479087219845280565951553585757   0.228133921505341550567749275811
 461   0.334197774820555510971009347511   0.228136489949046985763445752003
 462   0.406639263968623266968481718779   0.228140782852203678513338793896
 463   0.260931321693186532812012734833   0.228141661118118417975930512496
 464   0.188315244141960914397960958471   0.228507708357619304716026781815
 465  -0.334220816740718484229805336379   0.229091748762873144919326208684
 466  -0.406649003720557846575220919057   0.229129728881214490690091435352
 467  -0.479086729289000000000000000000   0.229142175175000000000000000000
 468   0.115024708533997910239860113859   0.230117144179872556808396228023
 469   0.042580742940212547188378993136   0.230182985446892095380726956078
 470  -0.029862646901111946682885644620   0.230247827413852404231058189566
 471  -0.102299971047019092549315280689   0.230302145406489546693695703799
 472  -0.175063127708745901484324250045   0.230668543451596526840921248832
 473  -0.247783950407270900720227931536   0.231393412064394871901316489345
 474   0.442860887545674303118080942589   0.249054211108478214883410237302
 475   0.297493187909544116922074551572   0.249105246799826988884105981237
 476   0.370384377026370737499706393601   0.249110457527183113783947608924
 477   0.224722694648598903163310204739   0.249261999431821428343442854757
 478  -0.297985571298443140624462978458   0.249981566447780805023603216099
 479  -0.370423673694000000000000000000   0.250038583151000000000000000000
 480  -0.442864551591000000000000000000   0.250056358210000000000000000000
 481   0.151253826787711028260990755043   0.251017586423838772224464221930
 482   0.078821732469372630346420986596   0.251062836335198891614818933092
 483   0.006377766878855592306169063421   0.251128677593559067848573730538
 484  -0.066065622964986787415770855603   0.251193519565235991012305357085
 485  -0.138502942843053152620215557227   0.251247844924676550334645764365
 486  -0.211510561287000000000000000000   0.252221203846000000000000000000
 487   0.479087219845447276747923655914   0.269959481814446997071160109771
 488   0.333748933235869961748031803788   0.269959641867601305294435963710
 489   0.261240717095590818474686796626   0.269966077071420504682628054496
 490   0.406638840051299653526287488429   0.269966905117550968044341476809
 491   0.188359238025140179326723922162   0.270333245529410173454124109907
 492  -0.261724914108294501840212159509   0.270827243105283163911976907131
 493  -0.334188116960121740960596387613   0.270929890115936001830184622961
 494  -0.406636687755000000000000000000   0.270968568388000000000000000000
 495  -0.479086624774000000000000000000   0.270970302924000000000000000000
 496   0.115050849864884807371697024375   0.271963280070154328667598850644
 497   0.042618756407924418909572960702   0.272008528482024257350665542912
 498  -0.029825213428819453613758361440   0.272074377110401339593645450156
 499  -0.102268594761024749061216147260   0.272139219083429761608421188284
 500  -0.174532334898837646316033355093   0.272490735576873348496471562600
 501   0.442844867011074747450394686914   0.290907323144853625214839507140
 502   0.297432697199839861766498452697   0.290930763369302690002825273316
 503   0.369950797818816889384306559525   0.290933770457732823213614420297
 504   0.224672282476233800691114345010   0.291087529373077621203282401429
 505  -0.225475695157242496790523481367   0.291692803740198034763113036290
 506  -0.297949066727119814564293676130   0.291813190835779529965352049981
 507  -0.370394071121000000000000000000   0.291872293384000000000000000000
 508  -0.442859043519000000000000000000   0.291882805389000000000000000000
 509   0.151277444464419198994686833571   0.292868096241401453892191251231
 510   0.078847873791633052454468738722   0.292908972227745968445138749013
 511   0.006415780346748069842329302746   0.292954220628251106157144654328
 512  -0.066028333208073285846848390330   0.293020333463277521388706704349
 513  -0.138297986816859984583017230164   0.293382109735714567240268797181
 514   0.479087084733334630645263934589   0.311785042123334212391906562521
 515   0.333688691095888769118729456201   0.311785158798726975802351742369
 516   0.406206557747533405442791341352   0.311790231473349442480242097210
 517   0.261015999960023802150130932413   0.311791033707905648325060977031
 518  -0.188803772620983514960737310927   0.311806172246374157104880239854
 519   0.188388715283050562926695847829   0.312158795451220920381188152361
 520  -0.261687706535182861475830045438   0.312657649774190058410937991574
 521  -0.334154656221000000000000000000   0.312756181487000000000000000000
 522  -0.406610997592521982686289988208   0.312795813130805675318580514537
 523  -0.479081268173000000000000000000   0.312796837448000000000000000000
 524   0.115074468396498560430926042223   0.313813788395979536727002512699
 525   0.042644897729707490245026264252   0.313854664375271513642124437616
 526  -0.029787191454537429860485616864   0.313899920137361415043990874560
 527  -0.102057725263910042459488021548   0.314263224115564966951545091000
 528  -0.152550017225094714162138243547   0.332704585807464798530967209634
 529   0.442845001195654377039205526581   0.332732883458275464525065742645
 530   0.297297819117187662903880231225   0.332756106207418018124415181338
 531   0.370017103835505225576401068950   0.332759278215778725881047970952
 532   0.224701759732788483392597079582   0.332913079297260390569488052996
 533  -0.225435650277817571614768617104   0.333518344879294474872675640684
 534  -0.297914947736070977655701839431   0.333640295688975986845708283333
 535  -0.370360343259901444657620283482   0.333698826006650441282878916739
 536  -0.442839455074000000000000000000   0.333709183453000000000000000000
 537   0.151315236603475079201861941338   0.334694023441494235796550445119
 538   0.078871492332621172126749033916   0.334759480543816306744605581524
 539   0.006441925928366516033251714271   0.334800363884477982807883899636
 540  -0.065816583511088433745894958296   0.335142810788258159621356390829
 541  -0.116309755657110685161839130904   0.353585700192764149697104749185
 542   0.479087219845447276748294416899   0.353610602432221427712653014073
 543   0.333759552579816541665490156814   0.353610659091698776231370891844
 544   0.406601611812458902569145336327   0.353613926043578516489311833149
 545   0.261043778875810814204295819695   0.353616584796965526207077190372
 546  -0.188763727722922836551585509239   0.353631713385452754847206326291
 547   0.188426707094143010975440596071   0.353984338505590301867066007946
 548  -0.261652694263076856332060336648   0.354483195442417224262245234147
 549  -0.334120704299186656523565992046   0.354582148550101365913503914335
 550  -0.406598636287067256613975537999   0.354621371629451762331659419483
 551  -0.479068469359000000000000000000   0.354624170630000000000000000000
 552   0.115098042082096282912279065642   0.355664374444077965728454357526
 553   0.042668520530172954663571016982   0.355705180050916950675220592949
 554  -0.029587466128184487852461198638   0.356043254535374727384734537965
 555  -0.080068613886916629948274613694   0.374465286871753808410026853286
 556  -0.152510466661973976285496340152   0.374535306827241460377811301140
 557   0.442805278237861010160557640020   0.374558424904349310181578448759
 558   0.297349115891211026788831938689   0.374581635060160474388167206351
 559   0.370036342430002904244009687500   0.374584834114560270631798642670
 560   0.224739751543880931441154321011   0.374738622351629772055693982694
 561  -0.225399091518550255013855514513   0.375343889210811999404398233928
 562  -0.297877961687883497229170453090   0.375465839661134572227168311170
 563  -0.370371001403254580140825548315   0.375524384968695903419974953090
 564  -0.442813565490000000000000000000   0.375557814114000000000000000000
 565   0.151353227361777086665767426120   0.376519566498538270558908057475
 566   0.078895070279258159695718426722   0.376610073950504688648849977277
 567   0.006639128472048189748724263436   0.376948070699144489160555083158
 568  -0.043839496504012684054216782758   0.395365730618870376173631188692
 569  -0.116257623454772984200888197015   0.395435100453858398538626917837
 570   0.479047495963218461032885578484   0.395436143877417299376766469718
 571   0.333778965039775857846356814735   0.395436214904766182088769883892
 572   0.406292495260311358497727158547   0.395438344082359839423159195683
 573   0.261096970755417756385108587331   0.395442111282528870210037873201
 574  -0.188727168201431613445618029379   0.395457257716304029811972844078
 575   0.188464697838986032627092708653   0.395809881560928186697612069276
 576  -0.261615677520486215244012893969   0.396308739372801390009634711574
 577  -0.334132012145126333936207740852   0.396407707335804617945064065596
 578  -0.406590158442000000000000000000   0.396470537722000000000000000000
 579  -0.479067282977000000000000000000   0.396529121843000000000000000000
 580   0.115129940471822936414305795092   0.397500542551845546777573594958
 581   0.042865678217608491090356571903   0.397852964592753749950459960929
 582  -0.007612901903780006452559907440   0.416270546782640137949880688108
 583  -0.080016334029974837422020883707   0.416356536274624725240851425651
 584  -0.152471893721492850932321036222   0.416361259303957627539386775969
 585   0.442843621077000000000000000000   0.416385533939000000000000000000
 586   0.297590228931304724555208678232   0.416406500424604515005206494379
 587   0.370103691428608828986296118398   0.416411921424448310967915527088
 588   0.224996156411955055210575489690   0.416563396728956002707217262661
 589  -0.225361477118445592756824614303   0.417170565071346285697789419846
 590  -0.297893234660521132922187412050   0.417291397181995305751156142848
 591  -0.370364348998000000000000000000   0.417378017495000000000000000000
 592  -0.442775834898000000000000000000   0.417457843998000000000000000000
 593   0.151665306000077492404238510960   0.418343962514429922144305361056
 594   0.079100548402603411222828741918   0.418743433181255614766940277355
 595   0.028613647841780294889959728923   0.437175440676249398739849073525
 596  -0.116242751326985390916367968660   0.437261659695555850700796881962
 597  -0.043789560657739030527234579742   0.437261660535135902206350231569
 598   0.479087219845447276748294416899   0.437261685322613171040879925363
 599   0.333845396967271377913630853788   0.437261722472932198762446498907
 600   0.406598772269274250722282673057   0.437262782989368377390113891681
 601   0.261338108599898369175764543012   0.437267019753437951304286262318
 602  -0.188688831899364751590364482257   0.437282800456339821629411536558
 603   0.188865458617854125393895686648   0.437633521837316586379180957108
 604  -0.261630981183116286610392707607   0.438134296882158357320331749965
 605  -0.334109359340000000000000000000   0.438236471766000000000000000000
 606  -0.479054691210000000000000000000   0.438394553663000000000000000000
 607  -0.406506638408000000000000000000   0.438429547166000000000000000000
 608   0.115497467865029800613777756354   0.439350270610037936374921618200
 609   0.064848518026775215022905180268   0.458065909264751263556810105299
 610  -0.080006948953609829849463363552   0.458182422495952491794639351935
 611  -0.007545472683253071245650644426   0.458196751244972930109287246490
 612   0.370031105752841497239514980299   0.458237418758919298843943516822
 613   0.442665139804445794562986155808   0.458442835585821979941711047903
 614   0.297220665898714268761764281740   0.458757007592563536542551864376
 615  -0.152937766025164196005549164133   0.459032835086468689941686090960
 616   0.221989685000225947134704813451   0.463171006477351114820895250391
 617  -0.229264269335269975589925388196   0.464625304022867487641255973540
 618   0.142154084896892850874735499689   0.471580726138733239599874943759
 619  -0.311599942316000000000000000000   0.473489250408000000000000000000
 620  -0.427242189214000000000000000000   0.474797809561000000000000000000
 621  -0.468912252423000000000000000000   0.479054199987000000000000000000
 622  -0.270149682964000000000000000000   0.479086888485000000000000000000
 623  -0.353049994311000000000000000000   0.479086888753000000000000000000
 624  -0.116233554424827587448012287709   0.479087219832923242582941909505
 625  -0.043780342868323852779417548858   0.479087219839290283234825573639
 626   0.406289391577609544519968145584   0.479087219840986115628101944070
 627   0.333772819939101028014966404881   0.479087219843753999814617263064
 628   0.028689397507823515647705700096   0.479087219843935975287657317883
 629   0.101007638544848310690265122924   0.479087219845447276747984953380
 630   0.260668511859269305699646459359   0.479087219845447276747992901310
 631  -0.190018499042011197007538642704   0.479087219845447276748294416899
 632   0.183300531248937391058884270208   0.479087219845447276748294416899
 633   0.479040775794920960129609185071   0.479087219845447276748294416899
