   1  -0.479075465026159809904619691405  -0.479075465026159809904619691405
   2  -0.334106077366436073346532851541  -0.479075465026159809904619691405
   3  -0.261621362002739116712000601887  -0.479075465026159809904619691405
   4  -0.116651931233151954615673900185  -0.479075465026159809904619691405
   5   0.028317499582893121129207800405  -0.479075465026159809904619691405
   6   0.100802216565644991446928292662  -0.479075465026159809904619691405
   7   0.173287443693982164672386247738  -0.479075465026159809904619691405
   8   0.245773085289269482310516286398  -0.479075465026159809904619691405
   9   0.390737639773944272722175429538  -0.479075465026159809904619691405
  10   0.473231194874177424792957575629  -0.479075465026159809904619691405
  11  -0.406590792730133029984837039303  -0.479075465026159809904619691402
  12  -0.044167215827730058906816797216  -0.479075465026159247165663122927
  13   0.318609295187733977895818095550  -0.479075465026147057527215097640
  14  -0.189136646624064065999703265390  -0.479075465026113013627871747464
  15   0.431984417324060848757566502584  -0.472001004112631177997491548579
  16   0.282144999818658181189287484776  -0.458376950853569863420042023612
  17   0.209530264302814961395033610225  -0.458151731855384336524123528905
  18   0.137044830134209688353846191657  -0.458151373215436688188320756919
  19   0.064559857943408567245811964858  -0.458150931195791170584660853368
  20  -0.007924858124377481955473764076  -0.458150930058729152279038706583
  21  -0.080409573533085908811240102609  -0.458150930053398562471471246717
  22  -0.152894288927653624972075550639  -0.458150930043760781485387545261
  23  -0.225379004313461654808609410741  -0.458150930034712187022986176053
  24  -0.370348435048284551665684945420  -0.458150930021844810026200777829
  25  -0.297863719684587595029266726714  -0.458150930021844810022934183616
  26  -0.442833128878146419944728365360  -0.458150892724192749281970725672
  27   0.354673467481059138853286971126  -0.457845294694413967662692086756
  28   0.405545659538173549801600273173  -0.439561263943742203546891305937
  29   0.479075465026159809904619691405  -0.437636483838436420987490331691
  30   0.318256144918894055391013192308  -0.437226776976375478658293744372
  31   0.245772159075134866321690417487  -0.437226395088729031728193084181
  32   0.173286932351996380580149567048  -0.437226395081603401486257696426
  33   0.100802214984991296301671480242  -0.437226395078479459564774603521
  34   0.028317499571484353554093219736  -0.437226395078479429715414186166
  35  -0.044167215834274625239290168612  -0.437226395078464003100243266943
  36  -0.116651931228112308054855335073  -0.437226395069982677317581585900
  37  -0.189136646617945535664129709488  -0.437226395054070235445521978918
  38  -0.261621361999237131449498387306  -0.437226395023595426532653405439
  39  -0.334106077366436073348418820593  -0.437226395017529810144515270040
  40  -0.406590771196297941625576271473  -0.437226357719877749403551812108
  41  -0.479075465023254635234522928526  -0.437226320409513286888498155999
  42   0.441788015757203606875752591398  -0.418636726405751585273586458658
  43   0.369303307750816291024000767283  -0.418636718729872267462406207439
  44   0.209529545715999650721680327086  -0.416302302936712525592962144784
  45   0.137044573544896891874852015839  -0.416301861594779553978599329970
  46   0.064559857278311749573629532962  -0.416301860116948853535436448867
  47  -0.007924858133336629856465771910  -0.416301860107213016638682104340
  48  -0.080409573528690405637242822656  -0.416301860095911065393048259518
  49  -0.152894288918481285746820450522  -0.416301860080266646960050801503
  50  -0.225379004299794013983598809777  -0.416301860049755235567652136548
  51  -0.297863719681085609768650481190  -0.416301860019280426654234491855
  52  -0.370348413514449463308310146646  -0.416301822715562749521866304319
  53  -0.442833107339178660181285758544  -0.416301785409020662278546167727
  54   0.282014262242920470561538799981  -0.416301419259318145417294730076
  55   0.332885986730698787198418589379  -0.398018198288202526990003981609
  56   0.405545663969846348098153085509  -0.397712181191881649189101360161
  57   0.479075465026159809904619691405  -0.395787413890756040796729714501
  58   0.245771650017182486648444986805  -0.395377325144144777678521718866
  59   0.173286930388774646357242812916  -0.395377325133923067344783031634
  60   0.100802214975795771241512243817  -0.395377325130799079375024255869
  61   0.028317499564620517257162203123  -0.395377325130799049525216451841
  62  -0.044167215830274827519771166658  -0.395377325120139254152814251467
  63  -0.116651931219069691092961782058  -0.395377325106371856882997329118
  64  -0.189136646600350898624818255740  -0.395377325075915040953013661374
  65  -0.261621361981642492302750903656  -0.395377325045440235689233222972
  66  -0.334106055829098999728541807242  -0.395377287717313366031585526135
  67  -0.479075465026159809904619691405  -0.395377250413595710035980656142
  68  -0.406590749654834851561527344489  -0.395377250400383633814653327214
  69   0.296644102487564056527949833052  -0.377092843285405855932003028964
  70   0.441788021300487140894127764394  -0.376787645579257106946819682396
  71   0.369303322839855469806950394267  -0.376787617518934567962054505757
  72   0.209529290205929319420512930529  -0.374452793828067315105126622112
  73   0.137044572683187026446318885645  -0.374452790170725466805403801955
  74   0.064559857270208152866234503084  -0.374452790167601476175827806854
  75  -0.007924858132376482294405904334  -0.374452790143595368863345618014
  76  -0.080409573521546602396929825101  -0.374452790129206078536943732621
  77  -0.152894288900918169412430845611  -0.374452790102056857005127423027
  78  -0.225379004282199376943970349623  -0.374452790071600041074594747790
  79  -0.297863698129655882262642229709  -0.374452752743473175066584257251
  80  -0.442833107344311328620342984267  -0.374452715409280715293308213530
  81  -0.370348391961603050854150573469  -0.374452715388483406474959866728
  82   0.260401490261826072614856019875  -0.356168749170232488193230017753
  83   0.332886454240703612977165507588  -0.356168298012269159680294118909
  84   0.405545680170496262602925073152  -0.355863081906310025719772827992
  85   0.479075465026159809904619691405  -0.353938343943075660605969097312
  86   0.173286930423963925624451324239  -0.353528255186242687168817072687
  87   0.100802214991692045720403784682  -0.353528255183118699187282720617
  88   0.028317499574791378492705522156  -0.353528255183118669335691781094
  89  -0.044167215822925460528892016626  -0.353528255153942184073928655097
  90  -0.116651931206753006907413787935  -0.353528255119074979890480021589
  91  -0.189136646582766647731582939495  -0.353528255097741857126708509442
  92  -0.261621340430212766903861675676  -0.353528217769632980451945782069
  93  -0.334106034262052311664138037029  -0.353528180414456809659499984893
  94  -0.406590749658960855664953240852  -0.353528180411031348042080034366
  95  -0.479075465026159809904619691405  -0.353528180404965720550635770918
  96   0.224159120676141141811005788329  -0.335244214207036577402386768649
  97   0.296644098297880753864507087798  -0.335243759995873726580141688268
  98   0.441788036836325717439846958306  -0.334938545142198557799280748430
  99   0.369303502718077901953757191176  -0.334938234738570345305767328657
 100   0.137044572718376305713527396968  -0.332603720223045086629437843009
 101   0.064559857286104427345126043949  -0.332603720219921095988086271601
 102  -0.007924858116221178344644624444  -0.332603720192678699328271849299
 103  -0.080409573507338462652205959717  -0.332603720145185298672825350662
 104  -0.152894288888601485226565881816  -0.332603720114759980012061108010
 105  -0.225378982730780037691474265548  -0.332603682795774796504059543721
 106  -0.297863676562497650219787140468  -0.332603645440423412017153150076
 107  -0.370348391959517738070979649603  -0.332603645437191157298909464368
 108  -0.442833107340809336949229947990  -0.332603645406716353299407591754
 109   0.260401478369439757832161846824  -0.314319679222553797751518027542
 110   0.187916764349947670100768158518  -0.314319676854658408761724022046
 111   0.332886457370342044397060736122  -0.314319227400029644530138098813
 112   0.405545859383233991824732562342  -0.314013697973246268537608464010
 113   0.479075465026159809904619691405  -0.312089273995395280415208480123
 114   0.100802215026881324987612296005  -0.311679185235438319011316761670
 115   0.028317499592805827021205306377  -0.311679185235438289148808434728
 116  -0.044167215800245586962903968611  -0.311679185184594877621968210647
 117  -0.116651931189246913069490131542  -0.311679185140766424073405842879
 118  -0.189136625036614875186457207869  -0.311679147812792919389412142289
 119  -0.334106034260074622579453590872  -0.311679110463350962914192947800
 120  -0.261621318860522304043947409762  -0.311679110462161296787788731982
 121  -0.406590749641366219355256356741  -0.311679110432876162556237021756
 122  -0.479075465026159809904619691405  -0.311679110408466986048179412590
 123   0.151674406644360050189844231247  -0.293395141891460808222344792367
 124   0.224159122043256083114764411031  -0.293395141870158660224066540016
 125   0.296644119176064543137858163527  -0.293394658642287960342972239094
 126   0.441788205839742931698850338251  -0.293089143526084937671936543442
 127   0.369303665945774842148866046317  -0.293088878366193743727974142576
 128   0.064559857321293706612334555271  -0.290754650272240715812120312655
 129  -0.007924858089042651300353361141  -0.290754650231123289274557828958
 130  -0.080409573482158574604182471289  -0.290754650180168144320058568172
 131  -0.152894267337260303029381457595  -0.290754612838799363450756877158
 132  -0.297863676560641890340850503603  -0.290754575489492784207866016915
 133  -0.225378961166357141538930352077  -0.290754575479179419673141330560
 134  -0.370348391941923103863730298010  -0.290754575459035968171520505188
 135  -0.442833107251137318503868335115  -0.290754575303719480617024827432
 136   0.260401481115958488230784547529  -0.272470609274873507686597074904
 137   0.187916764337658666211746047421  -0.272470606906978028572767741449
 138   0.115432048952865069463929130284  -0.272470606903854040604223711029
 139   0.332886477226946438272835968032  -0.272470124201162958717206068237
 140   0.405546012642657112416345179404  -0.272164323589911631087292802956
 141   0.479075465024122556560797698556  -0.270240204047714900224497450668
 142   0.028317499627995106288413817700  -0.269830115287757908972842475782
 143  -0.044167215775161709877952475662  -0.269830115219411427402937592010
 144  -0.116651909630171964564073797342  -0.269830077878201083697409602452
 145  -0.261621318866492427672319686717  -0.269830040506483714178769786711
 146  -0.189136603466595836833202450436  -0.269830040504481383972233188805
 147  -0.334106034242490371625127210741  -0.269830040485177789465193574303
 148  -0.479075465026159809904619691405  -0.269830040460786605857418795401
 149  -0.406590749379474974550496176802  -0.269830040031586838283156320083
 150   0.079189691247277451088651389551  -0.251546071940656437405027262013
 151   0.224159122422204089696290284920  -0.251546071863246577308293157937
 152   0.151674406806082542926269711262  -0.251546071642383677466828866432
 153   0.296644235700010096159110984180  -0.251545387944309350365971316346
 154   0.441788360125225826113172194646  -0.251239770796219907425895686854
 155   0.369305802210158654361890020435  -0.251236068434235438623217273575
 156  -0.007924858053853372033144849818  -0.248905580283442909098591870012
 157  -0.080409551923175099837843801715  -0.248905542917444366780288626290
 158  -0.225378961167710078196831473246  -0.248905505531499039482402582884
 159  -0.152894245751317488015571029571  -0.248905505529697623951234928806
 160  -0.297863676548340908956596393855  -0.248905505502168719436097344099
 161  -0.442833107248733515892870488526  -0.248905505351875592137366799489
 162  -0.370348391673250673329181790082  -0.248905505045965317380086080211
 163   0.260401481618615350554301172343  -0.230621539327193130514588386453
 164   0.187916764673395359387117929114  -0.230621536959297649728741081374
 165   0.115432048940576068646199393825  -0.230621536956173660415267429531
 166   0.042947333553978850764730651979  -0.230621536956173630565749425140
 167   0.332886845864452797149995366007  -0.230620435379095007890155775736
 168   0.405548151338670108221840960350  -0.230311514221978935324995421598
 169   0.479075465026159809904619691405  -0.228391134100034520033786421214
 170  -0.044167194201866761993036175871  -0.227981007981475848475942904291
 171  -0.189136603468762237620124420828  -0.227980970556801003781528645650
 172  -0.116651888036667708812603965009  -0.227980970555685701908022640541
 173  -0.261621318849558559481108180384  -0.227980970527184044739730140272
 174  -0.479075465026159809904619691405  -0.227980970513106225666658178211
 175  -0.334106033973118288203237776997  -0.227980970052593521987723096763
 176  -0.406590735742155567838647760806  -0.227980946463358147975927120248
 177   0.224159125022796329467851741420  -0.209696999109397387669385798373
 178   0.151674388974840346746684332518  -0.209696969796571526755440017820
 179   0.296644252458423913991746429887  -0.209696307421641215522334920676
 180   0.079164513728243840991040683027  -0.209653453693493847144945678707
 181   0.441790376531179246722462171123  -0.209386744306954785869667215807
 182   0.369306651742486197514665970872  -0.209385478135496879806301609859
 183  -0.000086251052876404892376577297  -0.207797176084665257979534194128
 184  -0.152894245769863890000379758371  -0.207056435582017243764583949262
 185  -0.080409530293458151285421539459  -0.207056435581783248785711977607
 186  -0.225378961150610718904401127966  -0.207056435552486009038856203038
 187  -0.442833107248733515892870488523  -0.207056435404195211946606182294
 188  -0.297863676267719351122683275374  -0.207056435066148581738245414809
 189  -0.370348378042450987164282737911  -0.207056411470727330514710969323
 190   0.037376249305249005413728139437  -0.189144945054482872750465090418
 191   0.260401488299380667036509113964  -0.188772469379513283580902176311
 192   0.187916765446480506699741014513  -0.188772467011617276678648652779
 193   0.115431980079073431817770674110  -0.188772467008549935086267580980
 194   0.332886853345243516428408198184  -0.188771333957529059618310746705
 195   0.405548858525769132445421467748  -0.188460681769376478356976272517
 196  -0.036328587200889794852267903350  -0.186872603782698197356885228407
 197   0.479075465026159809904619691405  -0.186542064152354139843025804024
 198  -0.116651888070519921513181856641  -0.186131900608005321730953753014
 199  -0.189136603451712371284656465509  -0.186131900577702249021911506650
 200  -0.479075465026159809904619691405  -0.186131900565425845475897561022
 201  -0.261621318565110723375457447972  -0.186131900085109876860461075239
 202  -0.334106020332928792848191704623  -0.186131876477140709985670114322
 203  -0.406590432847639483130471210896  -0.186131351877417719371409697736
 204   0.073636105296863019443359508766  -0.168171151976958365302909052619
 205   0.224159104728970596591024980226  -0.167847899833780130217258985774
 206   0.151674320800524854396366220747  -0.167847888613235358193482063048
 207   0.296644248819774289866300305698  -0.167847226504729963506385720415
 208   0.441791183803305299265166669813  -0.167536090639246643777033714516
 209   0.369318501077124398863236232594  -0.167515375502117500646589193338
 210  -0.000161698639513000582413326114  -0.165817893448077169003420156754
 211  -0.080409530371112751086873569736  -0.165207365634102868666998802307
 212  -0.152894245752368402797458563779  -0.165207365603690326988281310402
 213  -0.442833107248733515892870488522  -0.165207365456514831755845565103
 214  -0.225378960864293183627556026873  -0.165207365107001978672954275230
 215  -0.297863662627849345254796019742  -0.165207341491822426038396220593
 216  -0.370348060246810119174104323493  -0.165206791092213890914249063320
 217   0.037365352198617654686444741240  -0.147295876525554869808989502562
 218   0.260401482419217384515618994264  -0.146923399431833316497532862373
 219   0.187916704922895092794358720440  -0.146923397063980662148581759742
 220   0.115431938031655562839090174504  -0.146923397060890678248447175908
 221   0.332886805885245949438175949512  -0.146922264009875591033613005620
 222   0.405560864549914014416998418014  -0.146590718303496918288180487143
 223  -0.043422519972900219635159509922  -0.145629170689513027476490160893
 224   0.479075465026159809904619691405  -0.144692994204673759652265186835
 225  -0.116651888052961232371150276874  -0.144282830629787873924326359695
 226  -0.479075465026159809904619691405  -0.144282830617745465285136943832
 227  -0.189136603164949215140358125143  -0.144282830132990056639324078983
 228  -0.261621304920824301214759822829  -0.144282806502962831214307535823
 229  -0.334105702537523165105135884051  -0.144282256099608247571057901585
 230  -0.406590410507524859563344648372  -0.144282243234123496120670454640
 231   0.078824182742266608044102435332  -0.126644913188617087050631894673
 232   0.224159041667578852629517285052  -0.125998809181180069016936457706
 233   0.151673977226710843832350589306  -0.125998310430964342401710516296
 234   0.296644201797075997731552456942  -0.125998155790251264317550769055
 235   0.369318436308918354111408379538  -0.125666305511685403578069196719
 236   0.441802474388499128124165349736  -0.125664888034833727413955286822
 237  -0.007089131581254454983119670632  -0.124546167916867300791563582654
 238  -0.080409530353576976215369228601  -0.123358295655845732179600061239
 239  -0.442833107248733515892870488522  -0.123358295508834451565084947914
 240  -0.152894245465542044714049838238  -0.123358295159087603575369128275
 241  -0.225378947216485325816890774581  -0.123358271520299316456687971794
 242  -0.297863344833163518846052970196  -0.123357721115365095210932382428
 243  -0.370347975492027845686621464276  -0.123357574343915433443296533095
 244   0.042553429644021243287187667806  -0.105769637737213591556712344616
 245   0.260401433899397822263897898411  -0.105074329484181063250731781655
 246   0.115430100482865832321436994004  -0.105074327153552718576099527993
 247   0.187916653421148132065496858287  -0.105074327116331972386584840422
 248   0.332886741092846032926276587748  -0.105073194062245367932271485756
 249   0.405567489852692297692984976874  -0.104727585420492214984077194832
 250  -0.043422519939179365494711007749  -0.103780100741832647299315222016
 251   0.479075465026159809904619691405  -0.102843924256993379461504569646
 252  -0.479075465026159809904619691405  -0.102433760670065085094376326643
 253  -0.116651887766157788558268789965  -0.102433760185145461830642829819
 254  -0.189136589517078155390582487675  -0.102433736546396863392733021087
 255  -0.261620987124476511612681494897  -0.102433186125170832532064666166
 256  -0.406590401561456579886255134052  -0.102433157790810837705856991304
 257  -0.334105552579933702750393928325  -0.102432926418025854445390299317
 258   0.006284340177229610310839061598  -0.084891471995565946528709441068
 259   0.078836102445289062809230770680  -0.084771027650878718776383549979
 260   0.151672142210648431287617244277  -0.084149240405373088872626224853
 261   0.224158621865118742108748538420  -0.084149117946718310963605917659
 262   0.296644137019507296389420008270  -0.084149085826311976988617701510
 263   0.369316946057118366176627493807  -0.083817235590539070987982116815
 264   0.441809395321454501997982290414  -0.083802267179682844501748394886
 265  -0.442833107248733515892870488522  -0.081509225561154071374324330724
 266  -0.152894231817693899234801439403  -0.081509201572454721648006722631
 267  -0.080408700780081882390376507692  -0.081509100127045376539417992271
 268  -0.225378629419230143149804309934  -0.081508651141154946513944919066
 269  -0.370347975389009841566933667665  -0.081508504217783316365811533024
 270  -0.297863194875547726702587193723  -0.081508391435281073018034823211
 271  -0.030049048180695300200752275519  -0.064125404820531293036461080429
 272   0.042551078223699550853899411399  -0.063920567855594148210483278881
 273   0.260401370170359623905800946130  -0.063225259536549207320065447107
 274   0.115428889659109980956369707735  -0.063225257223388787016978036348
 275   0.187914871066597077001577853328  -0.063225257206606889064773956388
 276   0.332885744353408026152629538542  -0.063223251082692660606790123960
 277   0.405580031254151131103948221912  -0.062855242694934837945004427958
 278   0.479075465026159809904619691405  -0.060994854309312999270743952456
 279  -0.479075465026159809904619691405  -0.060584690722384704903615709454
 280  -0.116651860470359192273232053458  -0.060584690237473983398295727060
 281  -0.189136271709820647370909504832  -0.060584116149849189414152733139
 282  -0.406590401225527018711434902023  -0.060584087261261031185704679391
 283  -0.261620837167214305301813409505  -0.060583856445918342954233621635
 284  -0.334105531733655401805297028636  -0.060583820363230515155837844174
 285   0.006281988755966999360508351283  -0.043042402113946556050928131824
 286   0.078834891653742372585672815737  -0.042921957709543660537516221051
 287   0.151670928860208061814688597194  -0.042300170470128140214958796471
 288   0.224156912350968869205657430879  -0.042300043419721837423720833703
 289   0.296642977450242645802919239556  -0.042299424851725400040910235116
 290   0.369316073002370215004297252368  -0.041968165651965519148546545344
 291   0.441821597091674990310272861963  -0.041929336235947961531434609422
 292  -0.067039182042391900870689218412  -0.041853071276334648543571474782
 293  -0.442833107248733515892870488522  -0.039660155613473691183563713535
 294  -0.152893900363609278351069118300  -0.039659604785028271373609196368
 295  -0.370347975377692428178023006107  -0.039659434250499626055940939708
 296  -0.225378479460635848252095578314  -0.039659321459516007621576243699
 297  -0.297863156988801926233278241287  -0.039659255865845083747195126165
 298  -0.030051399601957911151082985834  -0.022276334938911902558679771186
 299   0.042549867431640909342728729795  -0.022071497925429299564497185632
 300   0.260399730168740108302813833457  -0.021376189621003415979295658528
 301   0.115427650571112846027990637956  -0.021376187294052172492931395226
 302   0.187913605125413420093178314508  -0.021376187278073972400070855719
 303   0.332884898336551572935660086592  -0.021374133313580229223647384296
 304   0.405588950137859330561837629700  -0.020987990763271237372450373477
 305  -0.103282758740667030300923253721  -0.020928520800336119790941505271
 306   0.479075465026159809904619691405  -0.019145784361632619079983335267
 307  -0.479075465026159809904619691405  -0.018735620774704324712855092264
 308  -0.406590401210074873328202491643  -0.018735017286815721131051748693
 309  -0.189136108805879677877986932146  -0.018734808889054965923581994786
 310  -0.334105531722452042071489588171  -0.018734750396144614999373603025
 311  -0.261620799280145314181358295573  -0.018734720875843293412671229171
 312   0.006280777964849261603414311108  -0.001193332183781680182393183054
 313   0.078833763755411010819445988050  -0.001072687336669813350216831295
 314   0.151669690722644772161669026714  -0.000451100504526853756374804447
 315   0.224155549726211860984447417789  -0.000450936715694231439522116803
 316   0.296641430027809696396607980765  -0.000450354930609197756135535855
 317   0.369314525598014217504774758920  -0.000119095732893423977883380732
 318   0.441830723544710766681059906904  -0.000062443787564512062791894924
 319  -0.067040401118907484293828610899  -0.000003985691944036722692256668
 320  -0.139527131322390806647566475583  -0.000002649014903932513534169696
 321  -0.442833107248733515892870488522   0.002188914334206689007196903655
 322  -0.370347975369654355855382124339   0.002189635711103783478414906451
 323  -0.225378428986869915469814133981   0.002189792288838435740249007300
 324  -0.297863131827508423034344652232   0.002189857662616921136146300548
 325  -0.030052610393075648908177026009   0.019572734991252973309855177584
 326   0.042548624347822321364086826583   0.019777572003788813934219815843
 327   0.260398321942777794757725484205   0.020472880302983482325552570121
 328   0.115426547275282718737796321330   0.020472882639084734085278249789
 329   0.187912367741757988737875543700   0.020472882651313070412134991517
 330   0.332883350925424698602118777021   0.020474936605491615587635045429
 331   0.405595970823591739238165625543   0.020875257870573669925034663395
 332  -0.103284001836628496108677454886   0.020920549128881633014247761135
 333  -0.175771082690239229089310473544   0.020922734317850592004873324665
 334   0.479075465026159809904619691405   0.022703285586047761110777281923
 335  -0.479075465026159809904619691405   0.023113449172976055477905524925
 336  -0.406590401199341178093287447253   0.023114052679456679354172343819
 337  -0.334105531715189065319981879081   0.023114319564116116119817744384
 338  -0.261620763975679496735067501692   0.023114375051999221469698738546
 339   0.006279534881030673624772407896   0.040655737745436433316323818421
 340   0.078832676371600877188605949988   0.040776411275617076773045782310
 341   0.151668587251658115325270125274   0.041397969440929699734006729912
 342   0.224154303304827552179946855219   0.041398152820972832715148004311
 343   0.296640237286776247333884396072   0.041398727591305869456843422643
 344   0.369313392878693249441256376441   0.041729974199457427242061210974
 345   0.441837875330424450531805816541   0.041800577779914118900685788461
 346  -0.067041644203009016834700786227   0.041845084237808665506401381280
 347  -0.139528235207409434867269455942   0.041846420939050575653093536214
 348  -0.212014720241698425669827249184   0.041847779445708375034701288120
 349  -0.442833107248733515892870488522   0.044037984281887069197957520844
 350  -0.370347975357323972312067125627   0.044038705680141603879788260967
 351  -0.297863130512749337183335161814   0.044038929887538271507043759698
 352  -0.030053853476894236886818929221   0.061421804920471086808572179059
 353   0.042547520479386641109960295060   0.061626641936910620600807476881
 354   0.260397097076256693121523815242   0.062321950232738756931976380887
 355   0.115425564625295087862541450200   0.062321952575228406297447619037
 356   0.187911264581764012442726262113   0.062321952584453557911819900873
 357   0.332882191067720386159922673436   0.062324006537099118935575504682
 358   0.405600785539113653385617903161   0.062734234386974528673518059411
 359  -0.103285105709620313680856090903   0.062769619062003319501663907642
 360  -0.175772068001287372366871758184   0.062771804276471562669213600301
 361  -0.248258051457013053672321103671   0.062772697893725767690355747188
 362   0.479075465026159809904619691405   0.064552355533728141301537899112
 363  -0.479075465026159809904619691405   0.064962519120656435668666142115
 364  -0.406590401191336080522559525565   0.064963122641002828359005556109
 365  -0.334105531703430225560418554816   0.064963389532164167165758611912
 366   0.006278431012594993370645876373   0.082504807678558239982911479459
 367   0.078831767480938127375036061512   0.082625614177242880747763705388
 368   0.151667604522245025442999869265   0.083247039391357517658014143000
 369   0.224153194909521677441883282587   0.083247231665235792271695806454
 370   0.296639308892462201085972454567   0.083247849625601059772974103990
 371   0.369312515231311547970672861547   0.083579044137934915616407226571
 372   0.441842831685246256277779466326   0.083659308979710511443093275247
 373  -0.067042748072104045944354088123   0.083694154170930454781094592777
 374  -0.139529220515143669775220014362   0.083695490891931378353335697915
 375  -0.212015472344401957724534541784   0.083696849412495876997755004678
 376  -0.284501247856756104047763578176   0.083697532351288965955591385752
 377  -0.442833107248733515892870488522   0.085887054229567449388718138034
 378  -0.370347975349979040385130034276   0.085887775640544469780632710089
 379  -0.030054957345329917140945460744   0.103270874853592893475159840097
 380   0.042546535185589671548799533096   0.103475711872992130521632279881
 381   0.260396097176964647802318315618   0.104171020168473846634497156361
 382   0.115424814988641067401105773730   0.104171022516194717169599401725
 383   0.187910282121113891011501597559   0.104171022520601675493438360647
 384   0.332881312701914258830370212524   0.104173076475561534540465454229
 385   0.405605095942800468319282811606   0.104591847376821172330507903825
 386  -0.103286091007656240964378434527   0.104618688998084729620324881922
 387  -0.175772820107962558624710425518   0.104620874232135657433540094248
 388  -0.248258717234333662769526517986   0.104621767859707599673022743997
 389  -0.320744368249265692824970504575   0.104622234300400127379863617716
 390   0.479075465026159809904619691405   0.106401425481408521492298516302
 391  -0.479075465026159809904619691405   0.106811589068336815859426759304
 392  -0.406590401180233946468312286598   0.106812192607913408174598552053
 393   0.006277445727681356045520713660   0.124353877630071678908436984235
 394   0.078831086392447075263945580183   0.124474807663514368067038027642
 395   0.151666855046823153572268596917   0.125096109332326716348955152553
 396   0.224152364692609108635139119165   0.125096317306938628485008436621
 397   0.296638598762843095289262893522   0.125097044458841835364400378474
 398   0.369311919651623468881840422669   0.125428114081377266559280019751
 399   0.441847182809394346827601858914   0.125516855339894820194442351124
 400  -0.067043733373224170599231946103   0.125543224107011792285038604724
 401  -0.139529972617320834347535548207   0.125544560839804249851213593727
 402  -0.212016138126552373641689148662   0.125545919368383304547565052859
 403  -0.284501914124895382486710913816   0.125546602301695522316814335734
 404  -0.356987438973359396768856080251   0.125546831659724856257159550492
 405  -0.442833107248733515892870488522   0.127736124177247829579478755223
 406  -0.030055942639063553307698329042   0.145119944789674404887104965267
 407   0.042545783097087836648291757607   0.145324781813914449955665270047
 408   0.260395286832362671159047919054   0.146020090108308671657183667392
 409   0.115424151609185466705112794438   0.146020092458617246914807725276
 410   0.187909532728764746154577686064   0.146020092461572361852245670464
 411   0.332880715756821895098137283557   0.146022146418984431306137165022
 412   0.405605795195502199292874225567   0.146443070461255633831082215768
 413  -0.103286843105820744016978721583   0.146467758939006875401076973085
 414  -0.175773485893589122453884893728   0.146469944190927207389597081404
 415  -0.248259383508806183789636585620   0.146470837802084138305102555800
 416  -0.320745045229587460102099110421   0.146471304242604849967443596131
 417  -0.393230213851642805208232177929   0.146471366213246822697775147175
 418   0.479075465026159809904619691405   0.148250495429088901683059133491
 419  -0.479075465026159809904619691405   0.148660659016017196050187376494
 420   0.006276693652157699687301512907   0.166202947593539404087847532065
 421   0.078830474359448174880781736030   0.166323971094866582393830821516
 422   0.151666191654848341584350513331   0.166945179274749047641343661005
 423   0.224151715447262917437303429599   0.166945396667505392121352001375
 424   0.296638032506760140113226188994   0.166946187742986002627354393679
 425   0.369311382850442410894997452236   0.167277184025614852103022748352
 426   0.441848096084536524768026815254   0.167367703833301770603474981229
 427  -0.067044485468986018133825837781   0.167392294047933981245481933947
 428  -0.139530638393475277835872231836   0.167393630782188719184125202664
 429  -0.212016804396487819956160063554   0.167394989310759915413669848419
 430  -0.284502591111425552048608697564   0.167395672243900144472402531830
 431  -0.356987856379225083533508431001   0.167395901605323617227566291192
 432  -0.429475749304039883765910700798   0.167396250806183030785072039845
 433  -0.030056694727472861019303054713   0.186969014730596725983985676987
 434   0.042545117335865550206203637778   0.187173851756299156841349851652
 435   0.260394654947329173886710811230   0.187869160051218591045831075486
 436   0.115423485912131899144254296923   0.187869162401002974587476617250
 437   0.187908869419082718938906529858   0.187869162403995997569966133268
 438   0.332880178820892491630470755065   0.187871216363220288205739070052
 439   0.405605738385093406800051342205   0.188292238807141960698855289823
 440  -0.103287508881975187505315405213   0.188316828881391344733988582023
 441  -0.175774152165052480989002955950   0.188319014133303793930116020989
 442  -0.248260060488610910148719707382   0.188319907744288869256700991090
 443  -0.320745462368616162520138747585   0.188320374188206271539904458283
 444  -0.393233189693081156823128331258   0.188320436055122793274696385562
 445  -0.465718107081466177777659903682   0.188320785644952397255780661116
 446   0.479075465026159809904619691405   0.190099565376769281873819750681
 447   0.006276027899639168481692747653   0.208052017554415550001251785462
 448   0.078829808123730182729903081880   0.208173041062236251833592703822
 449   0.151665525948861930851121976151   0.208794249217134633217490793757
 450   0.224151119683881030521363262365   0.208794484973234488428115482651
 451   0.296637681047727258596314955665   0.208795607168419828201616286162
 452   0.369311269556513884523394250112   0.209126253973141877461083271512
 453   0.441848096084536524768026815254   0.209216773780982150794235598418
 454  -0.067045151243681292370275805760   0.209241363990318473792267350673
 455  -0.139531304664938636370990294057   0.209242700724565305724644142247
 456  -0.212017481380855119308448378988   0.209244059252964572557649935399
 457  -0.284503008093987058250634800388   0.209244742189503125370634466472
 458  -0.356990832235106465271585779689   0.209244971447198560773970510168
 459  -0.429475750389325853227003787786   0.209245322363492107173326022498
 460  -0.479075465026159809904619691405   0.227980912273887598461373945738
 461  -0.030057360490560048144369299860   0.228818084672981403201620316766
 462   0.042544451086808178291888180387   0.229022921698676100097525800358
 463   0.260394074723694617836275784126   0.229718229994876666003351108535
 464   0.115422809665322534929129765310   0.229718232343219556565076680406
 465   0.187908220986370670168000662008   0.229718232346652789630741721814
 466   0.332880046979263337087217254096   0.229720286310692990959463470563
 467   0.405605738385093406800051342205   0.230141308754822340889615907013
 468  -0.103288175153438546040433467433   0.230165898823767931274507521605
 469  -0.175774829147467816681587510854   0.230168084075508482650591831763
 470  -0.248260477477882761186855314971   0.230168977689891783292770962470
 471  -0.320748438514286924853439078338   0.230169444030060607378065516169
 472  -0.393233190042258975564599898543   0.230169506337426687911990966593
 473   0.479075465026159809904619691405   0.231948635324449662064580367870
 474  -0.442833110478539109882939910199   0.248905452706843403368689441218
 475   0.006275361657694990470098192212   0.249901087505777909650256082791
 476   0.078829131297970044560805284506   0.250022111016769485011691083032
 477   0.151665070825225570837590134813   0.250643319162340197066590181109
 478   0.224150886957566624187790306684   0.250643603203502726530960340309
 479   0.296637602178176801038747857400   0.250644817324429065617668659894
 480   0.369311269556513884523394250112   0.250975323920822257651843888702
 481   0.441848096084536524768026815254   0.251065843728662530984996215608
 482  -0.067045817510657507908184328144   0.251090433932695131771536731788
 483  -0.139531981647353972063574848961   0.251091770666769994445119953021
 484  -0.212017898365178771732878993566   0.251093129198567535897885979057
 485  -0.284505984413706657286678220166   0.251093812031345083159765749519
 486  -0.356990832391089304613319933958   0.251094041394878940674035943456
 487  -0.406590548000613921300553960793   0.269829632989940142966680183267
 488  -0.479075464399140822696176688996   0.269830009112082354288377129116
 489  -0.030058026737639753402290605117   0.270667154615358377942763359127
 490   0.042543774127912740570974452028   0.270871991640881169287167747912
 491   0.260393898862358955299387301277   0.271567299942187537272888229740
 492   0.115422393086757275043440547244   0.271567302288826560916717811802
 493   0.187907945453546583074745859894   0.271567302293426120546032839183
 494   0.332880038769772442513915564764   0.271569356258372565926346563824
 495   0.405605738385093406800051342205   0.271990378702502721080376524202
 496  -0.103288852135853881733018022338   0.272014968765972619994983332380
 497  -0.175775246133416816519710570341   0.272017154021111429795827275484
 498  -0.248263453814834681750222324473   0.272018047531732515509935018250
 499  -0.320748438670269764195173232607   0.272018513977740987278130949457
 500   0.479075465026159809904619691405   0.273797705272130042255340985060
 501  -0.370348190447984353565367264615   0.290754168218068859244630104881
 502  -0.442833065851442202586813746656   0.290754526407578891274273839781
 503   0.006274684698799552749184463854   0.291750157447982978839898030346
 504   0.078828715351939579711143389515   0.291871180976036582155655676803
 505   0.151664610169900296645772158853   0.292492389107485236221394735482
 506   0.224150643777456540837314726972   0.292492987313109177970146392612
 507   0.296637594031843253798028448655   0.292493907533272164404439051824
 508   0.369311269556513884523394250112   0.292824393868502637842604505891
 509   0.441848096084536524768026815254   0.292914913676342911175756832797
 510  -0.067046494492428697365159464089   0.292939503874899830912207484823
 511  -0.139532398633302971901697908448   0.292940840612372941590355396742
 512  -0.212020874724379576770266636472   0.292942199040406685751935257468
 513  -0.284505984569689496628412374436   0.292942881979025463059831182807
 514  -0.334105796615004293893745360794   0.311678640606662414359697682263
 515  -0.406590655222998378807486602463   0.311678973542345981653562469249
 516  -0.479075449249453070826197713276   0.311679080662231413105024370353
 517  -0.030058703701163017126717242445   0.312516224557563372271513718662
 518   0.042543357170512287497606052264   0.312721061586484400881624428317
 519   0.260393859936248813217234160965   0.313416369889849813811014652296
 520   0.115419414290428678895721223568   0.313416372130492308170709680791
 521   0.187907532726745918447220750617   0.313416372239071289294771396538
 522   0.332880032998376363060438395607   0.313418426206052548151121944376
 523   0.405605738385093406800051342205   0.313839448650183101271137141392
 524  -0.103289269121802881571141081824   0.313864038711575567140218776101
 525  -0.175778222493735426027919523319   0.313866223862950500150182564348
 526  -0.248263453970817521091956478743   0.313867117479412895410000451537
 527   0.479075465026159809904619691405   0.315646775219810422446101602249
 528  -0.297863342514424026326984502622   0.332603008607946890141397915613
 529  -0.370348224026596938937777145887   0.332603520143371236047925230911
 530  -0.442833047752911836630597044137   0.332603597446073529794623791741
 531   0.006274267741399099675816064089   0.333599227393586210434354710750
 532   0.078825737709117935909018779668   0.333720250817784419573144774034
 533   0.151661453384048827637214471133   0.334341458936103270000761394721
 534   0.224149684247268131311752773145   0.334342832371724688467243076553
 535   0.296637446111406120794775601675   0.334343213069711223928302018642
 536   0.369311269556513884523394250112   0.334673463816183018033365123081
 537   0.441848096084536524768026815254   0.334763983624023291366517449987
 538  -0.067046911472544371115536000806   0.334788573820502836180550654465
 539  -0.139535374993621581409906861426   0.334789910454212011944710685605
 540  -0.212020874880362416112000790741   0.334791268988087065652000690756
 541  -0.261620811915552050790528606930   0.353527244108334322491567184344
 542  -0.334105746177667266658635664037   0.353527981581350604504905796518
 543  -0.406590597881610683067914651170   0.353528057911658081331571165778
 544  -0.479075435317842486918359949437   0.353528152353784972395279740991
 545  -0.030059120663712239253355436965   0.354365294503166552566607768391
 546   0.042540380689895021511278172700   0.354570131428314915266043942220
 547   0.115371252459376163807726079063   0.355265414364740331737391639887
 548   0.260393596853197894515996981509   0.355265439836703261745360666635
 549   0.187904129695306377780302855905   0.355265442048389896904632670595
 550   0.332880025664157791951253764929   0.355267496153732285666165800687
 551  -0.103292245482121491079350034803   0.355713108553414637494574064964
 552  -0.175778222649718265369653677589   0.355715293810630880050247997635
 553   0.405709493615053510304430281320   0.355867207715107603876442031863
 554   0.479075465026159809904619691405   0.357495845167490802636862219438
 555  -0.225378232825096945810572918928   0.374451395617008492733567423563
 556  -0.297863072373110216978383167163   0.374452481618344183351382579639
 557  -0.442832941686943634832171353167   0.374452672701861846244294424509
 558  -0.370347961373728945030696842616   0.374452794152683289981211039949
 559   0.006271291260781833689488184525   0.375448297235416724818774224653
 560   0.078778211055882588474615460185   0.375570437826217520895515204651
 561   0.151613291552996312549219326628   0.376190501170351293567443353817
 562   0.296637850851346907175911123390   0.376194648155369798910759231110
 563   0.224133867128981541029798933913   0.376211820756242997668499230318
 564   0.369313035506541579596979389044   0.376522533726603555823764530390
 565  -0.067049887860669793033991052905   0.376637643662339928868975324689
 566  -0.139535375149604420751641015696   0.376638980401892391844776118893
 567   0.442300423466418781604865459931   0.377469351964374651187330031988
 568  -0.189135580594452795068225805776   0.395375420439552307131814730442
 569  -0.261620271339734230525070133054   0.395377028175619293637466043357
 570  -0.334105376157035849468942078905   0.395377140752884373363024240786
 571  -0.406590426869205769213713860319   0.395377187373120264350098275195
 572  -0.479075450856995358278764361938   0.395377230541605735082001074674
 573  -0.030062097134552584853034750719   0.396214364344997762325293504047
 574   0.042486857948712232612947250867   0.396419167149607483889515456142
 575   0.187855967864253862692307711400   0.397114484282637920471314629691
 576   0.115370615256132575521177648033   0.397114484307569612797746471125
 577   0.260388828971923437746880855112   0.397114509512780330924619386634
 578   0.332881860838566704351435421587   0.397116566061174434553858146863
 579  -0.103292245638104330421084189072   0.397562178501095017394639498252
 580   0.405675196855014374510076632722   0.397716263609095176091886059701
 581   0.479074814093494003211347654701   0.399344915110108784356527043658
 582  -0.152892733094338950450213143883   0.416299107030813818926342851699
 583  -0.297862556491384242773645095055   0.416301719581934835314385003935
 584  -0.370347590345889239048688701072   0.416301955068722888764603728217
 585  -0.442832803008915675638039213615   0.416302020382403203169436506108
 586  -0.225376648673217535841989748737   0.416302784556898026781306222214
 587   0.078685403104622380116959049222   0.417419404864485359388665369580
 588   0.369278738746502443802625740446   0.418371589620591128039208558228
 589   0.151624617809000000000000000000   0.418463829604000000000000000000
 590   0.442353617267160990515491849316   0.419417243304106495478661776481
 591   0.003733655576000000000000000000   0.421542306912000000000000000000
 592   0.228291777827000000000000000000   0.424069794814000000000000000000
 593  -0.075992072069167077592453842405   0.429280393750250272453857317524
 594   0.309038058239335870109243801910   0.431508683371609947375266859250
 595  -0.261619679676596400823235338659   0.437226184069194416904579985973
 596  -0.334104928547030879300714430449   0.437226260466817596019215763064
 597  -0.406590151580532475111145668991   0.437226285658276363029452448792
 598  -0.479075416601206917639079135743   0.437226312798670172612128927969
 599  -0.189133366396000000000000000000   0.437228526575000000000000000000
 600  -0.116971079632345614218207884983   0.437769539444771095834453988547
 601  -0.035013064505988540966699799827   0.437769539444771095834453988547
 602   0.042387834007572729812992171419   0.438268119941104266330024494613
 603   0.267745668351776927040475090639   0.438311858575855761606910073985
 604   0.188782450326850678013235266312   0.438953297431822084200347716774
 605   0.114567519601360522910987428518   0.438955847727696488334543128593
 606   0.405645812495103914666248000131   0.439565323240647684750427689538
 607   0.479075465026159809904619691405   0.441193985052726766076191867878
 608   0.345188532773567381480405344352   0.452591563782875485125480345225
 609  -0.370347234535629537638441691524   0.458151121322774796419817539464
 610  -0.442832560928599156056514796177   0.458151370038084248770031769246
 611  -0.297860835595815489792632322240   0.458152831223048223473900360668
 612  -0.225137560928000000000000000000   0.458563520880000000000000000000
 613  -0.149555013111000000000000000000   0.464083029886000000000000000000
 614   0.011687282033424221037583759036   0.466707894271581138800069862303
 615   0.217580394493019160624168058742   0.469318130171161976668255617021
 616  -0.069271568564918116728990083717   0.470586319331638986524023020382
 617   0.300220834621000000000000000000   0.473092427045000000000000000000
 618   0.135200450446134774528057326265   0.475365006194222577856744425452
 619  -0.188627185710000000000000000000   0.479075235463000000000000000000
 620  -0.261615740143000000000000000000   0.479075314176000000000000000000
 621  -0.406589825937278715230154112754   0.479075430553115497629460519480
 622  -0.334104470622912503944660818248   0.479075435317915498850615894269
 623  -0.479075363900889400641166165416   0.479075435317915519241186096617
 624  -0.110250576128096653354744126294   0.479075465026159809904619691405
 625  -0.028292561001739580103236041139   0.479075465026159809904619691405
 626   0.051667125068588022178403559211   0.479075465026159809904619691405
 627   0.093516195016268402369164176401   0.479075465026159809904619691405
 628   0.176884705876001146686950476128   0.479075465026159809904619691405
 629   0.258276083110037174561385641356   0.479075465026159809904619691405
 630   0.377591428175395412184740186951   0.479075465026159809904619691405
 631   0.419440498123075792375500804141   0.479075465026159809904619691405
 632   0.461289568070756172566261421330   0.479075465026159809904619691405
