   1  -0.479257416332086974096832884764  -0.479257416332086974096832884764
   2  -0.335680008096181106209609749385  -0.479257416332086974096832884764
   3   0.382864162898050499303269509669  -0.479257416332086974096832884764
   4   0.454718580484211796213462499113  -0.479257416332086974096832884764
   5   0.311009745311887010733001620788  -0.479257416332086623210564474498
   6   0.239155327725725775863004025587  -0.479257416332086361749634918577
   7  -0.263825590510318249986712495203  -0.479257416332086186859599320695
   8   0.023592074967036699883880218111  -0.479257416332085871348029360298
   9   0.167300910139328375160798487354  -0.479257416332085386686742178382
  10  -0.048262342619089550649577009960  -0.479257416332085146777384653738
  11  -0.407402998745913692145671432633  -0.479257416332083526842568413710
  12   0.095446492553162566299379414287  -0.479257416332049898273569953301
  13  -0.120116758577886617380196406798  -0.479257416331801166315904700430
  14  -0.191971173281039210515672618426  -0.479257416307877897214189228607
  15   0.203228118932527356988313052753  -0.458514832664388151642256551275
  16   0.346936954104969072866621998234  -0.458514832664185220681804282486
  17   0.275082536518805225350356558742  -0.458514832664180819180278977630
  18   0.418791371691135084008653537005  -0.458514832664179059173611488779
  19  -0.443330207539010595726809924437  -0.458514832664178480954800799634
  20   0.131373701346244368640235713216  -0.458514832664146388729385887431
  21  -0.299752799303250384644067392698  -0.458514832663926195968974240164
  22  -0.012335133826431444905292260004  -0.458514832663445390949372730657
  23   0.059519283756959924708720638156  -0.458514832658706404527091464688
  24  -0.227898381989523950979005005891  -0.458514832192567165973920502434
  25  -0.084189550598407160507067167028  -0.458514831254697121088548713326
  26  -0.156043965929502027443703533964  -0.458514830096047025080269397683
  27  -0.371541503421017568575537694633  -0.458401427696967771250867591108
  28   0.479257416332086974096832884764  -0.445807982194683021642383613754
  29   0.382864162898064273455139541154  -0.437772248996260922290498656580
  30  -0.479257416332086974096832884764  -0.437772248996260922290498654293
  31   0.311009745311894299042517275134  -0.437772248996259869631693424135
  32   0.239155327725733687604728441519  -0.437772248996259348794318095031
  33   0.167300910139335143172786091280  -0.437772248996257321826171979803
  34   0.095446492552448495475759915504  -0.437772248994971540179670264104
  35   0.023592074943668354709118434665  -0.437772248955732506588102796412
  36  -0.263825590782458961430974961544  -0.437772248524406333506879527632
  37  -0.048262341805177662252435671907  -0.437772247585070968682696036937
  38  -0.191971174664035890846106795195  -0.437772245982714455045415406148
  39  -0.120116757929330071348914740505  -0.437772245054259598742642951925
  40  -0.407468712214133894152250418733  -0.437658844029128468700442806202
  41  -0.335614294513636319126740762939  -0.437658843832011381248471576779
  42   0.443330207539012509195454097823  -0.425065398526771214275441129483
  43   0.203228118932535000524059657481  -0.417029665328561264347386759354
  44   0.275082536518815027922507449641  -0.417029665328353519443193492336
  45   0.346936954104987571083268559179  -0.417029665328352990336129091326
  46   0.131373701346253197332222946920  -0.417029665328315875538031305929
  47   0.059519283708274520069211171516  -0.417029665238506652871086586989
  48  -0.012335133035079906483654500373  -0.417029663877357560721258386440
  49  -0.227898383456973017130010193482  -0.417029662314556851525905134644
  50  -0.084189549088758127869992322284  -0.417029661302278505826736399974
  51  -0.156043966565531772811888363057  -0.417029661111765749378165165345
  52  -0.443395921007207646001538169450  -0.416916260361215426291050204205
  53  -0.371541503420473119090165184572  -0.416916260361141719444536933302
  54  -0.299686393135929250367483370717  -0.416915068383101790820046137896
  55   0.407402998745939451338509926034  -0.404322814858856969836049385004
  56   0.479257416332086974096832884764  -0.404322814858856969836049383283
  57   0.239155327725742394231986442472  -0.396287081660432262320083192213
  58   0.311009745311918514640761207852  -0.396287081660431815243630636317
  59   0.167300910139342671026257416159  -0.396287081660428458018614581526
  60   0.095446492552476908743905174537  -0.396287081659141251422021713845
  61   0.023592075729528659976014005617  -0.396287080160131612140377718981
  62  -0.048262340290700993688388901838  -0.396287077546493836793242768513
  63  -0.191971175358470580430902609418  -0.396287077443611048312300548431
  64  -0.120116757789751716554603036610  -0.396287077413892177098333236791
  65  -0.407468712213589444666877908672  -0.396173676693302416894112148396
  66  -0.335614289977724522025569428777  -0.396173676496181420943261049198
  67  -0.263758021081669909105954548090  -0.396170479724941508589917102064
  68  -0.479257416332086974096832884764  -0.396060271726169930291601754117
  69   0.443330207539013212717671404903  -0.383580231190943943932882269879
  70   0.371475789952858053750401855909  -0.383580231190943923218961044659
  71   0.203228118932543630874549377761  -0.375544497992735097133591774158
  72   0.275082536518844318414817859158  -0.375544497992519542517183227569
  73   0.131373701346280141519857470708  -0.375544497992486980958230142455
  74   0.059519284573728539692196703360  -0.375544496580766488961897052219
  75  -0.012335131525902455751058943278  -0.375544493828935126269711776808
  76  -0.156043966582693493933644341236  -0.375544493745739302740523112934
  77  -0.084189549106374456493539738404  -0.375544493555974902040277514876
  78  -0.371541498884563721729615988730  -0.375431093025315915612061582459
  79  -0.299686387332516315636868268621  -0.375429900961885504446284040603
  80  -0.227829466774110002745629898342  -0.375425580718002674279067739607
  81  -0.443330207538741979257240029127  -0.375317688058726694522621599637
  82   0.407402998745937006083030262207  -0.362837647523030918029715154605
  83   0.479257416332086974096832884596  -0.362837647523030918029715152812
  84   0.335548581159779735958091315637  -0.362837647523016805854782135618
  85   0.239155327725773168402392035561  -0.354801914324601993594152762886
  86   0.167300910139370059280301735565  -0.354801914324600336410160035098
  87   0.095446493367534541138757066388  -0.354801912914111529150847874948
  88   0.023592077318405612675909031619  -0.354801910249386152502001413698
  89  -0.048262340253431715176437907169  -0.354801909991757303024861079345
  90  -0.120116757899318241520230745490  -0.354801909887822886954426103836
  91  -0.335614284223607765808363711303  -0.354688509160355161952480512083
  92  -0.263758012104593587606638746154  -0.354685312173047066907556740969
  93  -0.191900494910125759138476755907  -0.354679966787633199562530959610
  94  -0.407402996485972447570865243611  -0.354575108304722044782364838492
  95  -0.479257416332086974096832884764  -0.354575104390343878485267523645
  96   0.443330207539011842827567367363  -0.342095063855117892126548039431
  97   0.371475789952861979336748185961  -0.342095063855117271630227140395
  98   0.299621372366695201099359974644  -0.342095063855096477872123961083
  99   0.203228118932572787650111995663  -0.334059330656908278878451062237
 100   0.131373702160626459223192086460  -0.334059329246224456046052395439
 101   0.059519286112208685024347078327  -0.334059326582731553092572950647
 102  -0.012335131393681174584758398484  -0.334059326439324216400306568825
 103  -0.084189549137471484245802789261  -0.334059326165823103467720276593
 104  -0.299686378375506265870650610341  -0.333944733444751344487855438988
 105  -0.227829453055538744972733056950  -0.333940413381962896785236741115
 106  -0.155969805857376299451816625226  -0.333931402922282310520668299387
 107  -0.371475784826731175670190277472  -0.333832529601157562188105951227
 108  -0.443330207538741979257240029127  -0.333832520722900642716287369166
 109   0.407402998745936545219925936535  -0.321352480187204866223380924136
 110   0.479257416332086623210564458911  -0.321352480187204866223380922342
 111   0.335548581159773775019416522969  -0.321352480187189963578694017914
 112   0.263694163573623570429281537754  -0.321352480187178817451368240289
 113   0.167300910953834493676000450146  -0.313316745578524912964562434746
 114   0.095446494905304883470340310043  -0.313316742914845544005967975067
 115   0.023592077400458001400193407583  -0.313316742773251029800184835199
 116  -0.048262340253164156183215611415  -0.313316742655931251218527711686
 117  -0.263757998385950564414669425607  -0.313200144836882969561901859808
 118  -0.191900466626475879875315144183  -0.313194799401517943433553349457
 119  -0.120040280589706064408672175242  -0.313184840226733560755342613792
 120  -0.335548574129471287697830140261  -0.313089949231392004223880706165
 121  -0.407402996485972447570865243611  -0.313089940968895992976030608021
 122  -0.479257416332086974096832884764  -0.313089937054517826678933293174
 123   0.227766954780422741484852458149  -0.300609896519485502226725164797
 124   0.443330207539011230645843277977  -0.300609896519291840320213808964
 125   0.371475789952855974453245116219  -0.300609896519290557095205244449
 126   0.299621372366693857026991216742  -0.300609896519258582109005334054
 127   0.131373703698512733167652328794  -0.292574159247147520114989164541
 128   0.059519286193756199937767127651  -0.292574159105725543503243948305
 129  -0.012335131393418173572489022554  -0.292574159103497900370508557878
 130  -0.227829424740479522976340564677  -0.292455245941434465194391451391
 131  -0.155969784518226990141431170188  -0.292446232358029158215247708691
 132  -0.084113045765482986339304889724  -0.292442212166588956963677291822
 133  -0.299621362672056351267333351064  -0.292347370178253946665564927345
 134  -0.371475784826731175670190277472  -0.292347362265331510381771720756
 135  -0.443330207538741979257240029127  -0.292347353387074590909953138694
 136   0.407402998745936419305919496000  -0.279867312851378814417046693665
 137   0.479257416332086974096832884764  -0.279867312851378814417046691872
 138   0.335548581159778700978682859734  -0.279867312851363350086892604477
 139   0.263694163573510577715511301081  -0.279867312851323568270747561264
 140   0.191839743957436407449128191255  -0.279867309354533801341446153271
 141   0.095446494987009606108541005817  -0.271831575437950011805429968637
 142   0.023592077400717302364383709509  -0.271831575437423818024541540499
 143  -0.191900446029703502658426313180  -0.271709630123593807643755412302
 144  -0.120040279173415822842035620131  -0.271699671132920890482810036532
 145  -0.048185836905625341495384642329  -0.271699628613963298680735719762
 146  -0.263694144530503087395840431498  -0.271604802702390819138397035742
 147  -0.335548574129471287697830140261  -0.271604781895565952417546475694
 148  -0.407402996485972447570865243611  -0.271604773633069941169696377550
 149  -0.479257416332086974096832884764  -0.271604769718691774872599062703
 150   0.227766954769526420553075256260  -0.259124729183659241867655752919
 151   0.443330207539013212717671404861  -0.259124729183465788513879578540
 152   0.371475789952860944508043990251  -0.259124729183463918299392508104
 153   0.299621372366613606272604689641  -0.259124729183431160532290433541
 154   0.155912531177315967138683817919  -0.259124718970109196682061756875
 155   0.059519286194015353296982053876  -0.251088991769899273023538861605
 156  -0.155969781769590877140441015119  -0.250961060955936058838492143054
 157  -0.012258628111488184188539688794  -0.250957044947885823400952291974
 158  -0.084113044880950684203615570990  -0.250957043529668528307666194125
 159  -0.227766932095959500939265408222  -0.250862225341689823057069843976
 160  -0.299621362672056351267333351064  -0.250862202842427894859230696873
 161  -0.371475784826731175670190277472  -0.250862194929505458575437490284
 162  -0.443330207538741979257240029127  -0.250862186051248539103618908223
 163   0.407402998745939451338509926057  -0.238382145515552762610712463304
 164   0.479257416332086974096832884764  -0.238382145515552762610712461401
 165   0.335548581159775521946480522243  -0.238382145515536631695444604304
 166   0.263694163562472646233897272251  -0.238382145515497018606020683255
 167   0.191839743848167912680479547277  -0.238382142018705687095697171435
 168   0.119985322391290861534495063795  -0.238382135106242979502179481832
 169  -0.120040278953436916359553938577  -0.230214503647043904487938372454
 170   0.023668580681817490061472612455  -0.230214461280349225619527790333
 171  -0.048185658104287824055597137025  -0.230214151591895874421590089673
 172  -0.263694144530503087395840431498  -0.230119635366564767332062805270
 173  -0.191839734735584971691576550106  -0.230119621871773462168495610358
 174  -0.335548574129471287697830140261  -0.230119614559739900611212245223
 175  -0.407402996485972447570865243611  -0.230119606297243889363362147078
 176  -0.479257416332086974096832884764  -0.230119602382865723066264832232
 177   0.227766954660258826019576927348  -0.217639561847833190205221233861
 178   0.443330207539013212717671404861  -0.217639561847639736707545348069
 179   0.371475789952867011767162140890  -0.217639561847637447269254189322
 180   0.299621372366712080630371823062  -0.217639561847604584819445498483
 181   0.084058113598083809903434724301  -0.217639551438036802112180167118
 182   0.155912523862668255781276875345  -0.217639538756783889297800783079
 183  -0.084113044799541653412324554656  -0.209471876062649163464921451928
 184  -0.012257577305105492610075837072  -0.209470057669251152446211964696
 185  -0.227766943528656415506524123216  -0.209377038203856422126360207554
 186  -0.299621362672056351267333351064  -0.209377035506601843052896466402
 187  -0.371475784826731175670190277472  -0.209377027593679406769103259813
 188  -0.155912533159615746695259769276  -0.209377025703473717901364221950
 189  -0.443330207538741979257240029127  -0.209377018715422487297284677752
 190   0.479257416332086974096832884741  -0.196896978179726710804378230929
 191   0.335548581159801446177676317485  -0.196896978179710225841960696962
 192   0.263694163573650265343366716310  -0.196896978179670452563058010494
 193   0.191839743968341171060386013713  -0.196896974682879351365375314610
 194   0.407402993144898543770661381872  -0.196896968478437651625618767562
 195   0.119985315069586500159959277474  -0.196896955088795858428126120589
 196   0.047874711426173382241572383966  -0.196523478165149774123016122623
 197  -0.048185657903074105950674883321  -0.188728984084999056545609382037
 198  -0.263694152321726122235347605660  -0.188634454535936373362800757886
 199  -0.335548574129471287697830140261  -0.188634447223913848804878014751
 200  -0.191839741952687190510207342387  -0.188634442035556677859228819146
 201  -0.119985324440990518294317693271  -0.188634441906612050865369970830
 202  -0.407402996485972447570865243611  -0.188634438961417837557027916607
 203  -0.479257416332086974096832884764  -0.188634435047039671259930601760
 204   0.084014994059894349338498978440  -0.176154406511365578963185658564
 205   0.227766954780432264896834199570  -0.176154394512007138572945062438
 206   0.443330207539012408551592724184  -0.176154394511813684901211117605
 207   0.299621372366740666754834005102  -0.176154394511774714530867161887
 208   0.371475784351832076557272486935  -0.176154384810508238425276083626
 209   0.155912519191248136765681794016  -0.176154363329761793409382681769
 210   0.011932639104055623221271638943  -0.175767646191838518617730319206
 211  -0.299621362672056351267333351064  -0.167891868170775791246562235931
 212  -0.371475784826731214465045437001  -0.167891860257853287768087378383
 213  -0.227766950745756897239030824830  -0.167891858367636629095669369478
 214  -0.155912533234061962109265266381  -0.167891858238695010823234568025
 215  -0.084058116139078961820929327959  -0.167891857387981154568238995421
 216  -0.443330207538741979257240029127  -0.167891851379596435490950447280
 217   0.479257416332086637934986952810  -0.155411810843900658998044000459
 218   0.263694163573680076646182587693  -0.155411810843838875317976403401
 219   0.119942195531728989783991356799  -0.155411810162105127337089329735
 220   0.191839743968367964644744150253  -0.155411807347053299559041092791
 221   0.335548575558771043879980838301  -0.155411801142570791779515153850
 222   0.407402983256168503296156852468  -0.155411784014808560162999875752
 223   0.047867494009191108192316962715  -0.155038311457147900225927613412
 224  -0.024002275169739652557860629602  -0.155013481119117598094000479620
 225  -0.335548574129471347917775022557  -0.147149279888087692694510309401
 226  -0.263694159538830185219985334181  -0.147149274699722255837035873441
 227  -0.191839742027131717788051787678  -0.147149274570774877275852809203
 228  -0.119985324932150405635876901070  -0.147149273720064114526103592616
 229  -0.407402996485972614765093118988  -0.147149271625591496161723417201
 230  -0.479257416332086974096832884764  -0.147149267711213619453596371289
 231   0.084007776642944282156412134449  -0.134669239803367630194295216326
 232   0.227766954780458953913252444259  -0.134669227176181086766610840552
 233   0.443330207539012453416904142459  -0.134669227175987633094876887134
 234   0.155869399653395008413620682916  -0.134669218403074169048041582445
 235   0.299621366765711506746102989198  -0.134669217474631878935508635923
 236   0.371475774463107865464637551643  -0.134669200346871193507762368485
 237   0.011931617724629911820423221726  -0.134282478868585155085318542770
 238  -0.059965011196400806170369104925  -0.134119954819387447588442410256
 239  -0.371475784826731982940971561939  -0.126406692922025904921999513889
 240  -0.299621368332118561777670862313  -0.126406691031434597683592699709
 241  -0.227766950820235070261956385311  -0.126406690902808430788357676945
 242  -0.155912533725220112364699247989  -0.126406690052144065762542176162
 243  -0.443330207538741979257240029127  -0.126406684043770383684616216809
 244   0.479257416332086494172210241514  -0.113926643508074607191709769988
 245   0.119934978114459797924920152611  -0.113926643454104496825246268370
 246   0.191839732766276165280207954120  -0.113926640011219234321210566922
 247   0.263694157972660074455520953815  -0.113926633806679907209141643538
 248   0.335548565670047670531748693980  -0.113926616678930962585468714098
 249   0.407402973539223007407815772550  -0.113926599848700892787115777639
 250   0.047866472536180096986093212210  -0.113553144133615614627670561147
 251  -0.023969890842636610107229168350  -0.113495444653094544962948364039
 252  -0.095892244429262393625956007027  -0.113377353715971271487465017809
 253  -0.335548577125330724650861803849  -0.105664107363280753351121455742
 254  -0.263694159613474106360466194624  -0.105664107234606232816367210445
 255  -0.191839742518293248096035099459  -0.105664106384229956205553429429
 256  -0.407402996485973969972123145727  -0.105664104289763097067367861273
 257  -0.479257416332086974096832884764  -0.105664100375387567647262140818
 258   0.155912514084475079757023007951  -0.093184073471093425471077673643
 259   0.084006755170059251475413150852  -0.093184072480117240028235695521
 260   0.227766943578372654305582040808  -0.093184059840356547389242462310
 261   0.443330207539012565049740023569  -0.093184059840161581288542656663
 262   0.299621356876996950626275548783  -0.093184033010976975019959641221
 263   0.371475764746163210225355628229  -0.093184016180760449585892298746
 264   0.011957321687485360277241140748  -0.092752867457940233948065538913
 265  -0.059965025569800398407685985395  -0.092634787483563885763818579222
 266  -0.131819562046655740541059746783  -0.092634692412422131886409460868
 267  -0.371475785918534149805890254090  -0.084921523695142539775520202693
 268  -0.299621368406780145727604390829  -0.084921523566289789628091143357
 269  -0.227766951311366170044441244859  -0.084921522716315476365668640886
 270  -0.443330207538741979257240029127  -0.084921516707944331878281986338
 271   0.119985295574490210944583271793  -0.072441506633372043885407155316
 272   0.479257416332086969475243416307  -0.072441476172248555385375539520
 273   0.191839712977977201085014554167  -0.072441472656628364084092803791
 274   0.263694148084040422186682495489  -0.072441449342860480594487039926
 275   0.335548555953111733219951198727  -0.072441432512804689042460549698
 276   0.407402965498733792635835498978  -0.072441418586293582566806672005
 277   0.047917795994658361577185330317  -0.072068008345907605718687458231
 278  -0.023969905216036265314195496426  -0.072010277317270873239951566783
 279  -0.095892308430709909510804993843  -0.071892186380194588956310178839
 280  -0.167746859186839771151307090756  -0.071892045717778760111972987855
 281  -0.335548577200006594751164285325  -0.064178939898111697542737570925
 282  -0.263694160104439613872158786166  -0.064178939048401900447266609055
 283  -0.407402996486118605544341983322  -0.064178936953686529038344487304
 284  -0.479257416332086974096832884764  -0.064178933039561515840927910346
 285   0.084058078740967935525049075392  -0.051698936891902538155676144513
 286   0.155912494467992801320160883495  -0.051698905818906934659807611331
 287   0.227766923800910293820060941502  -0.051698892504535209894583222401
 288   0.443330207539012624708154967369  -0.051698892504335529482208426191
 289   0.299621347160155433795595461122  -0.051698848844687236411501691224
 290   0.371475756705683792008063470324  -0.051698834918339016022973941544
 291   0.011955902008636957460811831632  -0.051265266251062543361877360664
 292  -0.059965089571247914292534972211  -0.051149620147787203232663740251
 293  -0.131819614005321203948142585626  -0.051149525076628618250825332233
 294  -0.203674182241258410296164506334  -0.051149380536466303068551313262
 295  -0.371475785993378209418120630252  -0.043436356229682748991273730529
 296  -0.299621368897513201053525005282  -0.043436355380488572824667537561
 297  -0.443330207538741979257240029127  -0.043436349372118280071947755867
 298   0.119985277634478220783148128903  -0.030956336077452048141084209451
 299   0.479257416332086643758814768237  -0.030956308836422503579041309050
 300   0.191839674284477922176267131348  -0.030956271962150445367723110720
 301   0.263694138367209633365188591819  -0.030956265176551866838611564188
 302   0.335548547912727560986645372597  -0.030956251250221562115630616664
 303   0.407402955599143093235578133947  -0.030956234103800219174365468346
 304   0.047917776195515101205739955767  -0.030582841010084623995515124180
 305  -0.023971335082594442219320303509  -0.030522726375528937487342106993
 306  -0.095892360389375372917887832686  -0.030407019044401075320726050203
 307  -0.167746926386493415953950872884  -0.030406878382007134908446318183
 308  -0.239601468468535032247082906072  -0.030406741627761617042182769329
 309  -0.335548577690586955028514336159  -0.022693771712575534097098074130
 310  -0.407402996486118605544341983322  -0.022693769617860477232010256832
 311  -0.479257416332086974096832884764  -0.022693765703735464034593679875
 312   0.084058058941826368176670544600  -0.010213769556081211001934376811
 313   0.227766904367015265009340861507  -0.010213725168713710031753685214
 314   0.443330207539012813064843051602  -0.010213725168509477675874195721
 315   0.155912457450963065573807671474  -0.010213702220695746826524865740
 316   0.299621339119782153981413127422  -0.010213667582085458388454319135
 317   0.371475746806186568448270408003  -0.010213650435681555572660720027
 318   0.011954613362960749630001066590  -0.009777959874823288630928663861
 319  -0.059965141529913377699617811054  -0.009664452811993689597079611616
 320  -0.131819681204974848750786367754  -0.009664357740856993047298662561
 321  -0.203674227782217528423712591679  -0.009664213200665247894635249852
 322  -0.275528679490013799792866818939  -0.009664156370130142413155969369
 323  -0.371475786483660670018495199358  -0.001951188044662427845513211178
 324  -0.443330207538741979257240029127  -0.001951182036292228265613525395
 325   0.479257416332086965475181994603   0.010528858499403548227292921420
 326   0.119985238758321019300496954452   0.010528864300658105300140072820
 327   0.263694130326819017062745271669   0.010528916086019604921929833504
 328   0.191839640958348860615582398840   0.010528925243252014648060448768
 329   0.335548538013239912694033003034   0.010528933232456728468374326145
 330   0.407402926337422189593251520577   0.010528983915139292147585328645
 331   0.047917717672042529743571692171   0.010902326325701509262819436140
 332  -0.023972616829407956208046732349   0.010964586781865155774845906294
 333  -0.095892427589029117891140974456   0.011078148291370723384251299348
 334  -0.167746971927452534081498958229   0.011078288953793920265469745227
 335  -0.239601469779115699048929119895   0.011078425708064414062515255960
 336  -0.311456522099866143748933988594   0.011078879446240927673902755217
 337  -0.407402996486118605544341983322   0.018791397717965574574323973639
 338  -0.479257416332086974096832884764   0.018791401632090587771740550596
 339   0.084058000418358477227783538503   0.031271397779703561034858863439
 340   0.227766888286038616699627794857   0.031271442167109225024347020584
 341   0.443330207539012874018437151422   0.031271442167316574130460034751
 342   0.155912422265706848161447265858   0.031271491764605902121507307697
 343   0.299621329220276479858602630001   0.031271516900562017068435440520
 344   0.371475717544476190878260666667   0.031271567583277127262876145171
 345   0.011951107506053665749763586580   0.031713204537061916646993495345
 346  -0.059965208729567073144864232760   0.031820714523778023322777557166
 347  -0.131819726745934022924584326620   0.031820809594944159201963042110
 348  -0.203674229092798195225558805503   0.031820954135160783210062775437
 349  -0.275529052261585035312109935512   0.031821010964021110263174513125
 350  -0.347383745777593028357406119137   0.031821473732264018129480072665
 351  -0.443330207538741979257240029127   0.039533985299533823540720705076
 352   0.479257416332086686552797841605   0.052014025835229600033627151891
 353   0.119985180234850866148181589849   0.052014031636446795575567492607
 354   0.263694120427359276598306356141   0.052014100568747291696867116423
 355   0.191839613564594572159049738456   0.052014105733308783836017429670
 356   0.335548508751511383607718838391   0.052014151251385254149857642346
 357   0.407402902345459712668232760705   0.052014192806653926702376238050
 358   0.047917659718923173732106669524   0.052387493661489811150026180664
 359  -0.023976122703164060796794651428   0.052455752586879667805294688654
 360  -0.095892473129988369433299723888   0.052563315627172009640113539842
 361  -0.167746973238033200883345172053   0.052563456289619951370167770516
 362  -0.239601842550686934568172236468   0.052563593042215666738845738454
 363  -0.311456530854152121727380235135   0.052564046782066055806453005941
 364  -0.383310954066870077753715104921   0.052564058272778521400623079890
 365  -0.479257416332086974096832884764   0.060276568967916639578074781067
 366   0.084057942465245712369993453661   0.072756565115489133755596667379
 367   0.227766868486850036571744095955   0.072756609502930552155651521143
 368   0.443330207539012925146239068064   0.072756609503142625936794265222
 369   0.155912363742236144155551973256   0.072756659100395526370283619440
 370   0.299621299958594223184733158985   0.072756734919570863578547084477
 371   0.371475693552496119763472324581   0.072756776474760620671410920246
 372   0.011945950498193894319211606034   0.073207228818651388483715458361
 373  -0.059965254270526381743910492033   0.073305881859579408404178645553
 374  -0.131819728056514777234759259230   0.073305976930770341876146555465
 375  -0.203674601864369430744801922075   0.073306121469312035886393257932
 376  -0.275529061015871013290556182052   0.073306178299846238395724763850
 377  -0.347383744723614933371533442565   0.073306641068090056547055186926
 378  -0.419238161918694493112644105185   0.073306643571026749300661404219
 379   0.479257416332086965475181994544   0.093499193171055651839961382361
 380   0.119985117944428823210159631116   0.093499206484646356087130737767
 381   0.191839555041125152227477075640   0.093499273069097057430050180118
 382   0.263694091165831643311708422462   0.093499318588024074181539761582
 383   0.335548484759577592497290301774   0.093499360142949125304108688150
 384   0.407402884850264431541082845512   0.093499390445402066478592548084
 385   0.047917592408909142646788774417   0.093872660997262993701899451135
 386  -0.023981264431887192973973128695   0.093949805521863227657501832841
 387  -0.095892474440569265549559305547   0.094048482962998437930866215812
 388  -0.167747346009604494652277386645   0.094048623623771304938447936871
 389  -0.239601851304972912546618483008   0.094048760378040794871395989178
 390  -0.311456529800174026741507558563   0.094049214117892094224028120203
 391  -0.383310952598619110849535878554   0.094049226326146165382884054198
 392  -0.455165475216897945746403905056   0.094049301788696086150132598519
 393   0.084057875155237486886633814879   0.114241732451260580054730677160
 394   0.227766809963382724160480912647   0.114241776838715324193260909189
 395   0.443330207539013053448676519422   0.114241776838968677743128495693
 396   0.155912315684284534281805651001   0.114241826436196865686638521446
 397   0.299621275966814362551047289352   0.114241943811403617340550947539
 398   0.371475676057346945286043408899   0.114241974113589157580891321497
 399   0.011942011346238261528769032198   0.114699199880501035254577353145
 400  -0.059965255581107135925023031090   0.114791049195405590855769738780
 401  -0.131820100828086161469777186964   0.114791144264921852136918355664
 402  -0.203674610618655408723248168616   0.114791288805137164018943508656
 403  -0.275529059961892918304683505481   0.114791345635672276813299878111
 404  -0.347383742924172607040630358388   0.114791808467476746090625322326
 405  -0.419238223382579150551544960262   0.114791810906807269060727105367
 406  -0.479257416332086974096832884764   0.127822034609475532722190415970
 407   0.479257416332086823278330746653   0.134984360506881703646295612832
 408   0.119985085942855916464508999136   0.134984373820462014047832626647
 409   0.191839507057180262005115648218   0.134984440404900111053072117761
 410   0.263694067173995559449081595780   0.134984527479759264930056031468
 411   0.335548467264584042804888369958   0.134984557782043993035885676283
 412   0.407402863902177204994248150840   0.134984594064881945891889568211
 413   0.047917561089638319641463361826   0.135357828333078762735086977628
 414  -0.023985185643510477147692178385   0.135441804052484659663999672986
 415  -0.095892847212141346108534388901   0.135533650297151154266129146363
 416  -0.167747354763890621264966519993   0.135533790959596690514407531802
 417  -0.239601850250994817560745806437   0.135533927713866833288971103440
 418  -0.311456527964034950764854609657   0.135534381453718105396481341631
 419  -0.383311014062508166862399943145   0.135534393661934303696981895847
 420  -0.443330164497768178901973939970   0.148564543727586715632784922818
 421   0.084057843835967386060240571536   0.155726899787074809603344356409
 422   0.227766761979440535659446257891   0.155726944174513625614869539119
 423   0.443330207539013061784603310122   0.155726944174794729549462726164
 424   0.155912280769945417061357123285   0.155726993772013077357668061598
 425   0.299621258471763521591589122020   0.155727141450402312198192796294
 426   0.371475655109277850936884098196   0.155727177733573424034557251559
 427   0.011932882298592067648270896566   0.156200212088459178509512409445
 428  -0.059965628352678274792179935835   0.156276216529557237032209463792
 429  -0.131820109582372987269047833583   0.156276311600748448744467419974
 430  -0.203674609564677313737375492044   0.156276456140963202436518622918
 431  -0.275529058125999002211382940651   0.156276512971922929701433519101
 432  -0.347383804416234009875095768924   0.156276975852060825179944732903
 433  -0.407402955177697195212828922853   0.169307126482713750269039713298
 434  -0.479257416331540153654530564420   0.169307201945301584528521042591
 435   0.479257416332086974048709958879   0.176469527842707755452629843303
 436   0.119985051028518431920291949598   0.176469541156276083406762277489
 437   0.263694049678692832901549556793   0.176469725118323399556108769210
 438   0.335548446316325489491913122155   0.176469761402161322123410599673
 439   0.191839364251062946538879048688   0.176469794485090546502114508433
 440   0.407402830589132758501312521748   0.176469819101567064623039985424
 441   0.047917526175293102078294105442   0.176842995668890430521250075879
 442  -0.023994516481977082371296449873   0.176942571304093693228538436240
 443  -0.095892855966429010805702683232   0.177018817632979570853864513241
 444  -0.167747353709912346967177842716   0.177018958295422728931978090439
 445  -0.239601848425112863554143534011   0.177019095067458714957104361155
 446  -0.311456589428117514110871265666   0.177019548789841379605467264160
 447  -0.371475745585968501856413033813   0.190049708767315794770661809837
 448  -0.443330164488640632556883234884   0.190049711063412767438115034135
 449   0.084057808921624049710123594092   0.197212067122886169274526512548
 450   0.227766726989040162478107393559   0.197212111510324921205947787813
 451   0.443330207539013212547579485607   0.197212111510620781355796956635
 452   0.299621237523125485764514020206   0.197212345070306514878414835140
 453   0.155912116287916559462670841238   0.197212373429826147947957759410
 454   0.371475621796100459583286349310   0.197212402770293418058338653621
 455   0.011929493078563831394178944617   0.197690695218700919531095226157
 456  -0.059965637106965195264239245128   0.197761383865384218796722719973
 457  -0.131820108528394096198106113111   0.197761478936574716805078127565
 458  -0.203674607797064288273143226900   0.197761623595480186887699629247
 459  -0.275529119589895962055174313455   0.197761680307724719870929621587
 460  -0.335548530543418921211525677154   0.210792281610815415255828776861
 461  -0.407402955165377923369591646936   0.210792293818539802073544802554
 462  -0.479257416332086974096769026185   0.210792369281127636334851669213
 463   0.479257416332086974048709958879   0.217954695178533807258964073774
 464   0.263694028730056310863634185156   0.217954928738230748531619536277
 465   0.119984852613995853749108054171   0.217954936750975147028403657952
 466   0.191839322354076715920753078069   0.217954961820900448002218329777
 467   0.335548413002914323857351934059   0.217954986438415430000967204479
 468   0.407402806690147461406636868195   0.217955027832479971485234624455
 469   0.047917185868186974893372780558   0.218328163003320695183409088842
 470  -0.023997712466506836303232977597   0.218433285227860971555135520217
 471  -0.095892854912447308854054038947   0.218503984968805919046266470806
 472  -0.167747351874702376808422965822   0.218504125632857446244902044002
 473  -0.239601909919561729763208662246   0.218504262456177964477836436015
 474  -0.299621060705085532069105330786   0.231534413128505042374857264189
 475  -0.371475745575380494387184907027   0.231534876106140714570092094201
 476  -0.443330164140501059604437954159   0.231534878399238817783672196090
 477   0.084057468614520578769961990187   0.238697234457316433958474975136
 478   0.227766685092057081318524893602   0.238697278846129816568858593592
 479   0.443330207539013212548034742750   0.238697278846446833162131187107
 480   0.155912049659913253785051616077   0.238697540765669064529895583692
 481   0.299621204209621039993290447466   0.238697570106727986765198954046
 482   0.371475595108946340212491754303   0.238697616329571992103802475208
 483   0.011921903117682117180304368060   0.239189015163609327751443770256
 484  -0.059965636052979700635276407689   0.239246551201214524093053129096
 485  -0.131820106729023243860800056094   0.239246646336084239712290387507
 486  -0.203674669385598345529657094638   0.239246791147160344285553222974
 487  -0.263693851350203606592581162919   0.252276995823337753521504707485
 488  -0.335548530328982018892225206287   0.252277448946641466507950646272
 489  -0.407402954809240331330550746273   0.252277461154365852351212372040
 490  -0.479257416229776162633043183283   0.252277536616953688015026324894
 491   0.479257416332086974048709958879   0.259439862514359859065298304246
 492   0.119984791834599588612721742918   0.259440104086757965162132844469
 493   0.191839255726109799369353353209   0.259440129156675679330414044736
 494   0.263693998204675189265430880247   0.259440158603824192333617707784
 495   0.407402806690146100206209308351   0.259440195168308380967647789257
 496   0.335548382812712499776917346947   0.259440206065137435347426701913
 497   0.047917135196707002785278995228   0.259813330339115801002930975371
 498  -0.024005288054444776210525959477   0.259931629898332721405810093538
 499  -0.095892853076402084213589099550   0.259989152304788928677067170166
 500  -0.167747413470648424656370151264   0.259989293197375615290667623733
 501  -0.227766613433898974940593377930   0.273019529048253451515896447242
 502  -0.299621060328549483789906981131   0.273019580464331092472395257851
 503  -0.371475741637492189469792630527   0.273020043442019133532735534318
 504  -0.443330163667568150979039591700   0.273020045735064866894277441665
 505   0.084057417943042897244638883299   0.280182401793111539780794662031
 506   0.227766618465680375173059229384   0.280182446181902366432714716486
 507   0.443330207539013212523419611623   0.280182446182272884968465417578
 508   0.155911988880436957072329930131   0.280182708101473111896934502437
 509   0.371475595108946166872236142866   0.280182783665398334232906892272
 510   0.299621176807766934081863323799   0.280182794562233065885193278129
 511   0.011914740718306707691814492410   0.280686644758512313906473790072
 512  -0.059965634216849356045461637845   0.280731718537042740763499850893
 513  -0.131820168372963278360211245393   0.280731813983730089131607828029
 514  -0.191839355156722956672122974700   0.293762027006951099191491334478
 515  -0.335548504422576799185489759551   0.293762616282459429377027196642
 516  -0.407402953540068711803285325152   0.293762628490192465641892805670
 517  -0.479257416332086974096832161204   0.293762703952779739695200980576
 518  -0.263691390950056634915619557254   0.293766362866920231100954579125
 519   0.479257416332086974096832884764   0.300925029850185910871632534717
 520   0.119984767393787304915988756728   0.300925271905848982013444705797
 521   0.191839195352830361969793742038   0.300925296492461813560118192477
 522   0.407402806690145998799327266527   0.300925362504134608756070924344
 523   0.335548381778338036625927312029   0.300925384850914053814931504711
 524   0.263694091346651979593197816301   0.300925591845904573812567479787
 525   0.047917110476883260562346720149   0.301298497674934487891571853416
 526  -0.024012453885666501522567758788   0.301429253002656146885686943503
 527  -0.095892914541386537886235054432   0.301474319642472072892569919294
 528  -0.155912109603477647823993892996   0.314504547004249016194572827341
 529  -0.299621034184025075799836539564   0.314504747800148905958862211766
 530  -0.371475710293562878864257990711   0.314505210820482672071620244734
 531  -0.443330162930472264914383473162   0.314505213070890967559628801376
 532  -0.227764043434776523434941303100   0.314509040475407396425313344079
 533   0.084057393223219999709259168659   0.321667569128930226669938865202
 534   0.227766558090817513483644321494   0.321667613517684485379431169159
 535   0.443330207539013212717671404861   0.321667613518098936774799648049
 536   0.155911983832885990392331991792   0.321667875437302901127096156151
 537   0.371475600685198951165880195514   0.321667951001224011271618003024
 538   0.299621296317224855182022370429   0.321668182134583028237164747927
 539   0.011911102126544132265539834225   0.322178162186500928535818681961
 540  -0.059965695697430759817564754729   0.322216885901737044630079081106
 541  -0.119984855657134998507594879696   0.335247052464209616820262411289
 542  -0.335548437148107065952381387664   0.335247783618471493309201475315
 543  -0.407402919907046845053936458760   0.335247795888259554272757974446
 544  -0.479257414116098113189087477250   0.335247871288605732316446334396
 545  -0.191836205456846722859517793202   0.335252575185785100269697860934
 546  -0.263689926849913196534360653177   0.335253948963223887009048540926
 547   0.479257416332086974096832884764   0.342410197186011962677966765188
 548   0.119984847391684272003223212947   0.342410584421835472654072122907
 549   0.335548515224086004381067733181   0.342410748284892757499091957579
 550   0.191838817558813532097110918091   0.342411108727104829012266885836
 551   0.263698341896183208420923257965   0.342418132846458302530430327345
 552   0.407395826465752838909172249702   0.342422624902673791531907525119
 553   0.047917106656912747338569490732   0.342783665010760363825712972381
 554  -0.024016132147404199152963442958   0.342920701720181974612786547917
 555  -0.084057636824161113493876614264   0.355989618742495806565873362850
 556  -0.299620967141867511316075478122   0.355989915135922179068463882398
 557  -0.371475659506065209526467127193   0.355990378222241887989485886922
 558  -0.443330132744619143706956673384   0.355990380406706244856840912868
 559  -0.227762515576942249492138551640   0.355996744691470178109459800732
 560  -0.155907720680091024303966969475   0.355997157947743908112842851256
 561   0.084057389403245107345764910377   0.363152736464756102603676751029
 562   0.227766552615204249045372092161   0.363152780853510175823590107160
 563   0.443330207539013212717671404861   0.363152780853924988581133878520
 564   0.155911681120518978697679489579   0.363153817716666837252358712039
 565   0.371468741004639892124359787370   0.363165422186342537759381479675
 566   0.299628896614190000431995105408   0.363166472984384737943509715852
 567   0.011861803192601716262202149902   0.363748396374652099518481971246
 568  -0.048113867872525655930411390163   0.376703492895655463072280335157
 569  -0.335548413901555238775317395096   0.376732950972439398765187520303
 570  -0.407402892536331376720516558554   0.376732963326187115447012451267
 571  -0.479257416332086974096832884764   0.376733038624431724937691688216
 572  -0.263688206217026761688304667496   0.376741987022154508110637676357
 573  -0.119973374077648734467174709394   0.376752059520184293848463971647
 574  -0.191825362000103588746912689008   0.376756304146322179218924373053
 575   0.479257416332086974096832884764   0.383895364521838014484300995659
 576   0.119984231219579463227764293051   0.383895983767900975347552471770
 577   0.263698364936434313570133222411   0.383903300182277956228656531307
 578   0.335562093416412638419203758627   0.383943578212716551440002168117
 579   0.407352285546305288243196705800   0.383983451392004738334138624292
 580   0.191715481853808984116999727511   0.384108696908214348230179070970
 581   0.047916356534469115940677948005   0.384268832339804670292435116277
 582  -0.299620923930165624692716912736   0.397475082471730651684901091982
 583  -0.371475653957390732585959393864   0.397475545659317871996159836897
 584  -0.443330164497756401897783423245   0.397475547742522509380916721466
 585  -0.084025890932788431857930812899   0.397486937314328509682640233075
 586  -0.227756439544620940074651185826   0.397492185496569936041214211767
 587  -0.155892091744449242577957711399   0.397509343422109571731602741574
 588  -0.012230107837775873399853398351   0.397521150656556017445842143029
 589   0.084056639280782885350641818309   0.404637903793800408734249246882
 590   0.227766575655838383513026440990   0.404637948189329829309085699193
 591   0.443330207539013212717671404861   0.404637948189751040387468108992
 592   0.299618607944906643337683407417   0.404657944267248035737301063733
 593   0.371445637958078131999883158697   0.404761607418378920666561780824
 594   0.155788029969585377955042964134   0.404850866348115155472575444634
 595   0.023824445504091526278622399752   0.418041586621708588219795288061
 596  -0.407402955474045361529231661298   0.418218131010960044826099109331
 597  -0.479257416332086974096832884764   0.418218205960257776744025918687
 598  -0.335548349197384111131378206965   0.418218372448936854629285223920
 599  -0.263681295735139772235171790381   0.418238843458093645476172371783
 600  -0.191821170224400033941004204214   0.418248688647116727662207893893
 601  -0.119897209629000000000000000000   0.418337127048000000000000000000
 602  -0.046557642081202465708990579419   0.420815774535208007601984091614
 603   0.479257416332086974096832884764   0.425380531857664066290635226131
 604   0.266057990076000000000000000000   0.430477180036000000000000000000
 605   0.181898253299000000000000000000   0.438580196460000000000000000000
 606  -0.299620722939843411063601959463   0.438960249807072379904055119399
 607  -0.371475745785087010083172753287   0.438960713127155365627796016142
 608  -0.443330164497756401897783423245   0.438960715078348561187250951937
 609  -0.083858835045381815378225016049   0.438971768375550330301509875348
 610  -0.227749792383327709216405006593   0.438988824219804396584528146125
 611  -0.155876457811452776457005561119   0.438994507924741135391455256707
 612  -0.010594864460000000000000000000   0.441533889627000000000000000000
 613   0.397801792875000000000000000000   0.442188321354000000000000000000
 614   0.056892837592649349752802987985   0.443091547770558602885110842532
 615   0.356131642305266241384660386205   0.443316771093652655824287253850
 616   0.140258066412321845655407096274   0.443319546346154539859825061236
 617   0.314646475894382409447515076081   0.443325531388435308364606338753
 618   0.098375202737468371453235091215   0.443573720844664511290669070576
 619   0.227465559420582247141431888794   0.446122023424383593484425343680
 620   0.443330207539013212717671404861   0.446123115525577092193802339463
 621  -0.263438686931383977405935519604   0.460138810627021094646092066010
 622  -0.479204180118000000000000000000   0.462101370246000000000000000000
 623  -0.046499478260000000000000000000   0.471697860072000000000000000000
 624   0.476337168293000000000000000000   0.472725717883000000000000000000
 625  -0.350731909077796070116078440768   0.474887198448471417944367100440
 626  -0.176512319626147572613272267369   0.474983374536727864516809391759
 627   0.035731572077333205559864638373   0.479097832604634210060814665529
 628   0.376882325981520586963065724550   0.479243434490544467184001346295
 629   0.161019125976015147313992583276   0.479249264662069914215563329553
 630  -0.135247823737211569641025540956   0.479256617928769168712571801658
 631  -0.217776746418712141140557860780   0.479257402011852903129212308726
 632  -0.093762656409065976309152813855   0.479257416332085152906036828322
 633  -0.309477572281148487317634444100   0.479257416332085237683933813592
 634  -0.391986245874447446042119677374   0.479257416332085798715211222511
 635   0.335397161001860738956360409891   0.479257416332086974096832884763
 636  -0.433471413210273497848453907829   0.479257416332086974096832884764
 637   0.077216446033862307217656844518   0.479257416332086974096832884764
 638   0.119533959441074435688813337911   0.479257416332086974096832884764
 639   0.202504292510955858939171828640   0.479257416332086974096832884764
 640   0.252426826330208635343691948949   0.479257416332086974096832884764
 641   0.293911993666034687150026179420   0.479257416332086974096832884764
 642   0.418367490961180434969771039208   0.479257416332086974096832884764
