   1  -0.479053697344708271789167708873  -0.479053697344708271789170516529
   2   0.246548812710285279738070924370  -0.479053697344708271789170516529
   3   0.319108652414097912952471230737  -0.479053697344708271789170516529
   4   0.391668766727336545665374180139  -0.479053697344708271789170516529
   5   0.464228502073474044300921206553  -0.479053697344708271789170516529
   6   0.173988885049364596673031579553  -0.479053686987631720659884368777
   7  -0.406427868524153251806134887561  -0.479053678245297268123532939236
   8  -0.333810829154651934385482758455  -0.479053662055055773250034916392
   9   0.028977524554280890387420606829  -0.479053239885278386340556183865
  10  -0.261249891026000000000000000000  -0.479053147382000000000000000000
  11  -0.188689457506000000000000000000  -0.479053147382000000000000000000
  12  -0.116131518361000000000000000000  -0.479053147382000000000000000000
  13  -0.043576732776000000000000000000  -0.479053147382000000000000000000
  14   0.101536160903000000000000000000  -0.479053147382000000000000000000
  15  -0.442739382676000000000000000000  -0.458154332099000000000000000000
  16  -0.370117784917000000000000000000  -0.458148133211000000000000000000
  17   0.355388709570717229308922705438  -0.458107389020309894851179161663
  18   0.210268838445579967060709190836  -0.458107198946034722980019669836
  19   0.282828732562191596345271077553  -0.458107151203456746468835840175
  20   0.427948634400405294983147693346  -0.458107060828719688185566071681
  21  -0.297531653517000000000000000000  -0.458105263160000000000000000000
  22   0.065255864107236025719524920175  -0.458103734584466880387572080654
  23  -0.224970929391000000000000000000  -0.458102742108000000000000000000
  24  -0.152410497787000000000000000000  -0.458102738790000000000000000000
  25  -0.079854125706000000000000000000  -0.458100025406000000000000000000
  26  -0.007299523891000000000000000000  -0.458099706803000000000000000000
  27   0.137765644150193102994165490457  -0.458009218482214703294424100682
  28   0.479053697344708271789170516529  -0.439872018400613756183957596840
  29  -0.479049763164130538767995193990  -0.437161092218856425368707847753
  30  -0.406421776752325069658469310428  -0.437161014193376472176045703762
  31  -0.333818539565500803228705663890  -0.437160948958021614669863778787
  32   0.319108789718810912701722552254  -0.437160842879058369530844485309
  33   0.391668577243785978626696218645  -0.437160752504321311247574716815
  34   0.246548771721618388318545016238  -0.437160676055718887036061722732
  35  -0.261253819929000000000000000000  -0.437153036145000000000000000000
  36  -0.188692873425000000000000000000  -0.437150768605000000000000000000
  37   0.028979310258020019049666587168  -0.437149879172897634174219152166
  38  -0.116133095396000000000000000000  -0.437149633671000000000000000000
  39  -0.043576916809000000000000000000  -0.437146585281000000000000000000
  40   0.101483460310260063734687411288  -0.437066518041921524818452709184
  41   0.174046070383459197936517422301  -0.437061968452389084128068520174
  42   0.442773829671639522471397003322  -0.418925381884625172580353151991
  43  -0.442740260907000000000000000000  -0.416259094119000000000000000000
  44  -0.370120674367775178670001652070  -0.416251017449394417129803518179
  45   0.282828828878237704674996490939  -0.416214367731320510098070367866
  46   0.355388657391879662019496065461  -0.416214206363069785927240040461
  47  -0.297540835135000000000000000000  -0.416208680123000000000000000000
  48  -0.224976274396000000000000000000  -0.416200961763000000000000000000
  49  -0.152414859887000000000000000000  -0.416198721638000000000000000000
  50  -0.007297867604136172332941650097  -0.416196526373876434379062822749
  51  -0.079855886381000000000000000000  -0.416196193752000000000000000000
  52   0.137765483022935396513846006384  -0.416116483366928240151755612727
  53   0.210326043967413284057014357315  -0.416115382668525054448691665969
  54   0.065207363447712153294502909384  -0.416113275864110824686213310950
  55   0.406493772515020206114945528621  -0.397979073560226795642361797126
  56   0.479053697344708271789170516529  -0.397978745368636588976748707143
  57  -0.479052657083689109934696352154  -0.395268487008228203998472641327
  58  -0.406440775348315304463425987850  -0.395268374991966851153313038777
  59  -0.333828330101330147073091756409  -0.395268274212182700837213832441
  60   0.319108696551306453992770004146  -0.395267731215331926494465923018
  61  -0.261262820818000000000000000000  -0.395256634504000000000000000000
  62  -0.188697700325000000000000000000  -0.395249102752000000000000000000
  63  -0.116136963295000000000000000000  -0.395246472180000000000000000000
  64  -0.043577457983073948648824082537  -0.395245328117832031124446970301
  65   0.174045900937980482757988950939  -0.395169178981451562085533917850
  66   0.246606156044300691135618671252  -0.395168979816770521940781518443
  67   0.101488166895917366037683629034  -0.395165374518022040088639136445
  68   0.028930774267405720692650983922  -0.395160897085749689528403263745
  69   0.370213852663113889507745375438  -0.377032527418975270322027120772
  70   0.442773640188088955432719041828  -0.377032437044238212038757352277
  71  -0.442743754028909995870752517940  -0.374361679144797519256406528058
  72  -0.370130759946000000000000000000  -0.374356335194000000000000000000
  73  -0.297550783516000000000000000000  -0.374313979534000000000000000000
  74  -0.224985437149000000000000000000  -0.374303496970000000000000000000
  75  -0.152420685773000000000000000000  -0.374296109028000000000000000000
  76  -0.079860401865329912393366147964  -0.374292884376571000139302938313
  77   0.210326000863821814638417230045  -0.374222760326680601451415083156
  78   0.282886941823385266827939706852  -0.374220763164359730949142527893
  79   0.137769009396009103986191276029  -0.374217295772902598891589874983
  80   0.065211721799544851117119992939  -0.374212712900803818466681654886
  81  -0.007347664985000614400655987978  -0.374211692947062938138963463692
  82   0.479053697344708271789170516529  -0.356086128719839835100765997411
  83   0.333933891822540681481019314122  -0.356086052271237410889253003328
  84   0.406493720336182638825518888645  -0.356085890902986686718422675923
  85  -0.479051990515361099911053524894  -0.353375881702947751921376986779
  86  -0.406437006312567541854128555641  -0.353375710630686211920383411627
  87  -0.333836339692676054738425211178  -0.353375561170164943907635339024
  88  -0.261272807744000000000000000000  -0.353361291975000000000000000000
  89  -0.188706805166000000000000000000  -0.353352520863000000000000000000
  90  -0.116143255785665726234923216366  -0.353343836619210633672348782975
  91   0.246605894838567412002332925461  -0.353276169365630559598240437815
  92   0.174049727220091915601099759218  -0.353269900134488398275565316073
  93  -0.043627417470655319338266286894  -0.353264752293346988810976465558
  94   0.101492563614049180460805430366  -0.353264679974228672299732763844
  95   0.028933327331949926072282964371  -0.353263471333818724170168931672
  96   0.442773777492801955181970363345  -0.335139582578588309780431321057
  97   0.370213741732197681981097218308  -0.335139384988801139090999357387
  98   0.297717917207953310608344128958  -0.335029139809437880744617778901
  99  -0.442746021511000000000000000000  -0.332466718337000000000000000000
 100  -0.370138892512605374500068666005  -0.332460553785315938515644633675
 101  -0.297558624090000000000000000000  -0.332419162282000000000000000000
 102  -0.224995910499000000000000000000  -0.332408095153000000000000000000
 103  -0.152430704624571433276579684720  -0.332398438341853139457576250983
 104   0.210329777170795221776793445455  -0.332323039130215337385598448796
 105  -0.079908076954375395243112246200  -0.332319396639678124221586112166
 106   0.137773289708216625354071356193  -0.332317228890163432520744031331
 107  -0.007346581135428200398224211030  -0.332316817986321585946004809172
 108   0.065214152061707811282048757332  -0.332315427515403151160858793956
 109   0.406493798534811581449431747031  -0.314193076051247627180884330813
 110   0.479053689833396191936809250817  -0.314193023427569657931215410316
 111   0.261431123883617752258154575063  -0.314094503200571664905481488450
 112   0.333997742597529281870850574441  -0.314082430058018591546044458275
 113  -0.479050337249939214876951444510  -0.311483276424986837545037072146
 114  -0.406450751792094093196512011392  -0.311483069376309276715386375454
 115  -0.333847105646658065797310791900  -0.311482886663642014265968394763
 116  -0.261281622924884808664088104753  -0.311466058110125786609666536417
 117  -0.188718353172832954442513317488  -0.311456309667299759924239148570
 118  -0.116192144436038613341252489055  -0.311379890293390085811268598575
 119  -0.043627305190311387128160567847  -0.311371538852677350266824278976
 120   0.174053564028705616808740292282  -0.311370074190188099195763937601
 121   0.028934165461972176158506382518  -0.311368943330668928740858219460
 122   0.101494943068769540865081938404  -0.311367904498039552248934570173
 123   0.442773700336366650140575113060  -0.293246498646386314219161376600
 124   0.225155006215845562032615095057  -0.293141372965156442692839499431
 125   0.297717481491940259322263697795  -0.293136334225063393879762884817
 126   0.370277797212233826407399589983  -0.293136091273603930996210612714
 127  -0.442749612233456398694227979012  -0.290569236639971041771691834893
 128  -0.370146661448000000000000000000  -0.290567154187000000000000000000
 129  -0.297564647221465932921118936113  -0.290524748669000927889739672818
 130  -0.225003573672044295559543697247  -0.290513798164794380369812495414
 131  -0.152477254336798937610226880353  -0.290442197069713797017115597792
 132  -0.079908027765832464631643738794  -0.290426306707766495574839371842
 133  -0.007346257886482783643324617766  -0.290423173878685486674547982681
 134   0.065214963344853168901007499079  -0.290421365340113106764117825666
 135   0.137775278732689058046301506208  -0.290420697214030694608592850692
 136   0.479053683931426520686783927814  -0.272299976041095013141727837727
 137   0.261434794261094859055832006752  -0.272194517141459853405011315052
 138   0.333997688426285782986433003718  -0.272189818720758311609460965945
 139   0.406557740717768150934630455986  -0.272189499927245839691043059941
 140   0.188879583360682598144542466366  -0.272187039847935897361926635298
 141  -0.479053672433833236197473103446  -0.269590671247164897649955741783
 142  -0.406440859778303107541341065769  -0.269590404569429365978857086440
 143  -0.333851655054384817904583755824  -0.269590172995292461863351396633
 144  -0.261286846600394006574534540818  -0.269572919510303153034376431129
 145  -0.188761054207689598340242518024  -0.269502235091513033009013217004
 146  -0.116192078234607728640318760183  -0.269486784461721608593025370352
 147  -0.043626863119469631352038028276  -0.269477761223249797789239907213
 148   0.028934808587326943072316194981  -0.269475172412798956866201508147
 149   0.101495512463430919658055065155  -0.269473885066204366375884598336
 150   0.297717490631182631927549772411  -0.251243678290186689621946497888
 151   0.370277614337360349096453293712  -0.251243221097932160272459282432
 152   0.442837723450186463187410946801  -0.251242947288725146436380009204
 153   0.225159989258404945684670686608  -0.251239044346052821153154828667
 154   0.152601259671602546040513505273  -0.251237729357643899823929371064
 155  -0.442754582661106109689863921548  -0.248675909031505627545990241771
 156  -0.370146349725150604928349109722  -0.248669071087943188866121961318
 157  -0.297570127908407606663233074504  -0.248631895350112678965567725607
 158  -0.225044332089656044212494762529  -0.248561366707368425053026515885
 159  -0.152477165407271435469004355884  -0.248549114365019648852772069291
 160  -0.079907691873361192653092685674  -0.248532692741039521532343896512
 161  -0.007345586087950781187003233758  -0.248529351006872795303298095983
 162   0.065215615796510368340815933882  -0.248527298768053245293544059761
 163   0.333997425592203840205714115082  -0.230297043403690072088664215029
 164   0.406557586058747724665978538942  -0.230296677191524476646514316722
 165   0.116320899731871231639122691704  -0.230291945477543722677133145188
 166   0.261440581782650429474056245784  -0.230291843665342972010367237321
 167   0.188881531699225780557089192257  -0.230289889893775189962514266118
 168   0.479053663434265150485400861621  -0.230185839835638478414581401843
 169  -0.479053667546815503004418534077  -0.227698065936581726277915287226
 170  -0.406492604534469019335506743985  -0.227697792593587988982550861787
 171  -0.333857143013216631741972861494  -0.227697497464866511404033078421
 172  -0.261327535130244423586203233806  -0.227620369388876740860386242607
 173  -0.188761145003701736163894480527  -0.227609482516016240981003346975
 174  -0.116191672307218840915040627945  -0.227593127529370166024755748391
 175  -0.043626180751660292436886464581  -0.227583920043869644662664141520
 176   0.028935447923435385320955067558  -0.227581182211282558831727651312
 177   0.370277399033727582999908842922  -0.209350457094477120911061969278
 178   0.080041211718591487216679339703  -0.209344997791367312923238184619
 179   0.152601313745334404661655975883  -0.209343789644015376846523068604
 180   0.225162911036237452127653822703  -0.209341336543219007017565205839
 181   0.297724667405404603073363972577  -0.209338000442992705593480837497
 182   0.442773472637727840585155470174  -0.209239533568150426206479021709
 183  -0.370197878743298660189453908871  -0.206776419752018775603764817017
 184  -0.442773218635325713516622634313  -0.206752340310061792973557430680
 185  -0.297614161436944072730317426131  -0.206685303153254670822299754104
 186  -0.225044414843331782190119429892  -0.206668617000195132846713731746
 187  -0.152476730505337415962543028862  -0.206655385708529815821847329715
 188  -0.079907063465802371846688709982  -0.206638954399958997678807842104
 189  -0.007344937951846227300087121561  -0.206635443254420911012253002314
 190   0.043761161838671929698256796572  -0.188398676863364846280499838144
 191   0.116321511904650648127540198845  -0.188396963711527351514868363103
 192   0.188882147112998544223328434841  -0.188396179988785641932486078792
 193   0.334004606950930783783602302388  -0.188391409768391047465425174009
 194   0.261447485579517803230466898222  -0.188386609874418819906365292235
 195   0.406493296766133577033690406827  -0.188293248752551490564810218418
 196   0.479053642477068170197666708269  -0.188293177551902738101817809042
 197  -0.479053671071848958567534249879  -0.185805460625998418162392578896
 198  -0.406492665551793483913181318029  -0.185805137099420450524194725964
 199  -0.333932242360586666295530931498  -0.185804851998487492023014109471
 200  -0.261327618360345375139584268642  -0.185727630812489142907221631347
 201  -0.188760722168188025469832806730  -0.185715839954418872946686845152
 202  -0.116191043297135451341513749793  -0.185699341913498710968515202919
 203  -0.043625540789815076107622284584  -0.185690077918687495881993242853
 204   0.007480750455499213637022897559  -0.167452982089114056986641172161
 205   0.080041454020516097389821772761  -0.167450585926222982185923618794
 206   0.152603673165293915591319769218  -0.167447062277178565522056743894
 207   0.225165104996605358670545400607  -0.167444222124354683069977188491
 208   0.297730470154301304954194714561  -0.167434735510834000539402188595
 209   0.442775141055000000000000000000  -0.167342747034000000000000000000
 210   0.370220474189239082139918710446  -0.167334147189946939352224578313
 211  -0.442773259561819479439254547509  -0.164859663991264511135443142834
 212  -0.370212547441665961744824311685  -0.164858839684929663185494869660
 213  -0.297613207209368728751882588666  -0.164790765357180754731554920048
 214  -0.225044085504016005246879140088  -0.164775161153826751790558150824
 215  -0.152476065452115428470913814924  -0.164761559141229247321943875531
 216  -0.079906532418449203699180477102  -0.164745315538238643272084186589
 217  -0.028799903024152704676042758442  -0.146507706660088389313471892469
 218   0.043761388530536625530942017641  -0.146504217049439022411860801756
 219   0.116321846634461814282934857133  -0.146503748260222598921122806676
 220   0.188884601271378149644370085269  -0.146498591237673414496610680861
 221   0.261447236414589439842874369164  -0.146493809894299901648471976470
 222   0.479049791495000000000000000000  -0.146379575765000000000000000000
 223   0.406498011678000000000000000000  -0.146379120657000000000000000000
 224   0.333946318224493296230514622110  -0.146377450227173993259998065643
 225  -0.479053697344708271789170509874  -0.143912855315423200224964598914
 226  -0.406492718359842104797823497435  -0.143912487927573433594097148256
 227  -0.333932341811452181138266313539  -0.143912150264100659806585610024
 228  -0.261327320133457169997416403282  -0.143834255250496457574371704650
 229  -0.188760095117694446322540060955  -0.143822009073382134460228440830
 230  -0.116190459368495718134827833527  -0.143805634924549100349723454142
 231  -0.065079785737498031195813043169  -0.125561096194090980986205192341
 232   0.007480917930660695603135643236  -0.125558553845021418717644083052
 233   0.080042400595564034262995911284  -0.125556312592171007210370720111
 234   0.152604432580031814327171928966  -0.125552372428299652193316991965
 235   0.225165886505821864407963312741  -0.125549599667776468805003910296
 236   0.297660422463000000000000000000  -0.125430252506000000000000000000
 237   0.370219322423635401663303963813  -0.125418535411656779477322673049
 238   0.442773314005000000000000000000  -0.125416221448000000000000000000
 239  -0.442773307076623145300477842629  -0.122966994841727293317978842010
 240  -0.370212614658703978099725072135  -0.122966139132262318313348665926
 241  -0.297612064275563416392509328637  -0.122895966005330650328232557590
 242  -0.225043458239824420096786008339  -0.122881351472585774277707501070
 243  -0.152475565477033231316511695947  -0.122868000117560420781397945690
 244  -0.101364565235206738996218088814  -0.104622969331570947297533250585
 245  -0.028799709911872446085670919553  -0.104613159437556902328402815514
 246   0.043762231513593819503901435757  -0.104610129294972871901573702986
 247   0.116323757540535234502364843873  -0.104607037899124582352711441737
 248   0.188885278908278242420239513044  -0.104604125164178363700969786913
 249   0.261376759517000000000000000000  -0.104481634266000000000000000000
 250   0.333933302796000000000000000000  -0.104469320017000000000000000000
 251   0.406492531422000000000000000000  -0.104455524954000000000000000000
 252   0.479049533816000000000000000000  -0.104452159182000000000000000000
 253  -0.479053678998317363781869131331  -0.102020250004843761100115582288
 254  -0.406492776228104385170559924992  -0.102019855790466443043296878809
 255  -0.333932411807339300695953954846  -0.102019494819120473854438489208
 256  -0.261327361580308364074214837381  -0.101941591236967129216066449004
 257  -0.188759478474025050345348542546  -0.101928295324042882771312070884
 258  -0.137650223957122671224702582398  -0.083686366196750546090385598109
 259  -0.065079929351667932138415866867  -0.083667060926237642658303660829
 260   0.007481736693190665468024587030  -0.083664508697477798124892789705
 261   0.080043670295844637123679811639  -0.083660678560741721004900340531
 262   0.152605165296629989892077233180  -0.083657773464153466510186107519
 263   0.225093135163000000000000000000  -0.083531088077000000000000000000
 264   0.297648740582000000000000000000  -0.083519145673000000000000000000
 265   0.370208357796000000000000000000  -0.083505509231000000000000000000
 266   0.442772088646000000000000000000  -0.083490452653000000000000000000
 267  -0.442773350589806440495860965030  -0.081074325406533438665695249549
 268  -0.370212690484021020643409321796  -0.081073477804806416488258672951
 269  -0.297611115057997348283391473365  -0.081001596796683047074550083355
 270  -0.225043377460364059076173942564  -0.080988567465688611802804850499
 271  -0.173933844371546873382038928691  -0.062746230826359443870182716022
 272  -0.101364539420941278266972819594  -0.062728566290342353761597277197
 273  -0.028798859788867841802420889921  -0.062719067481654438105711786298
 274   0.043762370096231065430790632040  -0.062716426557561259396574757144
 275   0.116324513535764231374733621699  -0.062712376069487031046519618830
 276   0.188810051861000000000000000000  -0.062580243753000000000000000000
 277   0.261364768721000000000000000000  -0.062567998194000000000000000000
 278   0.333921370301000000000000000000  -0.062555674971000000000000000000
 279   0.406484332999000000000000000000  -0.062540878550000000000000000000
 280   0.479049573276000000000000000000  -0.062528880248000000000000000000
 281  -0.479053697344708271789170500614  -0.060127644694264321975266565661
 282  -0.406492813226572844126155689454  -0.060127200979554729092691309631
 283  -0.333932451802409123740215422615  -0.060126862681992606957608268688
 284  -0.261327334046322668817449081948  -0.060048951486919644879563942085
 285  -0.210217954807790654421244859618  -0.041806944554884230360412711684
 286  -0.137650173495115211000846724232  -0.041791848862714125193746883690
 287  -0.065079299898122519471740692198  -0.041773350681718423926218371533
 288   0.007482678432443313377384556256  -0.041769382607373238139662988283
 289   0.080044450669782338482681021611  -0.041765949238897411435779170113
 290   0.152526339993000000000000000000  -0.041628952867000000000000000000
 291   0.225081675256000000000000000000  -0.041617136285000000000000000000
 292   0.297637494904000000000000000000  -0.041605159142000000000000000000
 293   0.370200483084000000000000000000  -0.041590270796000000000000000000
 294   0.442764553675000000000000000000  -0.041577833257000000000000000000
 295  -0.442773383554409547119406753141  -0.039181651493700364484888681503
 296  -0.370212723749568000291111891948  -0.039180824240174594637778690420
 297  -0.297611093560395515282483013932  -0.039108929557687374469688726496
 298  -0.246501895709507243521668949849  -0.020867364512556180596681196733
 299  -0.173934218307335038911910847789  -0.020852375160400258468872428658
 300  -0.101363834978400269744788188102  -0.020834734943280771326484660143
 301  -0.028798655124600845437457380089  -0.020825187994011558105108069263
 302   0.043763205711270974203318450720  -0.020821579323042505460323830773
 303   0.116243071745000000000000000000  -0.020678488748000000000000000000
 304   0.188797931336000000000000000000  -0.020665789941000000000000000000
 305   0.261353074375000000000000000000  -0.020653640766000000000000000000
 306   0.333913003680000000000000000000  -0.020639972574000000000000000000
 307   0.479049217513000000000000000000  -0.020628692350000000000000000000
 308   0.406477304668000000000000000000  -0.020626987445000000000000000000
 309  -0.479053679004706975425601904243  -0.018235039383684880052646951363
 310  -0.406492858393526044579841027862  -0.018234568842432119063582125226
 311  -0.333932507246538571533309791723  -0.018234244729645233194654705941
 312  -0.210218863855916584633147854417   0.000086053868154401852586514320
 313  -0.282768480559890192529798455096   0.000102261211292568806953006303
 314  -0.137649109894475473653792092899   0.000102606592554363466145942377
 315  -0.065079259445257764677686140060   0.000120274646225574474514204213
 316   0.007483571352123672078558505164   0.000125537685574939474644401532
 317   0.079959514949000000000000000000   0.000272579370000000000000000000
 318   0.152514306921000000000000000000   0.000285218169000000000000000000
 319   0.225070183466000000000000000000   0.000297692476000000000000000000
 320   0.297629035084000000000000000000   0.000310420105000000000000000000
 321   0.442765126250000000000000000000   0.000321655536000000000000000000
 322   0.370192802163000000000000000000   0.000322659199000000000000000000
 323  -0.442773411091505873280441169849   0.002710990313835546957749121460
 324  -0.370212773944824575389103768383   0.002711793170948441640468603047
 325  -0.319106842494128224247758908603   0.020947256573360789461098951025
 326  -0.173934194471142926630878236448   0.021040268339142891986496736987
 327  -0.246488990842383888879470265733   0.021049552337967626287876905863
 328  -0.101363498297232938969572987584   0.021059436053002262506039622084
 329  -0.028797699604544763096384384009   0.021069876225651416359078284141
 330   0.043675931754000000000000000000   0.021223532238000000000000000000
 331   0.116230569786000000000000000000   0.021236670559000000000000000000
 332   0.188785408892000000000000000000   0.021249227810000000000000000000
 333   0.261342976782000000000000000000   0.021261838804000000000000000000
 334   0.479049563407000000000000000000   0.021271545725000000000000000000
 335   0.406477554964000000000000000000   0.021272060818000000000000000000
 336   0.333905857124000000000000000000   0.021272996365000000000000000000
 337  -0.479053683927162941995609785405   0.023657565926898287170326911369
 338  -0.406492903383127750949003663023   0.023658071245040685023637265967
 339  -0.355387065355246071093879105184   0.041893277886630457054202112822
 340  -0.282769363320933290291029205702   0.041995467919630873443336298527
 341  -0.137649300562729171051244340310   0.041995891981489780088731440634
 342  -0.210208912250122099292812722930   0.041995896572821451030783066830
 343  -0.065078500661535469954866719338   0.042014972426652588604430316912
 344   0.007392243840000000000000000000   0.042173686861000000000000000000
 345   0.079947173665000000000000000000   0.042187294951000000000000000000
 346   0.152502696296000000000000000000   0.042200358887000000000000000000
 347   0.225059861252000000000000000000   0.042213087863000000000000000000
 348   0.442765311212000000000000000000   0.042221540428000000000000000000
 349   0.370193130867000000000000000000   0.042222108947000000000000000000
 350   0.297619714070000000000000000000   0.042225105868000000000000000000
 351  -0.442773429222172909146482826490   0.044603622957371914151308868966
 352  -0.391667149805096558912921943568   0.062839538937711674825482971589
 353  -0.319107629409205883822148926568   0.062840662142080882081130253625
 354  -0.246489032614052932404378386190   0.062942157648530257168587224782
 355  -0.173929088186567077474097366879   0.062942754899370083658011863571
 356  -0.101362877686053791255055492455   0.062953928824816866912571740842
 357  -0.028890246983248664104440579658   0.063121385196452720952482756250
 358   0.043662935054000000000000000000   0.063138407160000000000000000000
 359   0.116217804484000000000000000000   0.063152119740000000000000000000
 360   0.188774942938000000000000000000   0.063165451057000000000000000000
 361   0.406478132546000000000000000000   0.063170516001000000000000000000
 362   0.479049417854000000000000000000   0.063171955186000000000000000000
 363   0.333906637415000000000000000000   0.063173757752000000000000000000
 364   0.261334884387000000000000000000   0.063176882731000000000000000000
 365  -0.479053697344708271789170516529   0.065550171237479594877178785758
 366  -0.427947649494059191148455531380   0.083785080755184613161805408262
 367  -0.355387736469901514033101209874   0.083786962353549651470690929551
 368  -0.282769335187783121298966217123   0.083888104690486767578314527892
 369  -0.210209223169188023588698048719   0.083888983496653361817653082348
 370  -0.137648057576457374422967801519   0.083891438240389272624708020372
 371  -0.065173301006322084573365300028   0.084062643866395171195125789794
 372   0.007377949028769610901731167619   0.084088458890415799657282081248
 373   0.079934484974000000000000000000   0.084102674340000000000000000000
 374   0.152492561247000000000000000000   0.084116550799000000000000000000
 375   0.442765101431000000000000000000   0.084121520785000000000000000000
 376   0.370192579726000000000000000000   0.084122221698000000000000000000
 377   0.297619644160000000000000000000   0.084126303936000000000000000000
 378   0.225050297031000000000000000000   0.084128572838000000000000000000
 379  -0.464227630776298740504647126087   0.104731520497266635045079970983
 380  -0.391668254351562896756929938532   0.104732535679421626409918869979
 381  -0.319107630671812086312023649640   0.104733288213971000105731777795
 382  -0.246489551447995170501644484771   0.104834943942796529799669884361
 383  -0.173929364114439592165381819288   0.104835690003175570286466405256
 384  -0.101455967820601665597392776063   0.105004729617636311632482140434
 385  -0.028909237760955649162588951064   0.105036771761384959308271435473
 386   0.043647589576000000000000000000   0.105053487793000000000000000000
 387   0.116206475804000000000000000000   0.105068209093000000000000000000
 388   0.479050238267000000000000000000   0.105070094967000000000000000000
 389   0.333906313372000000000000000000   0.105071675470000000000000000000
 390   0.406478455381000000000000000000   0.105071867786000000000000000000
 391   0.261335184583000000000000000000   0.105078753269000000000000000000
 392   0.188765636352000000000000000000   0.105080209560000000000000000000
 393  -0.427948241565183645603860748300   0.125678985694200388808818232837
 394  -0.355387730177108086198296939908   0.125679575531217353892847370965
 395  -0.282769896853284975923454463662   0.125780812346433945845766734618
 396  -0.210209225923310487170274761087   0.125782436871361004286082264894
 397  -0.137737259695570114507465237994   0.125949020082692940512132142772
 398  -0.065192578291276920232568071241   0.125980155076751657098062825939
 399   0.007360472094800293074684395879   0.126001242196187563814044158847
 400   0.079921137412000000000000000000   0.126018649958000000000000000000
 401   0.442764562054000000000000000000   0.126019342589000000000000000000
 402   0.370192857368000000000000000000   0.126022199593000000000000000000
 403   0.297619036796000000000000000000   0.126026028147000000000000000000
 404   0.152481444901000000000000000000   0.126031996678000000000000000000
 405   0.224973473236000000000000000000   0.126159734109000000000000000000
 406  -0.479053697344708271789170516529   0.143912869757053675212981156209
 407  -0.391668166822927356846816988571   0.146625267037202956869194851015
 408  -0.319107946916981463767319655603   0.146626428064634621843233006960
 409  -0.246488005423341831739565879823   0.146731085157422285337091009474
 410  -0.174016486157200197027002025918   0.146896857855085064297744196463
 411  -0.101473953225222448612485493921   0.146924452181024195433890137027
 412  -0.028926768842507841388065013958   0.146951262778559225922705863885
 413   0.043632225292000000000000000000   0.146967350797000000000000000000
 414   0.406478213459000000000000000000   0.146969757221000000000000000000
 415   0.479050360577000000000000000000   0.146971494778000000000000000000
 416   0.333906522293000000000000000000   0.146973263433000000000000000000
 417   0.261334593350000000000000000000   0.146976720718000000000000000000
 418   0.116193664204000000000000000000   0.146983257425000000000000000000
 419   0.188689090751000000000000000000   0.147111275325000000000000000000
 420  -0.442772559979204022788761163189   0.164861015213684123541325822916
 421  -0.355388627023369250869100422527   0.167572490426283026879368514866
 422  -0.282770330888819892182898746623   0.167673540577531312623658685951
 423  -0.210296295614948748341718133651   0.167843699884825754065318471516
 424  -0.137753192995292427437598213948   0.167872330482390756329651746407
 425  -0.065211036340728869874245862249   0.167900711076201939464570526218
 426   0.007343507845000000000000000000   0.167915705277000000000000000000
 427   0.442764987093000000000000000000   0.167921095551000000000000000000
 428   0.370191649022000000000000000000   0.167921731680000000000000000000
 429   0.297619008571000000000000000000   0.167926424472000000000000000000
 430   0.079906522984000000000000000000   0.167931166842000000000000000000
 431   0.152401690186000000000000000000   0.168062456230000000000000000000
 432   0.224929982138000000000000000000   0.168132789250000000000000000000
 433  -0.479053688969465154355344000255   0.185805475067636294437994604395
 434  -0.406492462547768763448962694240   0.185807301352073228106991890434
 435  -0.319108466190801579445640108867   0.188519074013672194371197898125
 436  -0.246582672161453338573718867307   0.188779163924994410324918127953
 437  -0.174033064112856094187966293253   0.188819262221036725455661509772
 438  -0.101492345813391568840354657970   0.188852025036909283109545687119
 439  -0.028942036909769587456784435505   0.188866301301433295386762908539
 440   0.479050112261000000000000000000   0.188869390138000000000000000000
 441   0.406479519313000000000000000000   0.188870412730000000000000000000
 442   0.333905968865000000000000000000   0.188871181102000000000000000000
 443   0.261332943384000000000000000000   0.188876664972000000000000000000
 444   0.043618887321000000000000000000   0.188882635629000000000000000000
 445   0.116113934790000000000000000000   0.189014511995000000000000000000
 446   0.188643635352000000000000000000   0.189085318937000000000000000000
 447  -0.442772536415657927442753481656   0.206753652878842454446555390796
 448  -0.370211294868205139520174166271   0.206755176287446162148236499451
 449  -0.282920804923469414149117036970   0.209624664751554960676569625814
 450  -0.210319456446725857956021409861   0.209754706115204942192106972663
 451  -0.137772139173809739845519559714   0.209798933834050553103573963280
 452   0.442764359939000000000000000000   0.209819235725000000000000000000
 453  -0.065224751783081120397624575468   0.209820162458622402656100809568
 454   0.370192290540000000000000000000   0.209822307672000000000000000000
 455   0.297617142192000000000000000000   0.209828009463000000000000000000
 456   0.007334089751000000000000000000   0.209831520766000000000000000000
 457   0.079829681112000000000000000000   0.209965442564000000000000000000
 458   0.152358759241000000000000000000   0.210034076686000000000000000000
 459   0.224752105682000000000000000000   0.210342261808000000000000000000
 460  -0.479053697344708271789170506014   0.227698080378218913663008052581
 461  -0.406492317981943079431382938544   0.227699943316512201651040192606
 462  -0.333931251012486480685837427274   0.227701698272807589209007361684
 463  -0.246647218866043370383879877578   0.230682568107892642389922301418
 464  -0.174058617917631517388208160198   0.230734385973349812522541434282
 465   0.406478763271000000000000000000   0.230768465574000000000000000000
 466   0.479050356167000000000000000000   0.230770204140000000000000000000
 467  -0.101506535348876090485562357989   0.230770444302226339165111575201
 468   0.333905548381000000000000000000   0.230772801883000000000000000000
 469   0.261328466330000000000000000000   0.230777431481000000000000000000
 470  -0.028951460403000000000000000000   0.230786039436000000000000000000
 471   0.043541141038000000000000000000   0.230914586082000000000000000000
 472   0.116072372802000000000000000000   0.230986979945000000000000000000
 473   0.188464410141000000000000000000   0.231291660884000000000000000000
 474  -0.442772503224217165716979981683   0.248646301830031498619010107483
 475  -0.370181418230094102671268537535   0.248699790836321541583998398876
 476  -0.297154548658265730998653557391   0.249025105709896677224732210294
 477  -0.210357981907968131741883788649   0.251647382081553170759189582035
 478  -0.137792952982612213729870220272   0.251705877911103614667790395553
 479   0.442765648803000000000000000000   0.251719987714000000000000000000
 480   0.370190249221000000000000000000   0.251722246363000000000000000000
 481   0.297614320986000000000000000000   0.251729661793000000000000000000
 482  -0.065235787102000000000000000000   0.251735970168000000000000000000
 483   0.007259475822000000000000000000   0.251868955255000000000000000000
 484   0.079786747615000000000000000000   0.251934491640000000000000000000
 485   0.152181382034000000000000000000   0.252243672308000000000000000000
 486   0.224747197753000000000000000000   0.252247183232000000000000000000
 487  -0.479053678607459660796161215829   0.269590685688798179792813513321
 488  -0.406492385854757834546869879508   0.269592586700199442346373481663
 489  -0.333650312739717153139421393941   0.269593407290689098510722787001
 490  -0.260929018658729272236655030522   0.270065653746538734979144035259
 491  -0.174101269852109637372552171572   0.272634214241595968414714939268
 492   0.479050870512000000000000000000   0.272668057497000000000000000000
 493   0.406478452184000000000000000000   0.272669278340000000000000000000
 494   0.333903440709000000000000000000   0.272670714949000000000000000000
 495  -0.101525156670178574515223705508   0.272673549309116944144718098563
 496   0.261327024506000000000000000000   0.272679116968000000000000000000
 497  -0.029028101339000000000000000000   0.272818755931000000000000000000
 498   0.043502419299000000000000000000   0.272890316235000000000000000000
 499   0.115892517006000000000000000000   0.273192049704000000000000000000
 500   0.188461774736000000000000000000   0.273200145606000000000000000000
 501  -0.442772333102327158642970007616   0.290539185877110854747443038411
 502  -0.370156476442360832328155788503   0.290592484080726339331636854463
 503  -0.297304896683135052850904767428   0.290917503941625510615869855078
 504  -0.224477156703205203705941455319   0.291089078022818401627288314934
 505  -0.137830424489213235575434959077   0.293598559670470276327120096030
 506   0.442763077713000000000000000000   0.293618538657000000000000000000
 507   0.370189904325000000000000000000   0.293622748829000000000000000000
 508   0.297608905613000000000000000000   0.293635033324000000000000000000
 509  -0.065321500518179196666811823722   0.293751869587808991440223606545
 510   0.007218019091000000000000000000   0.293840163187000000000000000000
 511   0.152175800609000000000000000000   0.294147054625000000000000000000
 512   0.079611625135000000000000000000   0.294147316413000000000000000000
 513   0.224600010692000000000000000000   0.294407221038000000000000000000
 514  -0.479053697344708271789170516529   0.311483290999377445922618974061
 515  -0.406467479868132508287350800867   0.311485218050869937472345323466
 516  -0.333845657998385432546095838785   0.311485595350469976385038153905
 517  -0.260801834811906028271077947842   0.311958182481957100272177173195
 518  -0.188220431191445505342893901539   0.312075887682330316401492514880
 519   0.406477590797000000000000000000   0.314567305574000000000000000000
 520   0.479051095985000000000000000000   0.314567967384000000000000000000
 521   0.333902621185000000000000000000   0.314571944004000000000000000000
 522   0.261321866373000000000000000000   0.314580734977000000000000000000
 523  -0.101621791204000000000000000000   0.314681301576000000000000000000
 524  -0.029078435530000000000000000000   0.314772914801000000000000000000
 525   0.043323503072000000000000000000   0.315096632510000000000000000000
 526   0.115891342912000000000000000000   0.315105678279000000000000000000
 527   0.188311567292000000000000000000   0.315353946205000000000000000000
 528  -0.442747360929268988441739167726   0.332431873660602651056862355501
 529  -0.370094261187469785838767723796   0.332486415458085095747701512462
 530  -0.297136451968325524840659487398   0.332809808802831040456102606889
 531  -0.224541914022648054125277953436   0.332981774915035574842946118064
 532  -0.151727532370824716285952515982   0.333119035945865429312072519399
 533   0.442763893862000000000000000000   0.335519663381000000000000000000
 534   0.370185977999000000000000000000   0.335523481524000000000000000000
 535   0.297606835226000000000000000000   0.335535520376000000000000000000
 536  -0.065377507632000000000000000000   0.335701124978000000000000000000
 537   0.079604595281000000000000000000   0.336058203082000000000000000000
 538   0.006999335983000000000000000000   0.336073165007000000000000000000
 539   0.152019632795000000000000000000   0.336326369538000000000000000000
 540   0.224435308904000000000000000000   0.336580965260000000000000000000
 541  -0.479028741916274924822169177206   0.353375888876984856525256064351
 542  -0.333632456857025884292998060738   0.353377720226606577540825174314
 543  -0.406406014884660368577818694668   0.353377813605005070921460586262
 544  -0.260872722999013662310960975582   0.353850808854012955310410327022
 545  -0.188063576580408791264641714616   0.353968341601692831506217425772
 546  -0.115379305664000000000000000000   0.354256645016000000000000000000
 547   0.479050683530000000000000000000   0.356465775412000000000000000000
 548   0.406476967025000000000000000000   0.356467410745000000000000000000
 549   0.333899898600000000000000000000   0.356469924162000000000000000000
 550   0.261307434307000000000000000000   0.356481242817000000000000000000
 551   0.043302733694000000000000000000   0.356997652995000000000000000000
 552  -0.029296581967000000000000000000   0.357004303012000000000000000000
 553   0.115732736582000000000000000000   0.357275736489000000000000000000
 554   0.188153828813000000000000000000   0.357537780112000000000000000000
 555  -0.442749899938409996765133583647   0.374324594800434654162574262915
 556  -0.370157605521108020862353636941   0.374379054835661085214959805982
 557  -0.297201253077712321922735604171   0.374724912360391212727641691005
 558  -0.224367103094044676406204120862   0.374874088560100647363279420011
 559  -0.151788725853000000000000000000   0.375021914294000000000000000000
 560   0.442761145649000000000000000000   0.377417687548000000000000000000
 561   0.370180914903000000000000000000   0.377431380393000000000000000000
 562   0.297590919860000000000000000000   0.377433606804000000000000000000
 563  -0.068924685803000000000000000000   0.377450696048000000000000000000
 564   0.079436126251000000000000000000   0.378207384134000000000000000000
 565   0.224443007336000000000000000000   0.378481551033000000000000000000
 566   0.151868871454000000000000000000   0.378486693514000000000000000000
 567   0.005250216245000000000000000000   0.380710511349000000000000000000
 568  -0.479053697344708271789170516529   0.395268486754592267127893154641
 569  -0.333845477751620492891231760316   0.395269822135016447189532322222
 570  -0.406469476383958083870267462564   0.395270401424961264704857007399
 571  -0.106841533958000000000000000000   0.395275929391000000000000000000
 572  -0.260691795773101637441152731971   0.395743153110404412854664826190
 573  -0.188121006044438593178167744475   0.395879253269313970683477505044
 574   0.479051095982000000000000000000   0.398365063455000000000000000000
 575   0.406474848053000000000000000000   0.398365434954000000000000000000
 576   0.333884375321000000000000000000   0.398371591429000000000000000000
 577   0.261310323437000000000000000000   0.398391471338000000000000000000
 578  -0.032752530836000000000000000000   0.398760728849000000000000000000
 579   0.042998848439000000000000000000   0.398894358969000000000000000000
 580   0.115570581968000000000000000000   0.399418572210000000000000000000
 581   0.188153442493000000000000000000   0.399435812423000000000000000000
 582  -0.442772133448689908102928830985   0.416217235009763976518272963039
 583  -0.144665454302000000000000000000   0.416311474891000000000000000000
 584  -0.370056714461138912652795222862   0.416334999926168606081996057271
 585  -0.297013551242968589702818641489   0.416617147931552612610949519656
 586  -0.224450121066077393960650440824   0.416767585928838173239644161598
 587   0.442757936055000000000000000000   0.419323254814000000000000000000
 588  -0.070397692797000000000000000000   0.419323965491000000000000000000
 589   0.079122393362000000000000000000   0.420123949063000000000000000000
 590   0.224443518416000000000000000000   0.420381934322000000000000000000
 591   0.151835128795000000000000000000   0.420403023928000000000000000000
 592   0.002945752168000000000000000000   0.422545808759000000000000000000
 593   0.366692468362000000000000000000   0.424431101673000000000000000000
 594   0.283435396342000000000000000000   0.433972587158000000000000000000
 595  -0.108315691662000000000000000000   0.437150918543000000000000000000
 596  -0.479053689610581608955633888348   0.437161092065175009620270410839
 597  -0.333522944193196964853546428150   0.437161244016608639470012024995
 598  -0.406491749362867220951340761199   0.437163030720681765740629608578
 599  -0.181009574134771699100375351023   0.437163994697372105606940230324
 600  -0.260775278454036305971294586766   0.437635763714502058850886629188
 601   0.324992813742000000000000000000   0.439315955197000000000000000000
 602   0.405489825562000000000000000000   0.440254422047000000000000000000
 603   0.479050856600000000000000000000   0.440263457622000000000000000000
 604   0.042673041886000000000000000000   0.440794617949000000000000000000
 605  -0.034611876307000000000000000000   0.441118060796000000000000000000
 606   0.115269948863000000000000000000   0.441315309215000000000000000000
 607   0.188132315125000000000000000000   0.441337072977000000000000000000
 608   0.247434384384000000000000000000   0.455408301530000000000000000000
 609  -0.217990646635000000000000000000   0.458182207240000000000000000000
 610  -0.369734169271723356932401554154   0.458226404168659129451525914118
 611  -0.442676055660147047668221197990   0.458274392096079511955973133775
 612  -0.145051481755000000000000000000   0.458662641307000000000000000000
 613  -0.295672759715271487289531582950   0.460812598311850853739108077259
 614   0.151524213415000000000000000000   0.462321099346000000000000000000
 615   0.076992507274000000000000000000   0.464827940924000000000000000000
 616  -0.068781032771000000000000000000   0.465557007263000000000000000000
 617   0.379799644681000000000000000000   0.473352273331000000000000000000
 618   0.296732178304000000000000000000   0.473707058599000000000000000000
 619   0.211144379799000000000000000000   0.476349579005000000000000000000
 620  -0.016313319537000000000000000000   0.478810047779000000000000000000
 621  -0.108447480576000000000000000000   0.479049532899000000000000000000
 622   0.338288510421000000000000000000   0.479050027963000000000000000000
 623   0.025584554066000000000000000000   0.479050290004000000000000000000
 624   0.463208164315000000000000000000   0.479050509829000000000000000000
 625  -0.254323989931000000000000000000   0.479051095985000000000000000000
 626   0.421309369646000000000000000000   0.479051095985000000000000000000
 627  -0.181656951988736111619530369923   0.479051668243768040069344869330
 628  -0.333385588104766478722541613392   0.479053664723913648138132776638
 629  -0.406082739233504679182674761001   0.479053683931426520686783927814
 630  -0.479052076679379005622954055263   0.479053697344708271789170516529
