   1  -0.479053696656258191798497174062  -0.479053696928923266386126800435
   2  -0.261373321190357181362606447381  -0.479053696928923266386126800435
   3   0.028867158978832121524334783233  -0.479053696928923266386126800435
   4   0.246547525877841033270193516827  -0.479053696928923266386126800435
   5   0.319107648177522467620364277855  -0.479053696928923266386126800435
   6   0.391667770477204288371067885564  -0.479053696928923266386126800435
   7   0.464227892776886110401693628440  -0.479053696928923266386126800435
   8   0.173987403578160285478692019912  -0.479053696928923266092100679201
   9  -0.406493572872743164876920077334  -0.479053696928923264662803384608
  10  -0.333933448343397978730390723651  -0.479053696928923259408272459709
  11   0.101427281278502655524338044521  -0.479053696928922251920230606422
  12  -0.043692956796070009658683037497  -0.479053696928919024883324478507
  13  -0.116253077410459318566513894866  -0.479053696927481600909222536775
  14  -0.188810764218891295453820138775  -0.479053696792081512695281853690
  15  -0.225092387162739800770764627162  -0.458108905142527115466154455980
  16  -0.297653384722379674826707308347  -0.458107397326869992261883511321
  17  -0.370213510620257992577844596817  -0.458107394913728685551569700235
  18  -0.442773634792181971630365364708  -0.458107394360435312773780388551
  19   0.427947831627045199386380757002  -0.458107393857846532772253600871
  20   0.355387709327363377995716081709  -0.458107393857846531663808516950
  21   0.282827587027681750445278897341  -0.458107393857846197031131035883
  22   0.210267464727999507251375522591  -0.458107393857843606624167101975
  23   0.137707342428332660824307336741  -0.458107393857823500289450092465
  24   0.065147220128648094661898697234  -0.458107393857803339100959524586
  25  -0.079973017103353904368280986043  -0.458107392396728245119543580048
  26  -0.007412898908617719650341372794  -0.458107388207220461885189495440
  27  -0.152531920732641019187104094660  -0.458105284651797380026506897099
  28   0.479053696928923266386126800435  -0.439872247483719835594009662666
  29  -0.261373323297980864915172093245  -0.437161090786769852175821908746
  30  -0.333933449895666802706179902112  -0.437161090786769811446242854827
  31  -0.479053696928923266386126800435  -0.437161090786769800045723655240
  32  -0.406493573314799508483361992031  -0.437161090786769798217398053134
  33   0.391667770477204289011028953147  -0.437161090786769798049935317385
  34   0.319107648177522660820630701196  -0.437161090786769462308812752398
  35   0.246547525877839714142141672372  -0.437161090786765653430804124143
  36   0.173987403578157217342584929802  -0.437161090786718435092597635051
  37   0.101427281278474092816839541327  -0.437161090786700775655235814384
  38  -0.188813199001331349347755805316  -0.437161089658494266197583626024
  39   0.028867162243224518814993200129  -0.437161085132590941365464737959
  40  -0.043692959215392808899677472539  -0.437161083675910958712789445409
  41  -0.116251824878838788320951134103  -0.437158918564657222953476451196
  42   0.442773635779082355370813928997  -0.418925944412643101980136463101
  43  -0.297653386561660826920579209486  -0.416214790621587311411548547646
  44  -0.225093261458467728145338950587  -0.416214788637811038254071486482
  45  -0.370213511560713434656981925536  -0.416214788256051664342423487050
  46  -0.442773635490352559647935552683  -0.416214788215787750242726267542
  47   0.355387709327363571835943572634  -0.416214787715692728694939552833
  48   0.282827587027682286981326594351  -0.416214787715691798180310547220
  49   0.210267464728011877545487980783  -0.416214787715665515770193440000
  50   0.137707342428302004553002292651  -0.416214787715601526629412852141
  51   0.065147223398603659143864853061  -0.416214782051870056997543362244
  52  -0.007412898062087173298610178718  -0.416214780598745088221960944427
  53  -0.152531917437743335506627453829  -0.416212669789200279161183237165
  54  -0.079971663980710550055742317326  -0.416212431453572018274651597754
  55   0.479053696928923266386126800435  -0.397979641341566368366263263537
  56   0.406493574629241444995462125143  -0.397979641341566367257818179616
  57  -0.261373326047559495683400676426  -0.395268484644616475180975094850
  58  -0.406493574629241443013145298080  -0.395268484644616351062739873377
  59  -0.333933450498043680380132644136  -0.395268484644616344542731807447
  60  -0.479053696928923265351077917408  -0.395268484644616332817977256110
  61   0.319107648177523198025070854138  -0.395268484644615064615681956805
  62   0.246547525877854665993194273806  -0.395268484644592033964613422598
  63   0.173987403578165800326359070242  -0.395268484644564430579190668595
  64  -0.188813200567922970823222209388  -0.395268483206152037778550071436
  65   0.101427284550699699905120609536  -0.395268478976842294678957433516
  66   0.028867163134608927637681611426  -0.395268477446461367227148252765
  67  -0.116251775646570025883883178043  -0.395266215879049694120117822196
  68  -0.043691498542685154210541956429  -0.395265947777999929852354496276
  69   0.370213513479400727820376744629  -0.377033338270489297902822415064
  70   0.442773635671337688385522451270  -0.377033338083870396180831121084
  71  -0.297653388234021754677586895798  -0.374322183352703772553720125160
  72  -0.225093264364827981831866958033  -0.374322182493876220142141645623
  73  -0.370213513167612297474716017243  -0.374322182113572690127115760783
  74  -0.442773635779082346687461543635  -0.374322181573539603898290018551
  75   0.282827587027695580385429584126  -0.374322181573515306199741460397
  76   0.210267464728016434732583054863  -0.374322181573504538372397379526
  77   0.137707345700599756934800331060  -0.374322175905742392313096732522
  78   0.065147224314449662581203049776  -0.374322174323378611272289358473
  79  -0.152531878541438275372961234422  -0.374319985112647666542655404929
  80  -0.079971533619931018797149215860  -0.374319599547885137192355429912
  81  -0.007411327113837636294111104229  -0.374319453729938093107381621407
  82   0.479053696928923266386126800435  -0.356087035199412901138516864407
  83   0.333933452329560354009504026133  -0.356087035199411633823564819036
  84   0.406493574513930623504196394879  -0.356087034999688028332041260200
  85  -0.261373327269910245193990965070  -0.353375878502463025786224687412
  86  -0.333933452329559612419354045298  -0.353375878502462917230851828369
  87  -0.406493574629241230051448733117  -0.353375878502462872965570546622
  88  -0.479053696928923259133160371379  -0.353375878502462865590230856981
  89   0.246547525877859115963014166205  -0.353375878502430870861049298323
  90  -0.188813205738269983857965328900  -0.353375875052345887020533190059
  91   0.173987406850460968665346827824  -0.353375872834664179649778372457
  92   0.101427285469496735525327279149  -0.353375871243364049719187980925
  93  -0.116251748990834332545818811938  -0.353373563597751413072465489596
  94  -0.043691436180118941472483263412  -0.353373233652746206191177984817
  95   0.028868765288952678637849224266  -0.353373096536583132511184422825
  96   0.297653391179732736369862756122  -0.335140732128311875407624322628
  97   0.370213513355438948609408966532  -0.335140731913625871421518375226
  98   0.442773633845819295429896472006  -0.335140728779825966445379933388
  99  -0.297653390152517850245900244535  -0.332429577210550348148168882473
 100  -0.442773635779082333233426421605  -0.332429575431386135120566064316
 101  -0.370213513479400344217202498546  -0.332429575431385872962719069070
 102  -0.225093267500052910512760297144  -0.332429573041183851535878203741
 103   0.210267468000305046492351417832  -0.332429569763588093163080069098
 104   0.137707346619743198564999484056  -0.332429568171619544806313531795
 105  -0.152531812587992763778011343604  -0.332427264765488351284772488701
 106   0.065148826572089477371210168331  -0.332426793234751001754591009045
 107  -0.007411295728920933607951464813  -0.332426793230550514044843873570
 108  -0.079938183968489125417946915851  -0.332369335817645368318868098879
 109   0.479053696928923266386126800435  -0.314194429057259433910770465278
 110   0.261373330029896271947447338200  -0.314194429057227440068932160553
 111   0.333933452198244056583737584389  -0.314194428829765619635256446191
 112   0.406493570348138539702344481562  -0.314194421642170807564890182734
 113  -0.261373330029877791556791524839  -0.311483272360309649474531960473
 114  -0.406493574629241413568128130457  -0.311483272360309401663882372116
 115  -0.479053696928923256911851879691  -0.311483272360309398362484457851
 116  -0.333933452329460302310459302465  -0.311483272360307797019856557844
 117  -0.188813205715526840271543943471  -0.311483268910192416428085508296
 118   0.173987407769587107064276367813  -0.311483265100543755018580360215
 119  -0.116251623492580751794677891345  -0.311480952451720504473746436049
 120   0.101428887722055344838344656677  -0.311480490163497221290619908197
 121   0.028868765422768378846629991321  -0.311480490162675305636893524699
 122  -0.043658107028542972634703655863  -0.311423005000994608068669425091
 123   0.297653391045440182677073422569  -0.293248125753541480378244987549
 124   0.442773633844025058934865965321  -0.293248122634564789784734391110
 125   0.225093272152342203546510032413  -0.293248120318384660518144783082
 126   0.370213495536019196332821697337  -0.293248094907316276006493494516
 127  -0.442773635779082327336501569932  -0.290536969289232665860724906287
 128  -0.370213513479399045603502515907  -0.290536969289232387300381210269
 129  -0.297653391179652279541409747464  -0.290536969289117864960452780931
 130  -0.225093267479025403794190261570  -0.290536966899030379991694166171
 131  -0.152531654379646986674045961522  -0.290534586690782162188592462747
 132   0.065148826572632478593513471451  -0.290534187091638736084263747183
 133   0.137708949025217459200714711866  -0.290534186826914057175219763523
 134  -0.079937998232905472471317886738  -0.290476407568749741976922487025
 135  -0.007377603874693151251611610177  -0.290475939176433477538406660591
 136   0.479053696928923266386126800435  -0.272301822915105966683024066149
 137   0.261373333167882839539035906574  -0.272301817014692896652321265015
 138   0.188813211921624263048709767582  -0.272301815655340324226463308633
 139   0.406493570152031172836752888750  -0.272301815160349325788480003118
 140   0.333933432441912082938403861881  -0.272301788468663256170932173184
 141  -0.261373330009158873202276345192  -0.269590666218156182251909061853
 142  -0.406493574629241079788737926584  -0.269590666218155932159083720834
 143  -0.479053696928923256911851879826  -0.269590666218155931134738058722
 144  -0.333933452329558315998276249713  -0.269590666218153899135750809833
 145  -0.188813097028254442315872734376  -0.269590662768168955355815449309
 146  -0.116251573159725391608107536796  -0.269588259597519559276437316570
 147   0.101428887722505537226620136628  -0.269587884020617683777751802349
 148  -0.043657923315179631995999191030  -0.269530083483828346969311204124
 149   0.028903026287215696386477023915  -0.269528654224051798385900401572
 150   0.442773633842888504843769059607  -0.251355516490442752705546768587
 151   0.225093272935016855637290787895  -0.251355512347925766818575589350
 152   0.370213492453263063754565785196  -0.251355483425664243306772465535
 153   0.297653374564360975846608920981  -0.251355479729801305478912992705
 154   0.152534753177818418090260552243  -0.251352737380734263596860759020
 155  -0.442773635779082243782376341744  -0.248644363147079198270092657439
 156  -0.370213513479400238533753710915  -0.248644363147078907770399825397
 157  -0.297653391159543650586393847218  -0.248644363146964240804831388499
 158  -0.225093172749809314537480375480  -0.248644360756297303362738411215
 159  -0.152531620923105132083687477739  -0.248641928692401106209658789827
 160  -0.007377311072713957299503624728  -0.248582829570144272993048078908
 161  -0.079937189363894825297927728702  -0.248582403309409157276685655055
 162   0.065184016071900081614940750088  -0.248580748841999649187493766005
 163   0.479053696928923266386126800435  -0.230409216772952499455277667019
 164   0.406493569955476964769600875504  -0.230409208677753884685497311675
 165   0.333933434575754185655499967375  -0.230409174686732740669163410405
 166   0.261373313280543113833966193750  -0.230409173242656786620399391232
 167   0.116254691874542774951080877889  -0.230406434575414283915109129758
 168   0.188814838508553524409380821148  -0.230406391895202453210469625315
 169  -0.261373244738361771460877551508  -0.227698060076089497746795159622
 170  -0.406493574629241323013635736166  -0.227698060076002464568451471987
 171  -0.479053696928923172927010799470  -0.227698060076002463906991659593
 172  -0.333933452309703757522969792071  -0.227698060076000412963636529558
 173  -0.188813093572555462345542419390  -0.227698056622688067485966589661
 174  -0.116251556110491467338531907824  -0.227695631964317323017058748093
 175  -0.043657115496272668208108070865  -0.227636081842347121969442259337
 176   0.028903029875065799038408397513  -0.227636048081023544962869168727
 177   0.442773633842861607756231811505  -0.209462910348242698345665112810
 178   0.297653373508242717062881712882  -0.209462868567247650606633837211
 179   0.370213491573584049957912145848  -0.209462864422933859147015547154
 180   0.152534752899115496647574220863  -0.209460131155911215709423514936
 181   0.225094891779691277690087225829  -0.209460026752207299412801554475
 182   0.080018147442396699908115258775  -0.209384938505945353364215439885
 183  -0.442773635779082239150929203492  -0.206751757004925730679460408591
 184  -0.370213513463037686984411898532  -0.206751757004925425280108026772
 185  -0.297653319461560815849828244795  -0.206751757004870906958934518734
 186  -0.225093167539060628866161571692  -0.206751754610204180683143071118
 187  -0.152531619145346235730956127257  -0.206749321918006544305295329420
 188  -0.079937174847016141937495361983  -0.206689775651024621070306548711
 189  -0.007376615534896619172332433910  -0.206689024943825691352260405905
 190   0.479053696928923266386126800435  -0.188516610630799032227531267890
 191   0.406493575965727800524623389025  -0.188516601608671818047895910754
 192   0.333933418598883062794695454520  -0.188516537653399593108598710209
 193   0.188814802233120154275021432038  -0.188513770016122506600118656648
 194   0.261375047959327521965499687395  -0.188513555923982981027140885831
 195   0.043728867344346301888537093680  -0.188454611242693168297638026785
 196   0.116298547065237442857878671958  -0.188438051397597587829972577557
 197  -0.261373238781768364412167286690  -0.185805453933936453994791669626
 198  -0.406493574616059867332614114801  -0.185805453933848996979892987341
 199  -0.479053696928923266386126800435  -0.185805453933848996679245260463
 200  -0.333933449342490896743071392602  -0.185805453933847038774605155737
 201  -0.188813089499160806606691313061  -0.185805450473972941172461132181
 202  -0.116251553968352933540045401343  -0.185803025822163910557419666190
 203  -0.043657111896243690184046660348  -0.185743475699253126650984434602
 204   0.442773639602374341727074744826  -0.167570300937587721790808426223
 205   0.370213493781296910959801069478  -0.167570258280011241855973283014
 206   0.225094890361460701687645010284  -0.167567417877225151672380278870
 207   0.297655107832208245412684869616  -0.167567197613456820767754620142
 208   0.007449221935192388316297982763  -0.167507588104126395532632625449
 209   0.080018148680947659174154763073  -0.167492332363791904445290333606
 210   0.152582865724928554788150854936  -0.167484330676291977186437815407
 211  -0.442773635779082355257633595620  -0.164859150862772263261406148726
 212  -0.370213511809022230389100077871  -0.164859150862771987208896099267
 213  -0.297653385907188568801468604627  -0.164859150862769931291184366415
 214  -0.225093162132351042158127655136  -0.164859148457623331151728009474
 215  -0.152531619794820320698085918518  -0.164856712968306942348975174584
 216  -0.079933374171309913233272045520  -0.164790585159207402475077693427
 217   0.406493579838169828451753778915  -0.146623995466518529799313624397
 218   0.479053696928404820709723838097  -0.146623991243474224659038353907
 219   0.261375025352446708010766825183  -0.146620931486929774671236529553
 220   0.333935184429649618991362758590  -0.146620921298431728138288238019
 221  -0.028831274426937643793990765418  -0.146562038860932415388604997689
 222   0.043729283777300148413605714951  -0.146561285247425647047931514198
 223   0.116298521346921970076078612824  -0.146545442580315115587016704174
 224   0.188867700758681152707225531645  -0.146529798482506883416536394365
 225  -0.261373324343456197044279659763  -0.143912847791870362596564384996
 226  -0.406493574629241444245377421234  -0.143912847791695529642238594563
 227  -0.479053696928923266213620910621  -0.143912847791695529451498861334
 228  -0.333933450325460559695770317603  -0.143912847791693578487789095311
 229  -0.188813091485380133579699963957  -0.143912844315041449774393389520
 230  -0.116251552996890359906162005200  -0.143910419680010454593469183326
 231   0.442773637162975232249597196792  -0.125677685770254265618674856802
 232   0.370215296386123533899302782141  -0.125674613634240556869312381737
 233   0.297655134798478844714820774315  -0.125674577073588868492155714202
 234   0.007449222801303661584170453845  -0.125614981874683159336062454960
 235   0.080018122452904721952228179924  -0.125599723080991165299138843142
 236   0.152582890157289297165599111139  -0.125591720656142608170607304265
 237  -0.065096499569971589164253900594  -0.125590060062863479590893047201
 238   0.225147855453001467883252161293  -0.125583284030977302783282078243
 239  -0.370213513479400673503270223959  -0.122966544720618553068046226791
 240  -0.297653387362012892453782014394  -0.122966544720616425429670903455
 241  -0.442773635734357203297968368162  -0.122966544643152560418531363434
 242  -0.225093263100942646507201164052  -0.122966542216493655680033599717
 243  -0.152531620232106321627430587812  -0.122964106665041009239295176452
 244   0.479053696928334206869966201408  -0.104731380300807949154913597157
 245  -0.101425647400508120810231076343  -0.104729008620315881468766505659
 246   0.333935232584431174508048739211  -0.104728315156305937429147433273
 247   0.406495353305125407903562034893  -0.104728303235137361637965002312
 248   0.043729277187021973347121253165  -0.104668640685491931917192122545
 249   0.116298542931904737703826986447  -0.104652835674783336513666397685
 250  -0.028816438368226964584216223897  -0.104643757081686615229853869783
 251   0.188867674594697557451168383827  -0.104637180416474832265154457827
 252   0.261428631399465016390473822477  -0.104635775590602147687168838842
 253  -0.261373325942931972341516850064  -0.102020241649716925903117368932
 254  -0.479053696928923266204683875576  -0.102020241649542062223752462205
 255  -0.333933452329560721856303259379  -0.102020241649540157779454743322
 256  -0.406493574584352931413760982916  -0.102020241571792391356692956540
 257  -0.188813202481197004264172165191  -0.102020238156536821668006541316
 258  -0.137705704921711797172703150276  -0.083782699264256352415040307690
 259   0.370215291602970232212944696010  -0.083782000643522517041179171651
 260   0.442777155443745023037324437622  -0.083778982160783865467424806263
 261   0.080018144827502219447822711645  -0.083707115131169095379947627151
 262   0.152582864342653245218123355368  -0.083699099850138902631196947940
 263  -0.065096496648568494258276164806  -0.083697449018153615198443959158
 264   0.007463608389752418406529727536  -0.083697429083194276382381102422
 265   0.225147874355980666584478856078  -0.083690677888828100301221040066
 266   0.297708766203130080784094762472  -0.083689456277886317973077707198
 267  -0.297653391179719995765564712417  -0.081073938578463103866823245722
 268  -0.370213513434414888200271550477  -0.081073938500544094304517126415
 269  -0.225093264456632198767305376981  -0.081073936044850159109169975940
 270  -0.442773634145130764143209861244  -0.081073935748377904496865995544
 271  -0.173987192292094836481035820105  -0.062838866673865203572207567370
 272  -0.101425643729007512344582089069  -0.062836396266791794222807417596
 273   0.406495352498393115276832249725  -0.062835696182541187029414394217
 274   0.479053696594788667730024200614  -0.062826581469822795180018459204
 275   0.116298513520251647904395744792  -0.062760224910999560194563841362
 276   0.043743673590707328438629463672  -0.062751133028854383328825674100
 277  -0.028816450559632016897630858546  -0.062751119851513191896840534129
 278   0.188867780538855441618833487736  -0.062744411377022589159647827761
 279   0.333988822977797658704155814144  -0.062743145628788907251720801464
 280   0.261441396904160915790358273599  -0.062721185640712081373053591884
 281  -0.261373330029776727609064490162  -0.060127635507563658022005039097
 282  -0.479053696928923264358269092935  -0.060127635507388594996006063075
 283  -0.333933452284550278033171389614  -0.060127635429425617993822464521
 284  -0.406493569501499736652732191281  -0.060127626625878075396776362695
 285  -0.210267254039903506362850441515  -0.041892564638499043744362393174
 286  -0.137705671089708365104205369000  -0.041890034670620397140498882473
 287   0.442773740691371506459501603881  -0.041880014090233582643332873935
 288   0.152582879650070535091211506702  -0.041806486626637900526251871828
 289   0.007463613901232780969676179603  -0.041804822483190082352066142167
 290   0.080023718919953877912971006311  -0.041804802555728307922772585471
 291   0.225147957354261928029838820360  -0.041798071746756851814760219991
 292   0.370268883598392061287994130164  -0.041796841641030358050856804858
 293  -0.065089264294063062357897326008  -0.041792261342539483772416413335
 294   0.297723243134798740581391593151  -0.041771777816217928119746008539
 295  -0.297653391134598688392991226608  -0.039181332358511798254594094944
 296  -0.442773633989945752314363486693  -0.039181329337436064529052257293
 297  -0.370213508351534298827191414047  -0.039181323554584841949441292118
 298  -0.246547317188123043085667584516  -0.020946265028716003925591380450
 299  -0.173987192073283330714844584849  -0.020946260308798605070519621422
 300  -0.101425604771414615511214530802  -0.020943740547554111751779688223
 301   0.479053687534403228508808707546  -0.020933285279414878357720214913
 302   0.043743658646319478139712940374  -0.020858490973644228961599338991
 303   0.188867877146879554377250481385  -0.020851801684344877078802581810
 304   0.116308087762403603823735953117  -0.020851058192767750806108027571
 305  -0.028809198792085044871588115464  -0.020845961740555921640730241720
 306   0.406545395019773169677791487137  -0.020844391462686050543588923677
 307   0.261441388816749789055897206866  -0.020828579497471963646239316824
 308   0.334012062960465171697547737527  -0.020810335557498200545497481818
 309  -0.479053696928923264090482820320  -0.018235029365235127768259663946
 310  -0.333933447201562451165357701391  -0.018235020483635493701848530254
 311  -0.406493568327841552308604980994  -0.018235018450888196367442075776
 312  -0.282827378292944215813936696324   0.000000038120337203551374269890
 313  -0.210267253840886210087742926918   0.000000041692402402962881755338
 314  -0.137705609230631390146754580618   0.000002660990926407837037041911
 315   0.080023724782258080490407728083   0.000087803586424749129841154970
 316   0.225147951188120123855385780745   0.000094537991019504560420045849
 317   0.152590292767886735884714653921   0.000098790694073701858340853488
 318   0.007470846837871453364193228408   0.000100371411813266189498149129
 319   0.442825275695811963649728326627   0.000102224195075498934632303103
 320  -0.065087932006594358254720185566   0.000102644413368135177439576771
 321   0.297723266200326856064667834631   0.000120830485738520250161898005
 322   0.370288559350017343855679539689   0.000142141707618721254134525971
 323  -0.442773633935235720691038584442   0.002711276899477958727582441049
 324  -0.370213503978144453616729078949   0.002711290162198473475789278426
 325  -0.246547317098083406187876970183   0.020946341113437463205394074932
 326  -0.173987180835810484707070092492   0.020946347688933618722082149622
 327  -0.319107434359894363083201484506   0.020946349995236522438931725251
 328  -0.101425541742378987958554667985   0.020948955888820482367029022128
 329   0.116308184671314325495138295146   0.021041547949273628181706413418
 330   0.043750914604017686591931912606   0.021046667474060117012924411666
 331  -0.028807886367825892497598258330   0.021048977581046039170435854399
 332   0.188878097339517404149715248784   0.021058511461001368661067826244
 333   0.261441413214058293995679021717   0.021064030100704398658216903529
 334   0.334004184478249896759757350884   0.021082847130229959580346195660
 335   0.406568345858396843553426677594   0.021088921880892253140731098919
 336   0.479053696692523380940466183367   0.021137717095045944468164691117
 337  -0.479053696928923256911851879679   0.023657576776918339459486735183
 338  -0.406493567849559125854886578487   0.023657588519509543023729490806
 339  -0.210267242633812058564821037607   0.041892649637961849169839767511
 340  -0.282827376872458548624957505142   0.041892659409784383528431734977
 341  -0.355387491136399991484951372177   0.041892660641150337874499895078
 342  -0.137705504688155215185772173495   0.041895431400540405506518272159
 343   0.152590293933565678393737684156   0.041991399713683725678962086834
 344   0.080031050229225445481739225164   0.041992919409209207603312708642
 345   0.007472182674157663149108645553   0.041995273051434565047414682221
 346   0.225158162345451485504135787707   0.042004808268150874884241873147
 347  -0.065081863204443239832259089336   0.042005818657370358757567993181
 348   0.297717349955279725729534033449   0.042017476163574739772834753278
 349   0.370285845338359207433408131189   0.042034748571770462539546362130
 350   0.442796876870279849253751665964   0.042124226727135837700831763524
 351  -0.442773633785444194785370894744   0.044603883301072524181076479438
 352  -0.246547306932267697419054474188   0.062838947255589696995804611288
 353  -0.173987171436841972266245727230   0.062838954882181967189156128804
 354  -0.391667555005652128577224092727   0.062838959002067955139708431135
 355  -0.319107433706510086999180707351   0.062838970155370035416057413959
 356  -0.101425438079808639790484521031   0.062841728733977883209864419519
 357   0.043752306197785260966601708060   0.062941503630650941987832192941
 358   0.116317359034083380568100271809   0.062950041776151881687098537556
 359   0.188878118356608897047942971045   0.062951141477714226321753177821
 360  -0.028801792615826860964093473539   0.062952113606327055047918365540
 361   0.261437451028890702127708752478   0.062965415339221875859410672900
 362   0.334002857568572241958865589235   0.062976121002108303117753041235
 363   0.406515491525429589349883458599   0.063068247297865008362020943841
 364   0.479053695318499939550374430987   0.063110738752179581272402734741
 365  -0.479053696928923266386126800435   0.065550182919071806687233134313
 366  -0.427947620937928599974196155625   0.083785253789721130407296923362
 367  -0.210267233350491501636080096764   0.083785256691347539904148818516
 368  -0.282827370970893260351985592377   0.083785270480403850789506554327
 369  -0.355387494132867780457777889785   0.083785274833439313421306756788
 370  -0.137705486519256985653534965882   0.083788060331006095290438000129
 371   0.080032370360247927496806267649   0.083887808649864135332889123175
 372   0.007478341642681531128167729616   0.083898362766424906421016392415
 373  -0.065081706411172252907064162028   0.083898671900803537528833518264
 374   0.152602719324828621051403366582   0.083905518283583284000352393418
 375   0.225153717018577433661938369653   0.083905575223644845014464477911
 376   0.297719912651381350781112225412   0.083917648115775358495544471127
 377   0.370232810581866591120151500658   0.084010186924828766911769718453
 378   0.442771611708000000000000000000   0.084056603619000000000000000000
 379  -0.246547298183472765940985417934   0.104731553397742250680329405505
 380  -0.464227684087100095861683237739   0.104731553397855328222756120680
 381  -0.173987165376599337119279006066   0.104731561200590230079776240934
 382  -0.391667560302248044725202960894   0.104731569269396577837128404844
 383  -0.319107429855850738577425132894   0.104731578635203823413400081557
 384  -0.101425415024080715355811313373   0.104734345483426146200534265170
 385   0.116317365052808402603553156667   0.104842651124149013566057536854
 386   0.043758408768308019500772462371   0.104844673708546509897894778244
 387  -0.028801584050658802983480215088   0.104844900453290921882727136186
 388   0.188878194536131869852177296172   0.104859763498829971196886367384
 389   0.261442349441866891158470090557   0.104868496721405720783654260858
 390   0.333951856109000000000000000000   0.104956414400000000000000000000
 391   0.406488427609000000000000000000   0.105003403541000000000000000000
 392   0.479052847250000000000000000000   0.105003940101000000000000000000
 393  -0.427947626771454479320429982864   0.125677863169532310083636385837
 394  -0.210267227285528941677954165145   0.125677863310110406496542581093
 395  -0.355387488243517766247407171265   0.125677886745113441658340997457
 396  -0.282827482345221129957641934986   0.125678079166405622635683329383
 397  -0.137705437377783074385618795733   0.125680728907932239818477177287
 398   0.007478479600495898995075521715   0.125791206199812426521168797249
 399   0.080039779086305615314164181966   0.125793241563735549532269567955
 400  -0.065078214910066651678224229684   0.125797143838471721596697391955
 401   0.152594051493000000000000000000   0.125800644444000000000000000000
 402   0.225157623315890732439568548855   0.125807162944300036316775820177
 403   0.297672633696000000000000000000   0.125905224967000000000000000000
 404   0.442769394223000000000000000000   0.125951760561000000000000000000
 405   0.370203388871000000000000000000   0.125954790014000000000000000000
 406  -0.479053696928923266386126800435   0.143912923876638849758279107046
 407  -0.246547292507364588090249875936   0.146624159539895333374777287246
 408  -0.173987156257242934678982215616   0.146624167342899650022349262789
 409  -0.391667557274236290488714218350   0.146624176348864370075245388232
 410  -0.319107544664009411507310327829   0.146624393913448578235039982587
 411  -0.101425285726599395615214346524   0.146626951625380081336401012263
 412   0.043758541994719767005557983554   0.146737508114122248326898399293
 413  -0.028798015474587550241038337728   0.146743685390058177845975922392
 414   0.116314635653718074085597411959   0.146748557602549421495755164772
 415   0.188884721739000000000000000000   0.146766835552000000000000000000
 416   0.261391549752000000000000000000   0.146851483067000000000000000000
 417   0.479051848697000000000000000000   0.146899795756000000000000000000
 418   0.406486107680000000000000000000   0.146902470352000000000000000000
 419   0.333921370843000000000000000000   0.146907532369000000000000000000
 420  -0.442773639641765289712228220699   0.164859233638077254555606954647
 421  -0.210267220380552668370065113606   0.167570469544160038427186747792
 422  -0.282827481516813197107208068457   0.167570694392039570972257438427
 423  -0.355387621160282621415871620573   0.167570715986211818516655531919
 424  -0.137705300483730550499484836472   0.167573335050781709295993327102
 425  -0.065078192010206112697109964947   0.167689789008007368550157262256
 426   0.007482046810604285498843391796   0.167689987215444967112941328290
 427   0.080033899495929825143534805004   0.167693974849535375886218348894
 428   0.152600019673000000000000000000   0.167705809460000000000000000000
 429   0.225114879837000000000000000000   0.167804735301000000000000000000
 430   0.442769274117000000000000000000   0.167849312164000000000000000000
 431   0.297636257298000000000000000000   0.167860379806000000000000000000
 432   0.370076890981000000000000000000   0.168071444939000000000000000000
 433  -0.406493581788617039941070086594   0.185805542419192136665649672296
 434  -0.479053696928279123081370810798   0.185805543400918312990244304598
 435  -0.246547286029562382928915403070   0.188516765682048299775226539898
 436  -0.173987015381753207212926542032   0.188516773484816250826237156518
 437  -0.319107558569077455824028375907   0.188517019787269741629278212357
 438  -0.101425239462836389814694193580   0.188519638345200764365621462593
 439   0.043757727886810658012312720730   0.188647073118479030809622287812
 440   0.116322118977815994531500962447   0.188656233572704451136772080979
 441  -0.028784171464608668372274877229   0.188660248974519932318262984090
 442   0.188835187396000000000000000000   0.188753166534000000000000000000
 443   0.479051242732000000000000000000   0.188797515307000000000000000000
 444   0.406485422056000000000000000000   0.188799804940000000000000000000
 445   0.261358105737000000000000000000   0.188815783736000000000000000000
 446   0.333785978229000000000000000000   0.189036467215000000000000000000
 447  -0.442773639056899220946025702915   0.206751852213675571484479090853
 448  -0.370213655676696132622534049244   0.206752079381066142944129498321
 449  -0.210267077033766788752141275255   0.209463075686104380841702462865
 450  -0.282827474714483458864523658261   0.209463329817114166893927719915
 451  -0.137705245525536270650873063566   0.209466037267832429473882467619
 452  -0.065078161439865367977684457538   0.209582408877857393777516328128
 453   0.080038856035866201249203349007   0.209597055563113855374613558045
 454   0.007490585326048408629955699772   0.209615737368247588852891816531
 455   0.152556746454000000000000000000   0.209703061570000000000000000000
 456   0.442767784679000000000000000000   0.209748961973000000000000000000
 457   0.225077422827000000000000000000   0.209766201528000000000000000000
 458   0.370076057753000000000000000000   0.209968809652000000000000000000
 459   0.297243265391000000000000000000   0.210434349644000000000000000000
 460  -0.479053696865271224600413453647   0.227698161164508876874990382467
 461  -0.333933594625240848146043741680   0.227698382622551779533497816682
 462  -0.406493713025873955023609461526   0.227698389599686019575095492818
 463  -0.246547142186506886105626006047   0.230409371823954816209979620033
 464  -0.173987015473817818943590642485   0.230409380798426512695214254167
 465  -0.101425172731109095143110463391   0.230412320937770486412518226059
 466   0.043770117026617034974818644559   0.230562958356842579383256079050
 467  -0.028788747696000000000000000000   0.230565640168000000000000000000
 468   0.116277555211000000000000000000   0.230652319660000000000000000000
 469   0.479051827338000000000000000000   0.230698019007000000000000000000
 470   0.406483478421000000000000000000   0.230699121035000000000000000000
 471   0.188798480520000000000000000000   0.230716392912000000000000000000
 472   0.333781710062000000000000000000   0.230933769927000000000000000000
 473   0.260963372531000000000000000000   0.231384558394000000000000000000
 474  -0.297653532767270933897321970401   0.248644684467113053354743952588
 475  -0.370213654519838452403064914130   0.248644697504575488782124706690
 476  -0.442773774834422915991040357442   0.248644705449506381684893486041
 477  -0.210267077519918691435500959076   0.251355682549133223671557950722
 478  -0.137701233512809239506163741008   0.251365552107759915043735660337
 479  -0.065090715381919227943117955014   0.251475014919401624424558432325
 480   0.007491424746000000000000000000   0.251514022443000000000000000000
 481   0.080003713715000000000000000000   0.251610045696000000000000000000
 482   0.442767145483000000000000000000   0.251647873490000000000000000000
 483   0.152519581684000000000000000000   0.251665929062000000000000000000
 484   0.370070427113000000000000000000   0.251868474284000000000000000000
 485   0.224682604988000000000000000000   0.252335196005000000000000000000
 486   0.297242168953000000000000000000   0.252336669659000000000000000000
 487  -0.261373298654662157010536623697   0.269590687955031526532215847965
 488  -0.333933594750412240387176911249   0.269591003130369330618647674065
 489  -0.406493714961208429552357752767   0.269591011503008052937662418746
 490  -0.479053696265072653526799570504   0.269591251217303958936478729302
 491  -0.173986990376643075825719030259   0.272301987241659835221168521499
 492  -0.101427485977132850884851947408   0.272322787553492337818414124529
 493  -0.028771609615000000000000000000   0.272490441288000000000000000000
 494   0.043730954592000000000000000000   0.272569759035000000000000000000
 495   0.479051223680000000000000000000   0.272597666660000000000000000000
 496   0.406480572261000000000000000000   0.272597851425000000000000000000
 497   0.116245784192000000000000000000   0.272624245894000000000000000000
 498   0.333781639585000000000000000000   0.272833099630000000000000000000
 499   0.188403983974000000000000000000   0.273285139829000000000000000000
 500   0.260960484112000000000000000000   0.273291517023000000000000000000
 501  -0.225093222304868891471913287768   0.290537003132647488405284522739
 502  -0.370213655142615408960984030680   0.290537317134481738973858351777
 503  -0.297653597599931066974246484275   0.290537417110177486634260855983
 504  -0.442769889661163423294928560281   0.290544045485922839044660010567
 505  -0.137712689074337918349949624968   0.293260185516357664513251824476
 506  -0.065093538384886884386690214815   0.293367622462909544754079733487
 507   0.007456848502156665621013263407   0.293526802893716101652502280154
 508   0.442763768655000000000000000000   0.293546338162000000000000000000
 509   0.079972718923000000000000000000   0.293583984574000000000000000000
 510   0.370072333509000000000000000000   0.293767560267000000000000000000
 511   0.152129740058000000000000000000   0.294243090683000000000000000000
 512   0.224677449317000000000000000000   0.294244672540000000000000000000
 513   0.297213630423000000000000000000   0.294287759883000000000000000000
 514  -0.261373290449070610626355581384   0.311483294097184190136855133437
 515  -0.188813157417339932302982174105   0.311483299815676769094718654428
 516  -0.333933663409025390607711840479   0.311483740496093069268218799526
 517  -0.479053696128900413313152698243   0.311483862813456682076653402906
 518  -0.406489816325898362736807907101   0.311490373993999266520701516339
 519  -0.101430293510631377630515235211   0.314215422879147901183503765097
 520  -0.028864326686045626583498384843   0.314401756024301764030432184770
 521   0.479050871583000000000000000000   0.314495040917000000000000000000
 522   0.406481694732000000000000000000   0.314496811873000000000000000000
 523   0.043698269412000000000000000000   0.314540544940000000000000000000
 524   0.333783229266000000000000000000   0.314730616503000000000000000000
 525   0.115856945632000000000000000000   0.315202885268000000000000000000
 526   0.188399059473000000000000000000   0.315210142032000000000000000000
 527   0.260924227851000000000000000000   0.315255259961000000000000000000
 528  -0.297653643599884721963009258106   0.332430115171199859439552628304
 529  -0.225090778615183271992729882273   0.332433829716960381220181702063
 530  -0.370209793077530525263584847751   0.332436851777833447816477169116
 531  -0.442769039339218117228899937960   0.332438133036989606011128980590
 532  -0.152497679648904159151310771521   0.332457054545682929209010099905
 533  -0.065196923700140614725486141083   0.335260101748933634192308153581
 534   0.442765446267000000000000000000   0.335444404263000000000000000000
 535   0.007423366854000000000000000000   0.335497041556000000000000000000
 536   0.370072509073000000000000000000   0.335670105477000000000000000000
 537   0.079582174751000000000000000000   0.336159331600000000000000000000
 538   0.152122371035000000000000000000   0.336175761877000000000000000000
 539   0.297214980566000000000000000000   0.336186435253000000000000000000
 540   0.224506971893000000000000000000   0.336455176567000000000000000000
 541  -0.261373283385837852381930864106   0.353375900239337061922331507049
 542  -0.188793579093483130674401790535   0.353375901510212631968558801132
 543  -0.479053695124590853424324117581   0.353376477379138159478326137300
 544  -0.333929753548035275273216718626   0.353383260656200829839786505074
 545  -0.406489052437097492321098812913   0.353384565213579111733303004187
 546  -0.116216773214789527225031679417   0.353411735913326749694676018876
 547  -0.028942880094148884877443757357   0.356294300253445814221207953947
 548   0.479051827328000000000000000000   0.356392066742000000000000000000
 549   0.406482853637000000000000000000   0.356394373142000000000000000000
 550   0.333785351988000000000000000000   0.356630031076000000000000000000
 551   0.043311340355000000000000000000   0.357122543182000000000000000000
 552   0.115843738085000000000000000000   0.357138408734000000000000000000
 553   0.260933505029000000000000000000   0.357151882306000000000000000000
 554   0.188230481498000000000000000000   0.357421412055000000000000000000
 555  -0.225082875901105192729206411360   0.374326435353461842319584365056
 556  -0.370209047359311538891804739888   0.374330965404003714706083443350
 557  -0.297659237994549742707921454954   0.374346111961900655774145280912
 558  -0.152501652082186304060589788766   0.374349698369438074524380347579
 559  -0.442733787956146401231913052010   0.374391936527201011034396452274
 560  -0.078704475253237109679231827991   0.374915325233407556791246618092
 561   0.442766284174000000000000000000   0.377343192656000000000000000000
 562   0.370074867879000000000000000000   0.377567415170000000000000000000
 563   0.006941385125000000000000000000   0.377912997051000000000000000000
 564   0.297226016645000000000000000000   0.378083427751000000000000000000
 565   0.224505434501000000000000000000   0.378379957242000000000000000000
 566   0.151950422757000000000000000000   0.378384118356000000000000000000
 567   0.077189979353000000000000000000   0.381765376942000000000000000000
 568  -0.261365380523304366874846277329   0.395268505636069767227403673529
 569  -0.188800372187137267350690420672   0.395268507211065388290018108181
 570  -0.479053692722257791994909307830   0.395269095457258013134113800080
 571  -0.115306107402988069088012817635   0.395294513583631738007704294908
 572  -0.333953099147892804211782414891   0.395318977903345262938716369841
 573  -0.406453775727537086312039535151   0.395338347795691141773332759241
 574  -0.042471344296982776647441747181   0.395942716209944154678347928267
 575   0.479051827338000000000000000000   0.398293509211000000000000000000
 576   0.406485172618000000000000000000   0.398294035469000000000000000000
 577   0.333796156421000000000000000000   0.398527254723000000000000000000
 578   0.115487200048000000000000000000   0.399031017783000000000000000000
 579   0.260947606310000000000000000000   0.399049115430000000000000000000
 580   0.188174549141000000000000000000   0.399432423363000000000000000000
 581   0.040727407661000000000000000000   0.402846947706000000000000000000
 582  -0.225069406771327696172231045950   0.416233902355919035104589608472
 583  -0.297657714861802985875321859389   0.416238718076365067836196008930
 584  -0.152465915714986769171531337007   0.416242289357801986654691360726
 585  -0.442715742288597014314283289969   0.416315967020396054087462778616
 586  -0.370482165566015486567975533567   0.416810404367410532328809043701
 587  -0.079190225287000000000000000000   0.416830737199000000000000000000
 588  -0.005954753642000000000000000000   0.417771593984000000000000000000
 589   0.442643978008000000000000000000   0.419456876663000000000000000000
 590   0.151783862692000000000000000000   0.420316891594000000000000000000
 591   0.367378648074000000000000000000   0.423579161135000000000000000000
 592   0.233287145514000000000000000000   0.430873372313000000000000000000
 593   0.068698507557000000000000000000   0.434056450044000000000000000000
 594   0.283211969689000000000000000000   0.434541414628000000000000000000
 595  -0.188761838261299682668936640486   0.437161095630953624553160222749
 596  -0.261363860115847159984297476235   0.437161111750633176810520740148
 597  -0.479053692714021434191152506761   0.437161711505328632972822183296
 598  -0.116179751693518679390394808205   0.437178018413444894406429114800
 599  -0.333907337678410986198480820953   0.437237653645465875803701416992
 600  -0.406743654036829620121170989412   0.437788882201668015068241355701
 601  -0.042731156323000000000000000000   0.437834724031000000000000000000
 602   0.324819099615000000000000000000   0.439458320852000000000000000000
 603   0.405843965874000000000000000000   0.440184900742000000000000000000
 604   0.479051010666000000000000000000   0.440190094851000000000000000000
 605   0.110081260488000000000000000000   0.440575656544000000000000000000
 606   0.192658205690000000000000000000   0.441106312344000000000000000000
 607   0.027708488349000000000000000000   0.442707614574000000000000000000
 608  -0.225030869898709034359052373257   0.458126490773096639498660997894
 609  -0.152160864793557619416934290919   0.458633787086125295361782174946
 610  -0.298081768593379683858855915495   0.458952233346418029379059773029
 611  -0.076349977065000000000000000000   0.462830489119000000000000000000
 612  -0.440041254757481077221496628879   0.463210549941209167191356835211
 613   0.255791549626000000000000000000   0.466217281042000000000000000000
 614  -0.376522544039000000000000000000   0.466800734257000000000000000000
 615   0.380009875357000000000000000000   0.473175301225000000000000000000
 616   0.296909654798000000000000000000   0.474253411803000000000000000000
 617   0.132225700814000000000000000000   0.476138408053000000000000000000
 618   0.006647021926000000000000000000   0.479037153441000000000000000000
 619   0.463391182091000000000000000000   0.479051253605000000000000000000
 620   0.421494605568000000000000000000   0.479051827338000000000000000000
 621   0.338528208913000000000000000000   0.479052243446000000000000000000
 622   0.215911779321000000000000000000   0.479052262622000000000000000000
 623   0.174017467128000000000000000000   0.479052487302000000000000000000
 624   0.090434160908000000000000000000   0.479053166246000000000000000000
 625  -0.035245860234000000000000000000   0.479053456620000000000000000000
 626  -0.336461551270000000000000000000   0.479053487746000000000000000000
 627   0.048541089944000000000000000000   0.479053512388000000000000000000
 628  -0.114974318625000000000000000000   0.479053561701000000000000000000
 629  -0.478822523788099096904221318193   0.479053691229671588020136272468
 630  -0.188739789838902723816943117355   0.479053696928585317248782254885
 631  -0.261321949958320466951657232355   0.479053696928923266386126800435
